-1.641729812268008200e-05
-4.114454970138014275e-05
-5.015439968937611360e-04
-4.576639011626556049e-05
-2.794353740652400904e-05
-2.142959866650956890e-05
-2.020729186112501833e-05
-1.999308781980168283e-05
-2.013408784029593044e-05
-2.250383449084855165e-05
-2.445037671558307298e-05
-2.726218146756746152e-05
-2.984327694540699500e-05
-3.280123064280034985e-05
-3.610038268489013449e-05
-3.890577509668921856e-05
-4.291743855826959069e-05
-4.542543918968987131e-05
-4.956405741216084269e-05
-5.347888492955323150e-05
-5.724872790641389399e-05
-6.113916822549626232e-05
-6.377815964387189142e-05
-6.899149530849119311e-05
-7.437261722796983747e-05
-7.823010452512602346e-05
-8.219792758443951485e-05
-8.407141924142937550e-05
-9.027634000745087895e-05
-9.313974485836119203e-05
-9.857368319616835960e-05
-1.021959727299684119e-04
-1.069286186201728455e-04
-1.096242117619121431e-04
-1.128047134703344883e-04
-1.142265421732714073e-04
-1.193467813155572475e-04
-1.216473070168148127e-04
-1.311723262909112657e-04
-1.365132038874881904e-04
-1.423901952387240293e-04
-1.448770654634198569e-04
-1.439307168933986612e-04
-1.495113658439819657e-04
-1.528150669510671062e-04
-1.581801904310945926e-04
-1.612794776665881532e-04
-1.649100462507998395e-04
-1.704998001954957296e-04
-1.670357115445545890e-04
-1.690639729815442149e-04
-1.700338840960257617e-04
-1.809894963085680530e-04
-1.834317508424386652e-04
-1.871006532370766756e-04
-1.868052506794175293e-04
-1.921820451997806832e-04
-1.951530822845093860e-04
-1.952119387427254655e-04
-1.932122568598531361e-04
-1.945220563498393238e-04
-1.965990762512629731e-04
-1.956217391254345115e-04
-1.934015343670664926e-04
-1.978778907530916241e-04
-1.998416879246730908e-04
-2.025274813132373747e-04
-2.032156002466515080e-04
-2.058995270714202562e-04
-2.111782834116324766e-04
-2.077367556822680677e-04
-2.066884215045631428e-04
-2.016258925176847398e-04
-2.008111219248487833e-04
-2.003613639818552911e-04
-1.983453447817956150e-04
-1.970830896526429179e-04
-1.953625238265811824e-04
-1.946399900657059645e-04
-1.919923783496550599e-04
-1.924291047282040653e-04
-1.915527635634851433e-04
-1.920625494428186675e-04
-1.900113799393025611e-04
-1.819924903193655824e-04
-1.751945946409830908e-04
-1.667866753994718494e-04
-1.664756845430786559e-04
-1.614425460351123927e-04
-1.597246144200818198e-04
-1.500784357611735325e-04
-1.447182344943819530e-04
-1.357140496912310243e-04
-1.316591948467075155e-04
-1.224762831666459720e-04
-1.141193682358835677e-04
-1.053928752656865309e-04
-9.746733515022925883e-05
-8.959499567445027382e-05
-7.889365880686819495e-05
-6.965426925742829168e-05
-5.943447690226315045e-05
-5.069271910206844795e-05
-4.043044913029937549e-05
-2.971955487637563224e-05
-1.801938019179877710e-05
-6.703573686143696721e-06
5.229686148229554640e-06
1.788130423659491520e-05
3.040924167857850650e-05
4.498387241652192437e-05
5.793579482799103548e-05
7.231034366736667680e-05
8.369195315364785564e-05
9.831466058060942632e-05
1.099174119175854342e-04
1.273746556372348554e-04
1.405443331069766418e-04
1.515506371295825426e-04
1.595479546566269528e-04
1.734543283035553990e-04
1.903162945572290570e-04
2.021705539045658476e-04
2.114578509261677900e-04
2.171846152223550885e-04
2.245012669335034290e-04
2.281612120082642968e-04
2.370985123727358044e-04
2.435993321326798894e-04
2.475043648037094377e-04
2.531731353236888696e-04
2.516754726212296197e-04
2.552788099853165620e-04
2.548751632025637154e-04
2.570784135475011421e-04
2.514086239953367409e-04
2.440404141702431603e-04
2.435725184394121467e-04
2.394612663327511852e-04
2.341955775159290437e-04
2.232122868707260164e-04
2.105788423361846650e-04
1.954402079552653793e-04
1.788321730391948959e-04
1.567530599812496847e-04
1.372609064362045482e-04
1.143699059891836473e-04
9.218127892713117897e-05
6.464323997436569383e-05
3.353912422543563470e-05
1.451100392106183531e-06
-3.225869913963063079e-05
-6.884676355686757934e-05
-1.065785603083569847e-04
-1.491978548269868123e-04
-1.943774064239616232e-04
-2.387279066148676181e-04
-2.842323806603248067e-04
-3.246359790941960566e-04
-3.775599670171752870e-04
-4.162637777243176134e-04
-4.734684951059195878e-04
-5.229818680563102628e-04
-5.848582833616884462e-04
-6.357853922505003492e-04
-6.835222664172770123e-04
-7.219910930357993943e-04
-7.761628231938330321e-04
-8.257325382832670551e-04
-8.604064596378356881e-04
-9.166185169088239158e-04
-9.585865119196115055e-04
-1.065470595132933605e-03
-1.092405631597985569e-03
-1.145458844185792257e-03
-1.162778668773063783e-03
-1.212700556322276807e-03
-1.277977602272628273e-03
-1.335812681780975666e-03
-1.372979196191012087e-03
-1.387449199057263528e-03
-1.423206965432321754e-03
-1.463585903813653796e-03
-1.476177266532359509e-03
-1.488684283950571490e-03
-1.482220856582401819e-03
-1.537585166347950555e-03
-1.575181902884234975e-03
-1.600146248032615270e-03
-1.601699409423628729e-03
-1.583190959096611537e-03
-1.586706970067369542e-03
-1.589372646079366793e-03
-1.572011139775769195e-03
-1.570476061954758718e-03
-1.541720989725042920e-03
-1.568377493824796081e-03
-1.553333038393215314e-03
-1.532935835087191698e-03
-1.430587597567756003e-03
-1.377073233584128311e-03
-1.308339021413944996e-03
-1.299680860488044640e-03
-1.256716001167855912e-03
-1.231782040947918943e-03
-1.160772911437644777e-03
-1.108760947351544084e-03
-9.928364110941331061e-04
-8.877475664091492207e-04
-7.704697300839430342e-04
-6.718826112489681640e-04
-5.657766399297236171e-04
-4.494189011789892193e-04
-3.245757637852022008e-04
-1.990406433564232216e-04
-6.477725492439454814e-05
7.963619413292521098e-05
2.364559449676641482e-04
3.996355222590349736e-04
5.553948691359364680e-04
7.233857693350655973e-04
9.072793288540142087e-04
1.132419323212742338e-03
1.312309122620216283e-03
1.525827792377535980e-03
1.692190320963516499e-03
1.864751659218969989e-03
2.076744148208970863e-03
2.301204587317366452e-03
2.592221825629827982e-03
2.812270609060090951e-03
3.093149508582126832e-03
3.360034497560021420e-03
3.611970110347933853e-03
3.946592358173002177e-03
4.181851122967835017e-03
4.450569073914790660e-03
4.649515520556523999e-03
5.143931372981340282e-03
5.467894965889923652e-03
5.845073282028693043e-03
6.033591330563402647e-03
6.323540761109145217e-03
6.615785902802035282e-03
6.861169583151513485e-03
7.230074693345053642e-03
7.425786698276209616e-03
7.857461068151071204e-03
8.152923659118682664e-03
8.474590026754262595e-03
8.890175987787758000e-03
9.167884872239673993e-03
9.855120175857880541e-03
9.876324818281666945e-03
1.027990283767941590e-02
1.056537515203784944e-02
1.108775532782749554e-02
1.152112549877762175e-02
1.180854721690688218e-02
1.196961837056927623e-02
1.202917964473769127e-02
1.212688967052285779e-02
1.240119170208846093e-02
1.284318238867654047e-02
1.308260768462918798e-02
1.339130062301047835e-02
1.365371847122683405e-02
1.391356456772847860e-02
1.395171377180489010e-02
1.419948256845033827e-02
1.445269419933196790e-02
1.479811184327427774e-02
1.492144605863110138e-02
1.490944955561384136e-02
1.525159795441190236e-02
1.536817047819309841e-02
1.579480700069267954e-02
1.565991574341853154e-02
1.586723648496348588e-02
1.601534390618682135e-02
1.625580668697002365e-02
1.665779827576824301e-02
1.670413870511093871e-02
1.680664718087096846e-02
1.672876036046243298e-02
1.687152717206956420e-02
1.695172387311965831e-02
1.696188241133737840e-02
1.690681154442481501e-02
1.701362676160632012e-02
1.695589528136741755e-02
1.708265928911490567e-02
1.724449590758761128e-02
1.734916342837615477e-02
1.745848045820756061e-02
1.735215192288932021e-02
1.737021049322412872e-02
1.710345071378704604e-02
1.690255998340190607e-02
1.671579714069402686e-02
1.672222714148623168e-02
1.673512007239618890e-02
1.686956019056312303e-02
1.687563263337010441e-02
1.681900899944639011e-02
1.680122182946710771e-02
1.665435568101014327e-02
1.672729328093097018e-02
1.675045185820285207e-02
1.673940759189779248e-02
1.678984192371852160e-02
1.662323761038396810e-02
1.671636266270798768e-02
1.655520679587316191e-02
1.658055327124587780e-02
1.646282222844669754e-02
1.646740095527942510e-02
1.628330863118579094e-02
1.621800388560016432e-02
1.605092920462520764e-02
1.602958855159063167e-02
1.591668341316354596e-02
1.582007440971474471e-02
1.575107861609887847e-02
1.575703829271657766e-02
1.586499877429108085e-02
1.581529127340407237e-02
1.569539068425675893e-02
1.554874211526704499e-02
1.556996001907427069e-02
1.561544206733290682e-02
1.558648916318450955e-02
1.549151955558972053e-02
1.543001964804081340e-02
1.540962415146517224e-02
1.533551640144087749e-02
1.533156169352480752e-02
1.535114148631869062e-02
1.535234858791840323e-02
1.531727598995090769e-02
1.530755056016352283e-02
1.532776210666485402e-02
1.526750790758165006e-02
1.521012382272174911e-02
1.513900002358074294e-02
1.509084819211461981e-02
1.496246616731917480e-02
1.497029603702453374e-02
1.489518696887520005e-02
1.494234835837852590e-02
1.483749582755043012e-02
1.482225075752472039e-02
1.473701424025575767e-02
1.474005649006740817e-02
1.475335107448842893e-02
1.469134894545104722e-02
1.463469297920434731e-02
1.457412976281794240e-02
1.457412056324926264e-02
1.449107389943384006e-02
1.442398385742990792e-02
1.437186784428653476e-02
1.436778840762234846e-02
1.431462964229325910e-02
1.432195991650660541e-02
1.421683060352527811e-02
1.421950454281757821e-02
1.411575536677465645e-02
1.405550801892551695e-02
1.392677171646814101e-02
1.382944854056849561e-02
1.376645516029554976e-02
1.370778879216672484e-02
1.363815794206530221e-02
1.356854876993207268e-02
1.352381866016954398e-02
1.348001806706458638e-02
1.340850508602880499e-02
1.330624676197889565e-02
1.321834787771552881e-02
1.312831731152711359e-02
1.309593782924918341e-02
1.301590233239070804e-02
1.297563560806141297e-02
1.287376789667541918e-02
1.280132258318925249e-02
1.271454236045232652e-02
1.266874832239133289e-02
1.261777781847325114e-02
1.259120461363502121e-02
1.250085199371032095e-02
1.240762558829035765e-02
1.233610068110130124e-02
1.228524971475374733e-02
1.222845562130497020e-02
1.214777816246574021e-02
1.206401575638250609e-02
1.202725703671575844e-02
1.197787194447027907e-02
1.193886892238411532e-02
1.187280230370516519e-02
1.180668561153764423e-02
1.174110535401638039e-02
1.168140768735506478e-02
1.162306735478947813e-02
1.152648670349344304e-02
1.145542246003812201e-02
1.137964334393754516e-02
1.136069560087396395e-02
1.129636427274804608e-02
1.124013653000957222e-02
1.116793520799155490e-02
1.111335016451045488e-02
1.105762911443420628e-02
1.098773978019530750e-02
1.095668755964199562e-02
1.089937002922364631e-02
1.086368110295664498e-02
1.079692541174647261e-02
1.076327297806459367e-02
1.069945591750168408e-02
1.064318278703093625e-02
1.059189356200089874e-02
1.054357503313167396e-02
1.048045981966579804e-02
1.042344509114622245e-02
1.038383332313893431e-02
1.034450768508056624e-02
1.030113954380391071e-02
1.023596476526248723e-02
1.019377238667544712e-02
1.014487400928052417e-02
1.012483424135840124e-02
1.008537305779176260e-02
1.004228331607950192e-02
1.000144076318570940e-02
9.958481101858755735e-03
9.909444514898918532e-03
9.862894185496053068e-03
9.813291408960008247e-03
9.780607367957898715e-03
9.733387378306018051e-03
9.706121124354880406e-03
9.679082429744348057e-03
9.657159964100974631e-03
9.616565518667382143e-03
9.570685474700430656e-03
9.540063354690838868e-03
9.533167319398754350e-03
9.502152450639499495e-03
9.478332051349794979e-03
9.437020115748267698e-03
9.420633816557185888e-03
9.391339743987073621e-03
9.337920348299031531e-03
9.306748156142465381e-03
9.271747055152214714e-03
9.254702313396262134e-03
9.211444363384262840e-03
9.174992945436489383e-03
9.146605454371086255e-03
9.108923849272573814e-03
9.067569651041957474e-03
9.038185350415981617e-03
9.013346813244130229e-03
8.994012396025699227e-03
8.960120430706560932e-03
8.940248344992844654e-03
8.916383761547063205e-03
8.890551614159209609e-03
8.858582944660731845e-03
8.826733427010187427e-03
8.797477247375362977e-03
8.766467946530392269e-03
8.735311839432666550e-03
8.703696150643326288e-03
8.670116290710386600e-03
8.639748786767448979e-03
8.614192228916028177e-03
8.587154801636746188e-03
8.553343388891503779e-03
8.529982060522097939e-03
8.513183446917640604e-03
8.492004666482812561e-03
8.465542188960050243e-03
8.428732270762314890e-03
8.403645715496633681e-03
8.375110564980168398e-03
8.353389927041935531e-03
8.325477350967221829e-03
8.301835784774731775e-03
8.280119717174481975e-03
8.265002459455050854e-03
8.233885806450553721e-03
8.210860988641039207e-03
8.186568388199255697e-03
8.176592314140000359e-03
8.154847215356812035e-03
8.137233934124060014e-03
8.113281661565599143e-03
8.090210686463050055e-03
8.069585571070908223e-03
8.066215976022443265e-03
8.057413098664700790e-03
8.031475659405803991e-03
7.997876200166374044e-03
7.975501713067127338e-03
7.967034497812974445e-03
7.953342812171353138e-03
7.934407201486319908e-03
7.910373918381188862e-03
7.889973899840044269e-03
7.874086961527112030e-03
7.862643341883576026e-03
7.841289935855939169e-03
7.827945791649424181e-03
7.817110871737645988e-03
7.807050246567810714e-03
7.789901342544694983e-03
7.768132660392190227e-03
7.754585874494409649e-03
7.739768169004407859e-03
7.727671617718463379e-03
7.713439870105278512e-03
7.699124665119952936e-03
7.678604020437849662e-03
7.661099755088591687e-03
7.644933385347066346e-03
7.632934829086792348e-03
7.625547617683837986e-03
7.610497853525015344e-03
7.590824672963393700e-03
7.567459983819473275e-03
7.552776383515186383e-03
7.537436854438354060e-03
7.525102570104301968e-03
7.508534903896857404e-03
7.498605528590876132e-03
7.481177779711334873e-03
7.465858634621709913e-03
7.444498252011476705e-03
7.430486126830187013e-03
7.421494914278666498e-03
7.411437363110281312e-03
7.397176748625736153e-03
7.380975137870240087e-03
7.372058281438629256e-03
7.360345157035479147e-03
7.350169027849709665e-03
7.332984664756897822e-03
7.322483729968127901e-03
7.311345748128651387e-03
7.302638217530368903e-03
7.290082086798203853e-03
7.271472131565989185e-03
7.251690010489256905e-03
7.237908013266661569e-03
7.229201679048248390e-03
7.219117560900270396e-03
7.208807535458839830e-03
7.193535490415105260e-03
7.187897628875512812e-03
7.171911906866372359e-03
7.164028958802387548e-03
7.152419313350593874e-03
7.148644221730897537e-03
7.133363903596779201e-03
7.119385301014024246e-03
7.105952483652261918e-03
7.096072445324378211e-03
7.083557023905545820e-03
7.070117432676167359e-03
7.056769808988227165e-03
7.050688268149977317e-03
7.037791110652212058e-03
7.026292114512644113e-03
7.011006435157086762e-03
6.998286649164950357e-03
6.987669451212695851e-03
6.973637056699968917e-03
6.964752285128315325e-03
6.956325113825675630e-03
6.950057085661728515e-03
6.939966224689547020e-03
6.928268303971943549e-03
6.915023858984585027e-03
6.904017361213412619e-03
6.894450681915097190e-03
6.887410817116185538e-03
6.876484152485965243e-03
6.867749059170973926e-03
6.857143961886666243e-03
6.848166685738900708e-03
6.837910464507835837e-03
6.827628270306865949e-03
6.819671077626114977e-03
6.807273581643528450e-03
6.798443243340974475e-03
6.789539780512433148e-03
6.782702186886556406e-03
6.771098582542921587e-03
6.761507564242268294e-03
6.747107787674150314e-03
6.738899342754904771e-03
6.727084709595859864e-03
6.724031514440943942e-03
6.717291879178285095e-03
6.711586470912509796e-03
6.704854617110034623e-03
6.696464412972347353e-03
6.689836136710658639e-03
6.679758300226771445e-03
6.669189255145133166e-03
6.658640221513117269e-03
6.651416921211764262e-03
6.641235307402793865e-03
6.627960780157383588e-03
6.617294703468123290e-03
6.610062822887444699e-03
6.604724438661136246e-03
6.594694149348217724e-03
6.587945807668823747e-03
6.579871544269265231e-03
6.575023610509626512e-03
6.565539086188166423e-03
6.562813859586565796e-03
6.559543213735779220e-03
6.554246238332106338e-03
6.549744893576307271e-03
6.542219227298724273e-03
6.539651858767637355e-03
6.527038979596197325e-03
6.518815017680896530e-03
6.507906192233845963e-03
6.503043284204555741e-03
6.492972257364905929e-03
6.488468344296997870e-03
6.479982220690330176e-03
6.473818610138967235e-03
6.466236766997514318e-03
6.460104719519135612e-03
6.456165296084278443e-03
6.450443117328189847e-03
6.443615794758512233e-03
6.435606283626747054e-03
6.424154639778473751e-03
6.413866073455078663e-03
6.404914057444467852e-03
6.392564289119150381e-03
6.381851725233255411e-03
6.371314897422560193e-03
6.363775088526687183e-03
6.356497276568954385e-03
6.347933261790622214e-03
6.341923072645601518e-03
6.334805989775179128e-03
6.327008099847234064e-03
6.318262087921473757e-03
6.311487847108583106e-03
6.301958370157542504e-03
6.291941866458045617e-03
6.283346462864107702e-03
6.273636216596796024e-03
6.266341195995617230e-03
6.250117309659102525e-03
6.242972105850859606e-03
6.233732630893116904e-03
6.230873463082874618e-03
6.223359738729878840e-03
6.218553226360193538e-03
6.214596143182655151e-03
6.206232773412032229e-03
6.194861815797579087e-03
6.185155446199540330e-03
6.179687859781687366e-03
6.173164295971014272e-03
6.161308998291714807e-03
6.152626294265459671e-03
6.145050221417337581e-03
6.136667599408080626e-03
6.125658162095888766e-03
6.115898376582745710e-03
6.111547142012186025e-03
6.104868190496784419e-03
6.099725344151726500e-03
6.092358274292412543e-03
6.086205273499952634e-03
6.081235267893361079e-03
6.074497762138180573e-03
6.068777033405274232e-03
6.061151236958479613e-03
6.052315754295157536e-03
6.041260279847151214e-03
6.031452046120977344e-03
6.024951915259116504e-03
6.018489221737209453e-03
6.011320053740855200e-03
6.005186398985359539e-03
6.000316031960226462e-03
5.995991365378610174e-03
5.988149648637314769e-03
5.980229585585584463e-03
5.970712887791044220e-03
5.962475148489426550e-03
5.958732715683117374e-03
5.954062520175043213e-03
5.949237682334776803e-03
5.939743403750625747e-03
5.934184949452226375e-03
5.928736041045000286e-03
5.924356217946279493e-03
5.920142378675247175e-03
5.913282312565514877e-03
5.908235310325798441e-03
5.899824877276605220e-03
5.895706482482295993e-03
5.890684496172708152e-03
5.887685077814580441e-03
5.885978536105750981e-03
5.879502391153261683e-03
5.871298483726750117e-03
5.863276005769062042e-03
5.858968440612977516e-03
5.851362735879991200e-03
5.845948665497148825e-03
5.842566824807673975e-03
5.843239455148242084e-03
5.839952434183996732e-03
5.833788885851850549e-03
5.827189870603471239e-03
5.819866616411374129e-03
5.812838698857666908e-03
5.804284494814395019e-03
5.797771415737129792e-03
5.791466682857756773e-03
5.787673663479695786e-03
5.782327735552021501e-03
5.777635618827650296e-03
5.769333221342098049e-03
5.764700901235607182e-03
5.760433774569121215e-03
5.759566532242075751e-03
5.758559759665896928e-03
5.752106000239921683e-03
5.747470800672852854e-03
5.741066558926979750e-03
5.738124024648626718e-03
5.732722307953908893e-03
5.727291856622780328e-03
5.719406451943617742e-03
5.711540914353802068e-03
5.703699663008381278e-03
5.699180131151192208e-03
5.698101980721221801e-03
5.694203024740020040e-03
5.693452041478420413e-03
5.687950506571416535e-03
5.686491092844984420e-03
5.678944986572223227e-03
5.676947271945672474e-03
5.672222588210200367e-03
5.671554886830141098e-03
5.666385941832524642e-03
5.660706732272344048e-03
5.654064153912361466e-03
5.645331734056225487e-03
5.641381098522324847e-03
5.638374073234610033e-03
5.640863182987639231e-03
5.638042138076925988e-03
5.632018318664692644e-03
5.623594911817630070e-03
5.616970004068492714e-03
5.614494845347801563e-03
5.611794762486821755e-03
5.610803178696361672e-03
5.610033569297237337e-03
5.610517529089672009e-03
5.608811748033356616e-03
5.606899685194593162e-03
5.601719993613858521e-03
5.598009402035774608e-03
5.592850351579459894e-03
5.590109163391636382e-03
5.584738033476820823e-03
5.582128548870955199e-03
5.578782048947911708e-03
5.579258773558251443e-03
5.575072985925948015e-03
5.574044626927717426e-03
5.569503243971098486e-03
5.568411204263391465e-03
5.565069294502913988e-03
5.562552750128809884e-03
5.560199394465666772e-03
5.556493909599928387e-03
5.553098288549221211e-03
5.550719549046079400e-03
5.549471555938743222e-03
5.547444482655703064e-03
5.542837152067811579e-03
5.539475719958840243e-03
5.535970046597149183e-03
5.532859509831250348e-03
5.528392721118191230e-03
5.524067234995934730e-03
5.522019454181229491e-03
5.519874197550635707e-03
5.518668132978512761e-03
5.515116884150588275e-03
5.512347637968307429e-03
5.509115219529797311e-03
5.504262626167931959e-03
5.500637207673835655e-03
5.497851870722446181e-03
5.501150455004060261e-03
5.500807696753410962e-03
5.501198017882638625e-03
5.499230152736659175e-03
5.496867573663110837e-03
5.493688457430449465e-03
5.491004965440895481e-03
5.492501300546907134e-03
5.491611841040922211e-03
5.490464232942106164e-03
5.487943288562489343e-03
5.488298814417683427e-03
5.489150777111590288e-03
5.490079082321750251e-03
5.490526087231784209e-03
5.488309524458723221e-03
5.488062423437314007e-03
5.485805053698136931e-03
5.485595947471084456e-03
5.485523445848949735e-03
5.485383117889832370e-03
5.481344130739849475e-03
5.478488287645274894e-03
5.478098582187237477e-03
5.482868005015089155e-03
5.482207875928031722e-03
5.480927440339696151e-03
5.477235642945218336e-03
5.476352671827996316e-03
5.475191929849280818e-03
5.474256396638297120e-03
5.473811058119426240e-03
5.470140073942624664e-03
5.465812987588637185e-03
5.461444136889688147e-03
5.460042303464484464e-03
5.460191006090285050e-03
5.458046396290975114e-03
5.455274229199212968e-03
5.448600414835652432e-03
5.443858200989951449e-03
5.442405921820078589e-03
5.439605702860547676e-03
5.437986227379600947e-03
5.432849807133996803e-03
5.431730046916157656e-03
5.428964322081902480e-03
5.425381926902808800e-03
5.420093537563360105e-03
5.417221804832030724e-03
5.416843003016030313e-03
5.417784216474875493e-03
5.413951944907431126e-03
5.411620477946706316e-03
5.408612986938138995e-03
5.407177290436597505e-03
5.403315790342038891e-03
5.399284579131147406e-03
5.398176929138814688e-03
5.396546032149843013e-03
5.394924468281468884e-03
5.389287713290400253e-03
5.385655066505345111e-03
5.384332377201098835e-03
5.384253289382605855e-03
5.382304894439074103e-03
5.381000174213183308e-03
5.381036081440008882e-03
5.380761844653416184e-03
5.378329161481754453e-03
5.376675262296371285e-03
5.377131666129464360e-03
5.377342333281907513e-03
5.377015061061965993e-03
5.375891207583021782e-03
5.376323375549367338e-03
5.377301139152664347e-03
5.378504568941174652e-03
5.376119648345255471e-03
5.373569364052204964e-03
5.372491565235374203e-03
5.372485014186076553e-03
5.371267865972460288e-03
5.367616638004523745e-03
5.366440352237967192e-03
5.365806143921577655e-03
5.365413184511599876e-03
5.362748807651698639e-03
5.360021811606731877e-03
5.358381745338475569e-03
5.360810676359716205e-03
5.362861623344988490e-03
5.364652547303480450e-03
5.361729146816171174e-03
5.360400476308534688e-03
5.357483314005311893e-03
5.357482828300393768e-03
5.355625259552548000e-03
5.355222812906617648e-03
5.351517018212409958e-03
5.348849641771393111e-03
5.345552414492378730e-03
5.344170574278755276e-03
5.343911967812230331e-03
5.344690776282086386e-03
5.345280344752463553e-03
5.342641458500458490e-03
5.341228623991529402e-03
5.339466704179476192e-03
5.337132721237937069e-03
5.336316920520676847e-03
5.336298011060313859e-03
5.339262400906108659e-03
5.338132066268065461e-03
5.337293044426889149e-03
5.335269624193180772e-03
5.336033627070513145e-03
5.336407970851213267e-03
5.337857170739752737e-03
5.337807980715010905e-03
5.338925435700267105e-03
5.338966984429865427e-03
5.339813913904959200e-03
5.337911726657399922e-03
5.335924532777179714e-03
5.334683627114649059e-03
5.334760230627816346e-03
5.334941470408718217e-03
5.335231910963278076e-03
5.334883706979600196e-03
5.335790644177695538e-03
5.335371412528206250e-03
5.338169969863718230e-03
5.337468294671146585e-03
5.336952974708692073e-03
5.334950460023518172e-03
5.336161491002136374e-03
5.337875477149096014e-03
5.340068611770033835e-03
5.339228175915698357e-03
5.339878361611056362e-03
5.339355905093665436e-03
5.342584353927934751e-03
5.342331621825237645e-03
5.342823780480417291e-03
5.341585433647003979e-03
5.342710274230798306e-03
5.343991259634943945e-03
5.345732607443124187e-03
5.347690299830757006e-03
5.349912271749199602e-03
5.352524820456558592e-03
5.353902131330015232e-03
5.356637507005248579e-03
5.360047956533550879e-03
5.365508688588723971e-03
5.367200501487603970e-03
5.370771386330459689e-03
5.372661615558176409e-03
5.377319199419004943e-03
5.380062165538495797e-03
5.382147014341397313e-03
5.384232641593464201e-03
5.384288222526582325e-03
5.386228715694276262e-03
5.384900057032781899e-03
5.385872595110524977e-03
5.383817547236864273e-03
5.384785849133779355e-03
5.383652788785701741e-03
5.382777983737887205e-03
5.380052332109110796e-03
5.378399803533160869e-03
5.377022990431471611e-03
5.374700649799927892e-03
5.372917464697523141e-03
5.372201887085871833e-03
5.373402893009742755e-03
5.376521007408755458e-03
5.378169426586281408e-03
5.379667776186315177e-03
5.378870207444217191e-03
5.376626303762116824e-03
5.372401560633970410e-03
5.369551384582802421e-03
5.370215405050622615e-03
5.371831376706488574e-03
5.372330456035068029e-03
5.370671310856767015e-03
5.369849460581692033e-03
5.369418771890789935e-03
5.370107356594756159e-03
5.371043668510320709e-03
5.373382606379944852e-03
5.374164802284353386e-03
5.375897308655984592e-03
5.373018055950693969e-03
5.373335788091160824e-03
5.374868610601224624e-03
5.379155523090465088e-03
5.383028451364448193e-03
5.387066871149266689e-03
5.389981661259941187e-03
5.390033687152258508e-03
5.390813437718063560e-03
5.390902545629149868e-03
5.393041811091564032e-03
5.389778207906285520e-03
5.386830702207928527e-03
5.384087958540831852e-03
5.385392488971047810e-03
5.388149122085461595e-03
5.391999617737142439e-03
5.395547591217111395e-03
5.397033064916392439e-03
5.399838367608965524e-03
5.402076210390983728e-03
5.406448777142693410e-03
5.407407691470245137e-03
5.407170244165830121e-03
5.407327334101747103e-03
5.405932917316849662e-03
5.405981304870073438e-03
5.406337647830889402e-03
5.408091036086527283e-03
5.407979707234610543e-03
5.406862845333751041e-03
5.408214809723879690e-03
5.410937106121567475e-03
5.413730007933868250e-03
5.415777737087823160e-03
5.416313973073091578e-03
5.419628339987641458e-03
5.421891830404201862e-03
5.426470224595712766e-03
5.428793058273762885e-03
5.429744693502080652e-03
5.429613769186599631e-03
5.430384150637070431e-03
5.433981613397693804e-03
5.439122854552628540e-03
5.443419270943063680e-03
5.446558896433924268e-03
5.448045398089626686e-03
5.450020634718571837e-03
5.453628817409249957e-03
5.461798696775934173e-03
5.469453998948518511e-03
5.472951907559790545e-03
5.473718771889417647e-03
5.476005648586488271e-03
5.481222702314391543e-03
5.487055129058161090e-03
5.488661614195566515e-03
5.490834722572196513e-03
5.492390404972955116e-03
5.497050051193181491e-03
5.500937735520509964e-03
5.501885825521566666e-03
5.505588784234218859e-03
5.512363350006475350e-03
5.522350202642915991e-03
5.532262520947099291e-03
5.537397131639768856e-03
5.540967956972095258e-03
5.537022559408134349e-03
5.535410304677095342e-03
5.534003504336944615e-03
5.537253636518759368e-03
5.539827473516016967e-03
5.544105069261797379e-03
5.546699890120331163e-03
5.550559780060189234e-03
5.551753964000782395e-03
5.554358263770008998e-03
5.558213377713267997e-03
5.562936314862198910e-03
5.568067406790062901e-03
5.573979135217731716e-03
5.579903945540216209e-03
5.584639767892113360e-03
5.587394066472307561e-03
5.591136395709389757e-03
5.594044212251377338e-03
5.596936377120416764e-03
5.598444775601636898e-03
5.601766758618991621e-03
5.607049851925277086e-03
5.615906275519145195e-03
5.622748772377728077e-03
5.628188171999998560e-03
5.631540700239589387e-03
5.636202963872971768e-03
5.640144414591914332e-03
5.643654122894554460e-03
5.649946906686678302e-03
5.656731316588527007e-03
5.664354747418995535e-03
5.673125143036156920e-03
5.680954315159881043e-03
5.687967325912549922e-03
5.692117313825833386e-03
5.695486338637516070e-03
5.701441346448580562e-03
5.705630826638856921e-03
5.712222818596277875e-03
5.719136988988261609e-03
5.728473139262395437e-03
5.739036569902196058e-03
5.745523036464361688e-03
5.750310077953519304e-03
5.751363198559163691e-03
5.754093332980013409e-03
5.759956344978847675e-03
5.768842245079386193e-03
5.775360141355513448e-03
5.782256797093837490e-03
5.787777459488990285e-03
5.796136559706949534e-03
5.803246771824930976e-03
5.809995257259841124e-03
5.818082630918941685e-03
5.824792846274358393e-03
5.832026041568409876e-03
5.839901178823167852e-03
5.848835467390995843e-03
5.856988719145716539e-03
5.871772557050132513e-03
5.892029295000788570e-03
5.919858479721495231e-03
5.939445051320917796e-03
5.947370531521432337e-03
5.943107750504909512e-03
5.932969272070751955e-03
5.927459290037614958e-03
5.927274557843256568e-03
5.937293501773711728e-03
5.953131670790315182e-03
5.978710311079115519e-03
6.000711240935790135e-03
6.015280778845770449e-03
6.016153903434301106e-03
6.014809513230258073e-03
6.014456650012624077e-03
6.017041365684005529e-03
6.018658752479535794e-03
6.021102574545352665e-03
6.024169548199795679e-03
6.030064807986896917e-03
6.038952868109419628e-03
6.046733247164703950e-03
6.051499778537697098e-03
6.053935638511800596e-03
6.053546725398331607e-03
6.054645781112495857e-03
6.054586436532757680e-03
6.056585258546999528e-03
6.059771763912470861e-03
6.063704654506448660e-03
6.068377176655080987e-03
6.069700739610228019e-03
6.069127395007795252e-03
6.068172017508574601e-03
6.067255350785218278e-03
6.067786315585331665e-03
6.070491237439063978e-03
6.076978047621599613e-03
6.084656762748527452e-03
6.093376528953986689e-03
6.099626933853144473e-03
6.105258826083895425e-03
6.110261434099669049e-03
6.114793816249765139e-03
6.116751177024519308e-03
6.117403217141983637e-03
6.114555257887767381e-03
6.114521206187613356e-03
6.115613176265049210e-03
6.121120786893127774e-03
6.126945484175901589e-03
6.133973573691374817e-03
6.141729550263996980e-03
6.148579077872696509e-03
6.152757160532858725e-03
6.157385380936642068e-03
6.158104694065074693e-03
6.161689779916761957e-03
6.163995417930824734e-03
6.170903571177724194e-03
6.172744394041970901e-03
6.177607645831219990e-03
6.183948454528598662e-03
6.193452623920682812e-03
6.200693644562861595e-03
6.205482654249198232e-03
6.210751887724073536e-03
6.216452488772551861e-03
6.219355004544417122e-03
6.220794222600392089e-03
6.222367811485003675e-03
6.227482619621034499e-03
6.233187039291669153e-03
6.242673415948629505e-03
6.253017845015164215e-03
6.264942540930079282e-03
6.272000161034395685e-03
6.276166678070483132e-03
6.277955459502412676e-03
6.280000318369199919e-03
6.281030630070213831e-03
6.282407174306553835e-03
6.286773690244077013e-03
6.298896695026524190e-03
6.312270740657895292e-03
6.324220613987546757e-03
6.331955364951598678e-03
6.341453523637710817e-03
6.349346969030532535e-03
6.355297588126730679e-03
6.361581967481062978e-03
6.364879739488146435e-03
6.371023152302387679e-03
6.374698744161510014e-03
6.383414330565590107e-03
6.391047471506931983e-03
6.400865742470398037e-03
6.411259733997704512e-03
6.423731827724752687e-03
6.435556219876627584e-03
6.442979146120032460e-03
6.451758337639331570e-03
6.458324562543341432e-03
6.463383537953458317e-03
6.466735770520570456e-03
6.470386596404819474e-03
6.478974207245706031e-03
6.488365146954408989e-03
6.502569216074209450e-03
6.520456863294048222e-03
6.539236720167784268e-03
6.552064025345982062e-03
6.559525913632847406e-03
6.563845878002939026e-03
6.568982314141844601e-03
6.575993030054286780e-03
6.581217347299115998e-03
6.588484061807272328e-03
6.596797714285315521e-03
6.608475252755942851e-03
6.624210052120762734e-03
6.640405633591576172e-03
6.655678713769391623e-03
6.668965571700645814e-03
6.678569714445037504e-03
6.687323321595690408e-03
6.691692872674113481e-03
6.694479573377474547e-03
6.697359304468744438e-03
6.698089263034042416e-03
6.706157583770589944e-03
6.714324273308495440e-03
6.726674296036742190e-03
6.734522003793340372e-03
6.743403590478154463e-03
6.754581388703693318e-03
6.767154178007978201e-03
6.774931423191132840e-03
6.779618602549725669e-03
6.781762651607368096e-03
6.785473616494784241e-03
6.785611212527313009e-03
6.786696444846103578e-03
6.788982758588341278e-03
6.797229532063321471e-03
6.808067097436349899e-03
6.820158306471447822e-03
6.833513349041186839e-03
6.846909920238354250e-03
6.863617645070789995e-03
6.873849819386535637e-03
6.880600802388118359e-03
6.883427325743449697e-03
6.890378921656207037e-03
6.896944986162200850e-03
6.904682821293991676e-03
6.913330503867650377e-03
6.924193498689759987e-03
6.935702788220528964e-03
6.949597211346636438e-03
6.964204399230485357e-03
6.980758016772228673e-03
6.992420866192746061e-03
7.003199599454134651e-03
7.011225742252717025e-03
7.021084565622711347e-03
7.028635450323231920e-03
7.034189148387735846e-03
7.038412280251226706e-03
7.048181453223715219e-03
7.061911880461015437e-03
7.079288952491599035e-03
7.097391763245774511e-03
7.118191971759758874e-03
7.135215033524105674e-03
7.150782716275827337e-03
7.161288939341012988e-03
7.169883550999968901e-03
7.178111735008145533e-03
7.184583600577948079e-03
7.198691447588055278e-03
7.209240014309437755e-03
7.221492214116245929e-03
7.231992315871751953e-03
7.244233396574094840e-03
7.259276502878713767e-03
7.275827248404429307e-03
7.294468551513345542e-03
7.312325844173829525e-03
7.329319612911426411e-03
7.344324056936255354e-03
7.359749032295694396e-03
7.370484173178331114e-03
7.384149841870624870e-03
7.393322714792815997e-03
7.405597463344587399e-03
7.415605427062512550e-03
7.427351733805493371e-03
7.437605210451530245e-03
7.448876952638790010e-03
7.462861689235848403e-03
7.479584228195916215e-03
7.493872645906808454e-03
7.506266022981438954e-03
7.514910576232981983e-03
7.528323271207840867e-03
7.541757326411651675e-03
7.553375465082528238e-03
7.563533252372216763e-03
7.578178866496870433e-03
7.597401706421976625e-03
7.615650860404409896e-03
7.628548239259939738e-03
7.638807679635652506e-03
7.650080622638722773e-03
7.661249899337355639e-03
7.678186299922579866e-03
7.694344270812820616e-03
7.713974079738264780e-03
7.732501732712606865e-03
7.746978777203263403e-03
7.759646735913083328e-03
7.767211542428735169e-03
7.775498249019344686e-03
7.780579325144645723e-03
7.789167317626416107e-03
7.800569777827291544e-03
7.819594324381435799e-03
7.840047548754535897e-03
7.858384973386875819e-03
7.871510120166248445e-03
7.881473029580166392e-03
7.891249699268429105e-03
7.906125050253598116e-03
7.922814291506529230e-03
7.937833344612118397e-03
7.948291947485355488e-03
7.954446439758953644e-03
7.962948237732681706e-03
7.970757609432204543e-03
7.985335775150351548e-03
7.999380820592809360e-03
8.017488632932603596e-03
8.033071875084948216e-03
8.047972914047844817e-03
8.064052524374714162e-03
8.080595167324122752e-03
8.097828413523220498e-03
8.112236393682673366e-03
8.121339290871883859e-03
8.130929354174866799e-03
8.140886372458867523e-03
8.153180993683483910e-03
8.164275510379041464e-03
8.173342668066808578e-03
8.186375558522959728e-03
8.202054567925696343e-03
8.218912029771813579e-03
8.232679633939424951e-03
8.246606444006331776e-03
8.262082690385332689e-03
8.280043978579081435e-03
8.298231408686587707e-03
8.312399695082288431e-03
8.323255033541233916e-03
8.334881360669722100e-03
8.344659952561278918e-03
8.356889801858816483e-03
8.366699160656375367e-03
8.380424877709876166e-03
8.391502925244962580e-03
8.405075525719361840e-03
8.420080220658970188e-03
8.434866094293188774e-03
8.446020586925251719e-03
8.461054483823584466e-03
8.478235979408964285e-03
8.497360960514899197e-03
8.507399302602653562e-03
8.514939540501935758e-03
8.516800778526479113e-03
8.519641229466315413e-03
8.523779315570606530e-03
8.532407575955571963e-03
8.544042643404302015e-03
8.555818160878990442e-03
8.571561686037603572e-03
8.584381851619466222e-03
8.595866955404422860e-03
8.609798716019146855e-03
8.624910675113993744e-03
8.640945827448268460e-03
8.655758550182735683e-03
8.669307595626278562e-03
8.680844902131978555e-03
8.683583881871105581e-03
8.684077081579808996e-03
8.691137867031489828e-03
8.703054860083415945e-03
8.717297391095878492e-03
8.725374029058714787e-03
8.734990394839055317e-03
8.749231775901700203e-03
8.765391939476119276e-03
8.774971402260542050e-03
8.782390563130253527e-03
8.788445699287852214e-03
8.801661923764650397e-03
8.810634905337117254e-03
8.821445313385821441e-03
8.830553402469281526e-03
8.841774973486839911e-03
8.849198701111329543e-03
8.858401803736242613e-03
8.868216277277676460e-03
8.878028576278194917e-03
8.880790951677427353e-03
8.882080329344848799e-03
8.887352683634842584e-03
8.896566241605287709e-03
8.914100716247567655e-03
8.932651987595142604e-03
8.950933859259827680e-03
8.965083683149088073e-03
8.975840066933962400e-03
8.985215234228339370e-03
8.995125592944503909e-03
9.007996603221386789e-03
9.022036711897640435e-03
9.034489557246602742e-03
9.043954981127925313e-03
9.052590943384258848e-03
9.062088191487420799e-03
9.071464595572594283e-03
9.077018740583342113e-03
9.082470899560549787e-03
9.089321135012167277e-03
9.106015263072716678e-03
9.120867437083911983e-03
9.132268245997153880e-03
9.141144876038788739e-03
9.155224084200651660e-03
9.174651265650661872e-03
9.190027950599914675e-03
9.201332712224511573e-03
9.208799757534951586e-03
9.218457649754574143e-03
9.229210326501580824e-03
9.240265966709236209e-03
9.248858539309448221e-03
9.250239626920880170e-03
9.252877651883777491e-03
9.264536056958984703e-03
9.284258648141524919e-03
9.303941708352511664e-03
9.317893968625002091e-03
9.331577975695577037e-03
9.342888041749257411e-03
9.355885220817676193e-03
9.364511903560787665e-03
9.378646934598583451e-03
9.390741138355437542e-03
9.408894397737121995e-03
9.429173993320749333e-03
9.457602997832744232e-03
9.489064725954982071e-03
9.531337240462985430e-03
9.573325661530735289e-03
9.618178774996396715e-03
9.647923470477244925e-03
9.667802987029999046e-03
9.677941211130289267e-03
9.682975241982501660e-03
9.684670556532330027e-03
9.685416766299340466e-03
9.681911220107763255e-03
9.677850457705271248e-03
9.670201072051118341e-03
9.673913017543478085e-03
9.687580057177125337e-03
9.710862524127877177e-03
9.731833672271292951e-03
9.746692714265375521e-03
9.751301492086840439e-03
9.756243807085890687e-03
9.761547429310773322e-03
9.767121130765657119e-03
9.768701541426009355e-03
9.773033278824984349e-03
9.776721320504578108e-03
9.780925010069094205e-03
9.791170110888912717e-03
9.801706675191299012e-03
9.818561522892415086e-03
9.829220947943778652e-03
9.843340101057595354e-03
9.858163298341198616e-03
9.870716821975336619e-03
9.882853772139685994e-03
9.891708358168497389e-03
9.898325950881302002e-03
9.908223596938306801e-03
9.919586599588038275e-03
9.930403445979656823e-03
9.935823834607379612e-03
9.939173340239040866e-03
9.942603289417371523e-03
9.947775850790910659e-03
9.954676013842405496e-03
9.966543045598415251e-03
9.977955379666744382e-03
9.987226673646579581e-03
9.993130136162034147e-03
1.001137823044093156e-02
1.003428922906108092e-02
1.006558956862359418e-02
1.008784074795987529e-02
1.010909806167338554e-02
1.012896434245383510e-02
1.015203404859186739e-02
1.017164047420426355e-02
1.018188268113936687e-02
1.018402897204915419e-02
1.018537678007268993e-02
1.019228366342479243e-02
1.020423399006671790e-02
1.021675376431501782e-02
1.022707545683606244e-02
1.023984941855449367e-02
1.025645219890525088e-02
1.027627916283337453e-02
1.029532640587022679e-02
1.031859433319149214e-02
1.034347990920835882e-02
1.037239957359870415e-02
1.039670539704122022e-02
1.042687133997624409e-02
1.045268547033049826e-02
1.047921939480190960e-02
1.049711849993815484e-02
1.051430992807495836e-02
1.052527296017981111e-02
1.053353574700990197e-02
1.053619584234306503e-02
1.054276432530164807e-02
1.055132710257223813e-02
1.056878276805584514e-02
1.059031832179544406e-02
1.061341250968643804e-02
1.063718199378929641e-02
1.065442914124252981e-02
1.067837184505187470e-02
1.070227887867626453e-02
1.073339663841793579e-02
1.076109562627411247e-02
1.078690179155747733e-02
1.081652208749162014e-02
1.084712890013611250e-02
1.087326304540829451e-02
1.088924302390790327e-02
1.090596699267044715e-02
1.092383848637712776e-02
1.094035825547315550e-02
1.094936363610535951e-02
1.095961003846343020e-02
1.097859913388019026e-02
1.100345070641331469e-02
1.103524447526362494e-02
1.106382371195673356e-02
1.109657751247245840e-02
1.112532327239209445e-02
1.115791117264635160e-02
1.118939710263204025e-02
1.122313714390788843e-02
1.125747644856671392e-02
1.129486652306761416e-02
1.133422077451925331e-02
1.136928900383347291e-02
1.139815772571741055e-02
1.141941009712349464e-02
1.144000384764698973e-02
1.146029042948086205e-02
1.148426710308391406e-02
1.151177020987479392e-02
1.154021498695648532e-02
1.157704884871750897e-02
1.162398059389124945e-02
1.167634042094251208e-02
1.172942502557384158e-02
1.177926561162005552e-02
1.183397319358772508e-02
1.188079639329041835e-02
1.191954072735032857e-02
1.195381062093416220e-02
1.199357771952669349e-02
1.203734077130211994e-02
1.208917346474050469e-02
1.213905578338821817e-02
1.218916760907066098e-02
1.223056320350096766e-02
1.227312158297614274e-02
1.231601586168621504e-02
1.236310410770263650e-02
1.241117696574819441e-02
1.247223353336205341e-02
1.253985656689565395e-02
1.261683063306687225e-02
1.269591209036259778e-02
1.278422572060475097e-02
1.287828084345169280e-02
1.297816406555180047e-02
1.307767107453529018e-02
1.318318668819576552e-02
1.329557315171587921e-02
1.341709186805949659e-02
1.355800480436309720e-02
1.371199286244333647e-02
1.387561914507408345e-02
1.403898835574008373e-02
1.421272744448940500e-02
1.439259289195104173e-02
1.458052060672667717e-02
1.476679950416720510e-02
1.495870670808790645e-02
1.516381982238749863e-02
1.537685770269770630e-02
1.559232589478036501e-02
1.579336583050584830e-02
1.599495356512101521e-02
1.619700150444291012e-02
1.638344685973053272e-02
1.653862256700640646e-02
1.666886569960822351e-02
1.679044207283388740e-02
1.690944578210084107e-02
1.701999202522765792e-02
1.710483816396037027e-02
1.718120121847430126e-02
1.724038317540956683e-02
1.730555727391847043e-02
1.734022485003458569e-02
1.737379804800008240e-02
1.738677442756711433e-02
1.739063664664202563e-02
1.736752216418894004e-02
1.735002278448839405e-02
1.733071440448067518e-02
1.732731890814432144e-02
1.731485272584742940e-02
1.730018492861642998e-02
1.728058699687256075e-02
1.725472047307931300e-02
1.722332646577200838e-02
1.717544301243408705e-02
1.711991766757188158e-02
1.707579774782477799e-02
1.702896705641247788e-02
1.698605115500754353e-02
1.693456989962729281e-02
1.689085497179232398e-02
1.684177051801948391e-02
1.678763655542788238e-02
1.672375254234386918e-02
1.665830472726645070e-02
1.658996470659228686e-02
1.653257931101045214e-02
1.648181074492440293e-02
1.643871048230333143e-02
1.638589771663978567e-02
1.632765196147490522e-02
1.626556294528211377e-02
1.620694637607109773e-02
1.615914922787148322e-02
1.611715279437462775e-02
1.608223521079910762e-02
1.605532876192045447e-02
1.603504086804834194e-02
1.602190827051569455e-02
1.601562749411130498e-02
1.601242627930357307e-02
1.600740640867217429e-02
1.600443297495382847e-02
1.601162808149779807e-02
1.603333641701111534e-02
1.605343306738471129e-02
1.606736087385084860e-02
1.608135633307580456e-02
1.609410068827465262e-02
1.611231039783875968e-02
1.613613250211018771e-02
1.616745509654298960e-02
1.619818833549702825e-02
1.622711611839141449e-02
1.625465677988396224e-02
1.629248166734410808e-02
1.632313352795546416e-02
1.635265876035094101e-02
1.637141648903227276e-02
1.637742760927426988e-02
1.638877701515622023e-02
1.641842512566306020e-02
1.646320845830669122e-02
1.650914287262758573e-02
1.655089842128139657e-02
1.660347964327078124e-02
1.666214215989129596e-02
1.671460088048418169e-02
1.675031184134796736e-02
1.678055773661320249e-02
1.680846674501849242e-02
1.684594746378554123e-02
1.687610452056100344e-02
1.691531659950731500e-02
1.695338863800115864e-02
1.700693388049171959e-02
1.704685865830405170e-02
1.710020823317484270e-02
1.715566977657045911e-02
1.720949171916081807e-02
1.724537594282678915e-02
1.726702903043260406e-02
1.729869432580803321e-02
1.734711247308326834e-02
1.739766468514626976e-02
1.744908274781565780e-02
1.749663265288854339e-02
1.754784552650991494e-02
1.760562844658394854e-02
1.765905515628784020e-02
1.772896442102742456e-02
1.780137901001666717e-02
1.788410810880165791e-02
1.795343785637814465e-02
1.801188269519166107e-02
1.807265902250186629e-02
1.813642729278953578e-02
1.821960759799610974e-02
1.830544456870609668e-02
1.838117010772343657e-02
1.845852489838272631e-02
1.852730754239549985e-02
1.862783378477150809e-02
1.871632476828397409e-02
1.881342003847809308e-02
1.889616221144214611e-02
1.898518824327467824e-02
1.906585023602689472e-02
1.914772211367937391e-02
1.922172996726099689e-02
1.930069540987240304e-02
1.938837732787972862e-02
1.948635721766418458e-02
1.960053123544838044e-02
1.971695638043112486e-02
1.984014825737150794e-02
1.995599639471826170e-02
2.006954411884003323e-02
2.019139881331856110e-02
2.030698260976802200e-02
2.043120216098013794e-02
2.054785754682637508e-02
2.067022736479319500e-02
2.080191179076430752e-02
2.094247405806502413e-02
2.108847153227861107e-02
2.122102152435909050e-02
2.135862919047261388e-02
2.150070676281409104e-02
2.165745346537152269e-02
2.180453667395420778e-02
2.195523933974559416e-02
2.209962084203013349e-02
2.224043059928484944e-02
2.237244373610088391e-02
2.249330101626968031e-02
2.262051995315211492e-02
2.276094740115898810e-02
2.290322433093800597e-02
2.304935840975850733e-02
2.319298521838260643e-02
2.335424416262270320e-02
2.353108520340479320e-02
2.371333754241453443e-02
2.389690467065706814e-02
2.407054165423815756e-02
2.425022715785725425e-02
2.443918457708449746e-02
2.463784502700220105e-02
2.484010008378155498e-02
2.503748808818116386e-02
2.525423368641305233e-02
2.547562500745381361e-02
2.569563642561814923e-02
2.591002665574404507e-02
2.612711819334193053e-02
2.634827785706115449e-02
2.655241007114041499e-02
2.675053055668203186e-02
2.694516622284218524e-02
2.712710976229532750e-02
2.731246268955675807e-02
2.747227440853975203e-02
2.764387117778694530e-02
2.782178790805207858e-02
2.802202370299435724e-02
2.823192246828817170e-02
2.842870904602752546e-02
2.864271838787825486e-02
2.886685452097670704e-02
2.911301919299365271e-02
2.936579719666591523e-02
2.963186188642484911e-02
2.990614780839461265e-02
3.019263283471583167e-02
3.046451374927932471e-02
3.074667539914355263e-02
3.103530178035102463e-02
3.135861290515083721e-02
3.168294323664275214e-02
3.200622398731572948e-02
3.233748919261313776e-02
3.266706760498811618e-02
3.299468995788402276e-02
3.330136054930171730e-02
3.357330528134272463e-02
3.385542394917001596e-02
3.412670537548576077e-02
3.443592394004126728e-02
3.472597454344273499e-02
3.499363704879493442e-02
3.524024679463373666e-02
3.547835144501968602e-02
3.573248363889489077e-02
3.599769155122152509e-02
3.626335456550724978e-02
3.653399612268468793e-02
3.682854023821880568e-02
3.716243310327475846e-02
3.750200752668676751e-02
3.785454896522529727e-02
3.820844829914127327e-02
3.861509461882315503e-02
3.904752626658188064e-02
3.949090694758770198e-02
3.996441405589721413e-02
4.042779575035563427e-02
4.091391486481915640e-02
4.137986662421027501e-02
4.186419753578581732e-02
4.234169292302838311e-02
4.282622164202969789e-02
4.330535925088060956e-02
4.378614044608043765e-02
4.427670655505374503e-02
4.477408838490728321e-02
4.526331157275573919e-02
4.572418065299707624e-02
4.616290203811387882e-02
4.659736780287094399e-02
4.706101409770610533e-02
4.751961800100600736e-02
4.800300453544939505e-02
4.845100737409886033e-02
4.888361598632329913e-02
4.930868731252106840e-02
4.975917128541441220e-02
5.022029248255479444e-02
5.067434549452305009e-02
5.115398245166925817e-02
5.169883253460642869e-02
5.227876492072630610e-02
5.288366664355403229e-02
5.352111639241254742e-02
5.418870053258333097e-02
5.484559788818579862e-02
5.552884061329461246e-02
5.624593613027131789e-02
5.702012806157589347e-02
5.779168699744127724e-02
5.853701961166017653e-02
5.927399133280455285e-02
6.002733190295433258e-02
6.080479715375313593e-02
6.156557178088224030e-02
6.230636363174318904e-02
6.297179054683578470e-02
6.367283872498739894e-02
6.441281515257464563e-02
6.525822080281795667e-02
6.611288775077325819e-02
6.688268242503939143e-02
6.761511352250085261e-02
6.832881326151382662e-02
6.908626767716433137e-02
6.991814177181802925e-02
7.075267991267239487e-02
7.155030603913963005e-02
7.232969664427560397e-02
7.311987878530266938e-02
7.405188446454183393e-02
7.508230900275983388e-02
7.616969386171815182e-02
7.727691725089047559e-02
7.838089665125408390e-02
7.950217286255899241e-02
8.061870153389909255e-02
8.177867633114413448e-02
8.302843015971177187e-02
8.441318809918588184e-02
8.596792281096472810e-02
8.758174805024566967e-02
8.934618595638246785e-02
9.125294881268233849e-02
9.334365285535119183e-02
9.560040921598061958e-02
9.789473989730082537e-02
1.002936276961862577e-01
1.028123706940122367e-01
1.054449996664536676e-01
1.082613869605332513e-01
1.109962991765846979e-01
1.138836877862159230e-01
1.167728298072997495e-01
1.198976098297921539e-01
1.231715742647639805e-01
1.266010330309818022e-01
1.302355895898983651e-01
1.339042103054549349e-01
1.376325448781477168e-01
1.414028389469822178e-01
1.454176433959625259e-01
1.498544874844883745e-01
1.545991828755646225e-01
1.594959739548681144e-01
1.644949610482393798e-01
1.695715515151194619e-01
1.748187202631721893e-01
1.805613701524463877e-01
1.865833511472672901e-01
1.931015774892398396e-01
1.995192768179695764e-01
2.063706870126640058e-01
2.131747985465005379e-01
2.203356814172040545e-01
2.274902460668633275e-01
2.343129877454948329e-01
2.418249878290627819e-01
2.498903292673916310e-01
2.585614148822487635e-01
2.672160250067930343e-01
2.755199853333066828e-01
2.850159111251055477e-01
2.944317574626498235e-01
3.046683436591720029e-01
3.143260592761816796e-01
3.251040508049002908e-01
3.361443311883885454e-01
3.481453210687571187e-01
3.604913007615834775e-01
3.729248675592969908e-01
3.856349335962716007e-01
3.988983170313652460e-01
4.137606287848513142e-01
4.291903083162954546e-01
4.448454639022854096e-01
4.608169467496291416e-01
4.779720990729280916e-01
4.954476130668167833e-01
5.134426359207946433e-01
5.318059072919372188e-01
5.517553765155223111e-01
5.727948216368055068e-01
5.924411929838121482e-01
6.130097396010739663e-01
6.332916767793489443e-01
6.567945599349779284e-01
6.795780084209448457e-01
7.025779019046591856e-01
7.260840523010840819e-01
7.505643658923937256e-01
7.759525559449320653e-01
8.022801890390551804e-01
8.289542454035094821e-01
8.557071339349587857e-01
8.830512014886728878e-01
9.109906023530711661e-01
9.417078403777719986e-01
9.732892160939941029e-01
1.005671440562811103e+00
1.035551519675414589e+00
1.061578569390298377e+00
1.088490420867117336e+00
1.113728307465605472e+00
1.140855010285645621e+00
1.161741717152700470e+00
1.183231898225472145e+00
1.200688961884853967e+00
1.222637062941424935e+00
1.246580834616821454e+00
1.268885231303801042e+00
1.287535129478238005e+00
1.298047493880139847e+00
1.319373215096216301e+00
1.330744022147715144e+00
1.345061334454721536e+00
1.349026470698353464e+00
