1.830836429535356901e-03
7.705089058021892881e-03
-1.204347422389339187e-02
1.068601143744586299e-03
2.952899038632411655e-03
2.487103420185246896e-03
-1.500041108599112390e-02
-4.070443767414326508e-03
-2.839248394597887817e-02
-1.666394824112555836e-02
8.419082074051967290e-03
-5.000782315138706420e-03
-9.239795577975187107e-03
-5.262406596952638217e-03
5.085696603888435058e-02
-6.037273051434362096e-03
1.534497362290551323e-02
-4.616094775085593377e-02
9.541696115923299290e-03
4.010297856749940604e-02
3.780450488740159237e-02
-1.537272200218666070e-02
-7.806954385550832209e-03
-7.129544177165911094e-03
-8.373606721023990965e-03
4.181806813538109513e-02
1.144164013692006501e-02
7.257887204259697890e-03
6.089607349257651799e-03
1.150921323762037554e-02
2.312103676828897170e-02
1.430857745814146688e-02
1.266016849496012960e-02
8.403047699984646929e-03
-3.943404393211194514e-02
-2.413490007073591792e-02
3.134169369597200605e-01
3.100003760263016217e-02
1.016321807244924963e-02
1.953486261940783064e-02
2.205289556597255993e-02
1.962518668670204178e-02
1.977677831234331968e-02
6.016233162580275629e-02
-1.508009484186501568e-02
-1.522597300756380750e-02
-6.335132963474900125e-02
1.066607620051539529e-01
-1.156791130896778486e-01
-2.613420670549303562e-02
4.397493821137316017e-01
4.739938976308108454e-02
1.595642165712362476e-02
2.230698692053707799e-02
1.895113743628955294e-02
1.435124632454150458e-02
1.433814365297109497e-02
2.360989354121132908e-02
8.029840493612477870e-02
2.080523795319217870e-02
2.424880776926443063e-02
3.836155906628684054e-02
-5.837672120247045654e-02
3.550324778791143915e-02
1.575038355475639335e-02
1.323134238126855503e-02
2.098769552137118646e-02
4.777048334252559370e-02
4.516854162639053621e-02
2.717914046204598644e-01
-inf
-6.251560410518097743e-02
1.183887183719823655e-01
2.053912595390996673e-02
1.128569905687400697e-02
1.454904532202254235e-02
2.134785683056455302e-02
3.564641373989724249e-02
1.427402105264733746e-02
1.244207288582176510e-02
1.217441277363606397e-02
9.272010228966287571e-03
9.110868557979491869e-03
8.520253390104757726e-03
1.460712694437571804e-02
1.838690237787885678e-02
2.107811558950861697e-02
1.428978734398456650e-02
1.298558248290425550e-02
1.750705964744370818e-02
3.355114255195903311e-02
1.625815998441971708e-02
9.938133275131868713e-03
1.474782144550701619e-02
6.855667416112638454e-03
5.247638896193684149e-03
3.720741059602016097e-03
6.476929738721195519e-03
1.263441630186796540e-02
1.382051936565397744e-02
4.868794859189555513e-03
4.908837742474204610e-03
3.420772737964786810e-03
5.178263558825441440e-03
3.051417069844300327e-03
3.689699261331088123e-03
-2.311897184457031070e-03
-1.921900837026729435e-03
-6.306472871600611596e-03
-1.868573232505105122e-03
-3.659045763442915749e-03
-6.043681659471805689e-03
2.789621285370421852e-02
-4.322919662573580790e-02
-2.587930444224768867e-02
-1.923309563561744970e-02
-2.290131056780529348e-02
-1.231753837271561298e-02
-1.419265584360236004e-02
-6.412380490979296965e-02
-4.510591121886000504e-02
-1.520311886108900550e-02
-1.058828558760157960e-02
-9.874160549126586098e-03
-1.401045107707623097e-02
-1.767665811806189494e-02
-2.102927776755389444e-02
-1.828877203327191822e-02
-1.961055150232893923e-02
-2.889346512883901250e-02
-1.010382229634943507e-01
-3.754622738920920105e-02
-7.315693118667954131e-02
-2.981200535478915198e-02
-4.144177482494743048e-02
-2.352522748976542538e-02
-2.143424670902750392e-02
-1.857375275906962900e-02
-1.710893670208757031e-02
-1.685789358485500697e-02
-2.044813453833487296e-02
-2.479734217180473363e-02
-2.202749645250431931e-02
-1.380519710679387058e-02
-1.431221198871119801e-02
-1.416193173078964494e-02
-1.209523438778825274e-02
-5.363005154979711038e-03
-6.567346203493758250e-03
-2.857442040378441878e-03
1.905926212449318615e-04
-2.142758997072140292e-02
-7.856204462491845480e-03
3.565510115500282740e-01
5.561730890094230412e-02
9.079733461910510783e-02
5.323264632803973578e-02
-5.726756877520296912e-02
-9.236773733797602748e-02
-9.635531211023107279e-02
-1.677063114229360719e-01
-6.700810119998826253e-02
-1.213833663886386000e-01
7.292129430647974198e-02
5.482525961679243082e-02
6.917537840596063581e-02
1.729167948804950228e-01
6.363496097050891365e-02
5.622889160803744291e-02
4.411997238691114237e-02
1.422546730968419770e-01
3.014942617739801434e-01
-2.898397283893194287e-01
1.925580357429756306e+00
2.908501938805626019e-01
1.497695267846743949e-01
1.685681745699679490e-01
4.193671905035461833e+00
-2.470243937068453410e-01
6.655123645536559218e-01
1.169659332888298708e+00
4.314934665686991910e-01
3.842639345208650470e-01
1.814497565171871996e-01
1.574979463982962569e-01
-3.380070312839978386e-01
2.945366602096159969e+00
3.892251722511049228e-01
1.413324656819761327e-01
1.584366026023788787e-01
3.168606505815052543e-01
2.350675452525475551e-01
-1.445157575494550040e+00
-7.904190126942947092e-01
3.640679099162583143e-01
3.606223880747382982e+00
-6.912192498791909223e-01
-4.347460987712031266e-01
2.428179470407099416e-01
1.766438955691829460e-01
3.196129943398916540e-01
4.803567477638020500e-01
-5.669052447261074823e-01
-6.713623106583960221e-01
-2.106537035690427273e-01
-3.183513001411398591e+00
1.432465993929454562e-01
1.013570966699345877e-01
5.325455172043110086e-02
6.773752085712789195e-02
4.706613296971823984e-02
5.936795166435230447e-02
8.772481422792103301e-01
-4.277591606721238282e-01
-2.624085714491739343e-02
-1.312285523141366698e-02
2.056576332747614422e-02
2.617020769573027983e-02
-2.209759840947561338e-01
-9.770487659374663125e-02
-3.440679534423107117e-02
-5.688691379795406816e-02
-1.308352461250567866e-01
-2.414101611214351795e-01
-2.865333005034728653e-01
-1.955533480964272153e-01
-1.442666590025486750e-01
-1.682185598900639290e-01
-1.648931869608254996e-01
-3.395855850965417422e-01
9.457868206127539423e+00
2.474184082853450040e+00
4.768747441471687942e-01
-2.029546532385197999e+00
-3.125594026181139018e+00
-5.060813502798239272e-01
-4.225847654013069055e-01
-6.184731246428439855e-01
-5.303294686958051063e-01
-2.711875235234523451e+00
-1.191954154659977005e+00
1.449398419882638622e+00
-2.572475903366524363e+01
-1.674833933287241505e+00
-5.586049231772438617e-01
-6.963117415341953942e-01
-1.303803120208662625e+00
-1.280127261733149391e+00
-1.564953073462837407e+00
-1.739539299903593017e+00
-1.430507075581529008e+01
-2.307710778936080676e+00
-9.308504377295593324e-01
-6.326888523598198644e-01
-6.204461400274513538e-01
-1.013117853730236995e+00
-2.999411905161420755e+00
-1.227209946518822425e+00
-9.138205192784263353e-01
-9.452707347936671889e-01
-1.828720532757851069e+00
-2.326153826268537728e+01
2.112139268194171038e+01
1.859019212903463281e+00
6.777721788643923162e+00
-7.828113537066673189e+01
-1.784926022161696579e+01
5.197075304520855532e+00
1.959588264487682530e+00
-6.563586966012996982e+01
-9.373739086755200844e+00
-2.208353984135542181e+00
1.543077720175260481e+01
-8.498148342810099010e+00
-3.620862173879884516e+00
-1.635405183169017107e+01
2.312025348256165813e+01
6.336702847008130135e+00
-2.459848037222848394e+00
-5.682901695526593855e+00
-2.542735722816997779e+00
-2.348768032586746379e+00
-2.021334663222475125e+00
-3.320329017893347334e+00
-1.219827907999255245e+01
-3.877723457919315830e+00
-5.651390394025964881e+00
-3.663950667703548270e+00
-6.616424788385197431e+00
-3.661984149814727196e+00
-3.660068297415885130e+00
-2.838663520325810374e+00
-5.081198019915524888e+00
6.056217426914716206e+00
7.457500377963595106e+00
-5.567280027133489995e+01
-3.350969316765477046e+00
-5.027704931966612278e+00
-1.985403556632052702e+00
-3.235740362133570969e+00
-3.593773816275532162e+00
1.458197622627888848e+02
-1.056669592265235380e+01
1.810509136784736839e+01
3.341673787938205464e+00
4.622331150452605897e+00
4.947458513025104310e+00
7.770730461192838057e+00
6.399185068617478045e+00
-8.369883533567056588e+01
-1.063640669727828758e+01
-1.104491083427441644e+01
-1.273421468604943563e+01
1.537142627747991952e+01
1.099631372174752109e+01
6.378803115629758658e+00
inf
1.037173383772171888e+02
-8.765574610263895394e+00
-1.751384823555658343e+01
-1.503911946904745811e+01
1.440321783511979881e+01
1.325124581423671444e+01
9.215714941361264678e+00
8.828117020108019020e+00
4.784125632438811060e+00
6.960820661231578832e+00
1.136557678761256085e+01
3.011789373910018597e+01
1.051138886253428595e+01
6.216556346778774333e+00
2.066698066388299893e+01
1.413495803091863756e+01
6.789005923285328592e+00
3.090275437019778249e+00
2.631180875772686445e+00
2.786565209045777092e+00
3.480435362842555058e+00
3.495760025850177755e+00
2.754446134936511470e+00
2.804584096569519236e+00
3.288965053109573322e+00
4.614259954613174841e+00
3.918130385847463870e+00
3.478526550126040728e+00
3.374830307687512576e+00
3.511652549419620684e+00
3.234217831794139464e+00
2.306407248547964528e+00
2.120866005261242915e+00
1.945756124768365458e+00
2.580699058729090556e+00
2.163668882756574430e+00
2.179292500004522459e+00
1.946362373212023877e+00
1.952807121707427429e+00
1.875748760559282413e+00
1.745370797603466917e+00
1.707764969407522537e+00
1.699954893256296895e+00
1.771899611994104173e+00
1.854784504799414924e+00
1.776913385414927937e+00
1.670427011239718817e+00
1.587531509894295922e+00
1.442259352744202028e+00
1.334040696915586466e+00
1.215527515027531313e+00
1.244816465165285768e+00
1.343249111921227312e+00
1.397578824242794004e+00
1.309133307290231363e+00
1.182606788091358219e+00
1.106937661104786974e+00
1.053733322724624610e+00
1.072340252214953216e+00
1.140415447213544597e+00
1.154345856770059076e+00
1.133220506204834832e+00
1.045929928976474743e+00
1.015385078585915091e+00
9.851001174159957907e-01
9.529012534323569872e-01
9.518330831051249330e-01
8.949075623382410916e-01
9.030875660069369593e-01
9.079751345783654282e-01
8.981969147803449127e-01
8.858170825726611186e-01
8.413427990321278305e-01
8.588042408076241863e-01
8.246531508444370218e-01
8.352113696298607559e-01
7.892039281934158934e-01
7.759738966250251391e-01
7.832817436345912432e-01
7.868066850057400252e-01
7.600821125502090769e-01
7.210552808793084800e-01
7.187335402055560207e-01
7.143922357331280448e-01
6.909483780582295065e-01
6.570648832739794942e-01
6.408076114884762031e-01
6.291580245154221318e-01
6.323361116345339594e-01
6.391598740680985991e-01
6.512071444451176250e-01
6.414778807133715288e-01
6.356637685552374295e-01
6.198716604927667628e-01
6.211388454241475454e-01
6.210101143304127547e-01
6.187806880244905994e-01
6.002362075642425632e-01
5.744383815224054501e-01
5.704485097194756937e-01
5.766783996787053779e-01
5.864434084661368507e-01
5.817840230156554604e-01
5.748430476326760186e-01
5.579704318889894266e-01
5.397156684706633234e-01
5.317077241072898364e-01
5.258358157160036850e-01
5.161268331908378526e-01
5.021715437292292306e-01
4.979838315165042162e-01
5.027318856416875814e-01
5.035910298697459098e-01
4.970871805327991000e-01
4.799288985014517617e-01
4.726277734934135055e-01
4.704533935435851189e-01
4.709571025306599767e-01
4.679606068981179701e-01
4.637556525377624084e-01
4.655364895457916874e-01
4.629573102409172414e-01
4.577662480470704454e-01
4.504531390927898338e-01
4.461292563995919447e-01
4.433102024407632458e-01
4.340821485141742597e-01
4.291080438238801809e-01
4.212436385742930334e-01
4.229889389733739735e-01
4.215282183013167039e-01
4.213780765445304111e-01
4.196328211392964525e-01
4.166248285065515811e-01
4.131029399258178136e-01
4.113030555314887704e-01
4.062202073716311701e-01
4.062248095915181878e-01
4.029593141243990595e-01
4.021834615707753358e-01
4.023555687857373053e-01
4.003811167631886603e-01
3.964150449668837339e-01
3.882149259153670484e-01
3.854730094728971990e-01
3.844235240954211874e-01
3.818437513419457030e-01
3.801491557695507728e-01
3.762474291120098124e-01
3.792609881014175621e-01
3.744567065263353367e-01
3.710468657227244949e-01
3.641975387746155257e-01
3.621440969939904164e-01
3.606099396486161512e-01
3.582363679489578567e-01
3.576579800246669216e-01
3.575181252356682271e-01
3.589916087458936422e-01
3.577938935586467695e-01
3.538358637690788289e-01
3.492151845441380797e-01
3.458679713150362156e-01
3.449049483662512960e-01
3.441014997289536526e-01
3.400960481653150791e-01
3.385428677974940959e-01
3.358970427207552678e-01
3.349424692516848601e-01
3.337145661240375483e-01
3.334102946132027068e-01
3.342440006975244127e-01
3.312419989769043727e-01
3.294452279650610937e-01
3.279000050593390836e-01
3.256896349986660999e-01
3.222769878986715963e-01
3.190544186840437724e-01
3.183608662019156155e-01
3.187239320336187620e-01
3.171389067964671127e-01
3.156698322096632703e-01
3.138590687632181742e-01
3.122125755437858419e-01
3.126672719530563249e-01
3.110381086243484416e-01
3.097927133398470367e-01
3.073375201738151041e-01
3.059694102486600342e-01
3.051021271608692631e-01
3.019024925724052566e-01
3.001430258628703940e-01
3.012031322159243185e-01
3.014168491787951876e-01
3.003064904700217808e-01
2.961069089326437975e-01
2.956405646825118749e-01
2.946901424639702949e-01
2.940032795442169555e-01
2.924050386757517384e-01
2.915439071046458386e-01
2.927969481435629961e-01
2.914580206260830031e-01
2.890577782812573382e-01
2.868983770226292140e-01
2.859254173969862367e-01
2.861883200864051013e-01
2.831212632505475391e-01
2.821337189887392904e-01
2.809953945744921855e-01
2.816105604582824773e-01
2.804278140807996977e-01
2.795001346211280491e-01
2.774749514775675663e-01
2.768151495728095046e-01
2.760290851172543802e-01
2.758369355314376214e-01
2.756168455088189306e-01
2.747042488340995514e-01
2.744211459630703231e-01
2.722804299689931540e-01
2.721306643135492642e-01
2.704706008868352773e-01
2.703168796654383810e-01
2.689681925824148889e-01
2.688445162083732964e-01
2.686891364336038146e-01
2.683128491563457341e-01
2.671613492240653698e-01
2.653116448448363252e-01
2.640677988981929292e-01
2.645603246857901047e-01
2.655511183294967381e-01
2.651194531178199809e-01
2.641218851807113910e-01
2.630504946246006726e-01
2.635783130730711132e-01
2.622248319464540178e-01
2.612027381233620882e-01
2.594919003970356797e-01
2.591133265491035731e-01
2.575007486232348541e-01
2.564102752595254775e-01
2.553852446900740647e-01
2.555718022932927935e-01
2.552966569800994567e-01
2.553755941281132258e-01
2.542860990029754964e-01
2.532156909035771508e-01
2.521977041222801530e-01
2.516792474868236873e-01
2.509733181807152214e-01
2.498436537503174737e-01
2.489139244550396812e-01
2.492073565140638658e-01
2.488229138130255702e-01
2.483943493291415061e-01
2.465682967494957634e-01
2.447437406660973036e-01
2.436971063579415897e-01
2.432314979747256523e-01
2.431032772102444395e-01
2.418114388218553235e-01
2.406093482993928723e-01
2.404226105290957205e-01
2.398660364963726699e-01
2.393132572250790402e-01
2.378139802040184214e-01
2.370816011039066085e-01
2.365283799164697165e-01
2.360194914873453287e-01
2.347285072666418781e-01
2.333652377218899121e-01
2.320679999285436557e-01
2.318065607011376705e-01
2.314940441392469572e-01
2.311355537129099746e-01
2.305089178334829014e-01
2.299734235940510407e-01
2.294510709975910445e-01
2.296994730697986264e-01
2.288658927870387549e-01
2.283071247194263242e-01
2.270686432804196742e-01
2.266968310865595526e-01
2.266150906841765122e-01
2.256785966325685899e-01
2.247252789029085818e-01
2.235275851972026717e-01
2.235672015356869602e-01
2.234914341122354875e-01
2.224270298928680278e-01
2.217263956355509380e-01
2.210216208659515624e-01
2.203774035050673208e-01
2.196294041356136040e-01
2.194394921879758709e-01
2.190238465086401798e-01
2.186736718587438955e-01
2.175931300667291179e-01
2.180456243534490413e-01
2.171840490981121197e-01
2.167790724931295820e-01
2.157601523955161027e-01
2.155404256258453000e-01
2.149205018043542637e-01
2.143862899604560279e-01
2.138315772621664224e-01
2.133315524133126417e-01
2.127149019500690075e-01
2.122969870028297013e-01
2.122532148837424915e-01
2.117377247522347627e-01
2.109136092144255625e-01
2.104696210674608658e-01
2.102106389656537011e-01
2.097993218655339887e-01
2.087902639395482485e-01
2.079710576279234224e-01
2.076292442862990029e-01
2.068320075563878369e-01
2.068183761060030101e-01
2.061585979313211026e-01
2.059834286148630733e-01
2.048875023993433908e-01
2.041103475073704210e-01
2.037534387046492923e-01
2.034894201425439808e-01
2.032149465617138773e-01
2.029288068343999274e-01
2.023542566711717117e-01
2.020855441480064740e-01
2.009648123868060243e-01
2.004131486798155226e-01
1.994582417566889421e-01
1.991566194405746115e-01
1.990991372476756949e-01
1.987946347240822365e-01
1.981903390110821561e-01
1.974609522150727048e-01
1.966682285697559374e-01
1.964246302631730001e-01
1.957399545633461135e-01
1.956452195710799979e-01
1.948606308812284582e-01
1.946834399745891453e-01
1.943475052307973572e-01
1.937808675841855566e-01
1.929761179069140742e-01
1.924076055878114200e-01
1.923279535623510783e-01
1.923313003987003611e-01
1.923145302033895387e-01
1.920944623418817387e-01
1.914926350447427872e-01
1.907840793166774573e-01
1.901741923425827041e-01
1.898375797566793366e-01
1.895268483952866345e-01
1.892855548147971689e-01
1.889072148107198978e-01
1.883015149705724312e-01
1.878328360196112878e-01
1.875653676971222039e-01
1.869069305706362316e-01
1.862123630163367294e-01
1.856197103422952133e-01
1.858102025356064002e-01
1.858887122911270506e-01
1.858434709085123870e-01
1.852446147729743531e-01
1.848791164510700247e-01
1.844514681592603067e-01
1.844575032680826066e-01
1.840004345538701902e-01
1.834425138372712261e-01
1.825267493874848101e-01
1.820178078617019357e-01
1.813845753085455981e-01
1.813226640706777359e-01
1.812817948836030757e-01
1.814874628191606443e-01
1.811149701130529976e-01
1.807778151500960828e-01
1.802020343578571715e-01
1.803855687342446612e-01
1.800990386939949339e-01
1.798386766059071884e-01
1.791572043965468097e-01
1.788676481095820558e-01
1.788819948783234581e-01
1.788776045222802702e-01
1.786191572038646203e-01
1.781996677805280371e-01
1.778859785863400045e-01
1.776093907261921123e-01
1.773885168144665736e-01
1.772972485792747577e-01
1.770626139380820641e-01
1.771128796766858748e-01
1.765875986496999173e-01
1.762303398200172899e-01
1.756825759028751432e-01
1.756265325144469869e-01
1.756769395175410975e-01
1.756855498434894691e-01
1.753147451477166663e-01
1.751422868101311925e-01
1.749497930219018338e-01
1.750487529972428735e-01
1.747057695542001132e-01
1.745162600701211930e-01
1.740555476836032345e-01
1.741657267972505363e-01
1.739979318062728764e-01
1.737333687713202290e-01
1.732550007367005263e-01
1.730483422520204817e-01
1.730901434473444966e-01
1.729130576334141356e-01
1.726620663960920510e-01
1.723645648620157622e-01
1.723335853504789350e-01
1.720013898891578907e-01
1.719745448654698139e-01
1.717078252840271435e-01
1.712373320448352110e-01
1.708317219023363920e-01
1.705475666114770750e-01
1.706216047251682133e-01
1.706472958106004523e-01
1.705924208108817175e-01
1.704031832756291998e-01
1.700931841774676878e-01
1.698273398535120049e-01
1.696935142573877953e-01
1.695571695201969209e-01
1.694267786329706482e-01
1.689985761577217915e-01
1.686205381670956016e-01
1.684549844202653801e-01
1.688784600149853543e-01
1.688316514428601089e-01
1.685584927145146183e-01
1.681966591094211927e-01
1.682125263353254629e-01
1.680479303352949150e-01
1.679124070981352079e-01
1.676602479010564917e-01
1.676676551526919967e-01
1.674774205288690476e-01
1.672526970165477134e-01
1.670404328026614260e-01
1.667764232752962095e-01
1.665681405650152880e-01
1.664179484800282771e-01
1.664306792222482456e-01
1.664388278112648167e-01
1.663681588062644046e-01
1.661447563242934300e-01
1.660519675371098791e-01
1.659035658250120615e-01
1.659154750053235261e-01
1.658277243022061864e-01
1.657045504073205722e-01
1.654382598743980026e-01
1.652062786301623232e-01
1.651292867132941322e-01
1.649975299091279712e-01
1.648729131812931847e-01
1.645924359526615421e-01
1.647596279461587543e-01
1.646008272602159372e-01
1.646935846288809790e-01
1.644817334458196778e-01
1.643243820393308630e-01
1.643447375262429289e-01
1.640024825988318224e-01
1.639293097229258811e-01
1.638062341396539501e-01
1.640612388982666536e-01
1.639619341411718001e-01
1.636102892877421000e-01
1.632878350230710374e-01
1.632622363643861096e-01
1.631870980101921276e-01
1.630846665196727663e-01
1.631319260948838334e-01
1.630468027782273621e-01
1.629640485386842919e-01
1.627834196221882024e-01
1.627145128698965215e-01
1.625842399057180199e-01
1.622804758283151738e-01
1.621862178710924141e-01
1.619941926074443539e-01
1.620864095919330172e-01
1.618445903539290631e-01
1.617538446826940202e-01
1.617265088254516148e-01
1.616985062697033904e-01
1.617440318568175439e-01
1.616473604687730381e-01
1.614853268375090189e-01
1.613398288969705441e-01
1.613780292004937666e-01
1.615755718684011022e-01
1.616108333239728578e-01
1.614353118686134569e-01
1.613348504310137543e-01
1.614605858993535814e-01
1.614736377837114045e-01
1.617028544488209041e-01
1.616230396965371852e-01
1.617831281722276748e-01
1.613746194701582981e-01
1.612185164397659520e-01
1.610628767093806035e-01
1.611302820990516693e-01
1.614265424652964187e-01
1.615429857090357468e-01
1.617249871030086161e-01
1.613751084648692713e-01
1.611486925631347711e-01
1.611684144020897880e-01
1.611988760048841673e-01
1.611845662397632106e-01
1.609868247713705236e-01
1.610689911324228729e-01
1.611998787944560474e-01
1.611764246371031606e-01
1.610316036724321331e-01
1.609528884033473994e-01
1.608339345737102855e-01
1.607216586025947969e-01
1.608032894351200670e-01
1.607882918365844127e-01
1.610078720357595583e-01
1.607021598635158810e-01
1.607867413282138835e-01
1.604176883639403250e-01
1.604405049867330679e-01
1.602005222309106081e-01
1.601133725248261586e-01
1.598592753979131420e-01
1.598673175123786760e-01
1.599876063233899859e-01
1.599443869417031816e-01
1.598875908544425684e-01
1.599233923831251403e-01
1.600198439730828315e-01
1.598991245651598947e-01
1.598660451044003894e-01
1.600778119538504851e-01
1.602638942904059394e-01
1.599806536086605391e-01
1.596149937393130935e-01
1.594926067896379751e-01
1.596442797840778860e-01
1.596709286702965580e-01
1.595856455524340689e-01
1.596514375369179339e-01
1.596946217537740520e-01
1.596491657793711327e-01
1.597529485494476598e-01
1.596726005752851230e-01
1.597681405278224276e-01
1.596145136101665418e-01
1.595579109625287484e-01
1.596731703636169453e-01
1.595574410486812200e-01
1.597544101271994310e-01
1.596612370472345332e-01
1.597613006639135025e-01
1.598297764348202976e-01
1.600123736530867924e-01
1.599775105852484225e-01
1.599789754626982086e-01
1.599294083279020895e-01
1.601391032308332740e-01
1.599539216808361364e-01
1.598625219911034290e-01
1.598180233335400602e-01
1.598173182375982604e-01
1.596959632107779747e-01
1.595403072468082051e-01
1.596182163311237745e-01
1.596437377828313908e-01
1.597392682394535302e-01
1.597625919585300980e-01
1.600125841510094959e-01
1.598524061330098001e-01
1.597557874651060195e-01
1.595679879150992686e-01
1.598152837739920951e-01
1.598926101046677928e-01
1.598485450287626397e-01
1.596124002568194977e-01
1.595363864742075088e-01
1.596158687873859283e-01
1.597070875585540062e-01
1.597638220512878349e-01
1.597897353409218346e-01
1.598010533307754055e-01
1.597612188586845228e-01
1.596786995209714399e-01
1.594548667163142586e-01
1.594990778903790651e-01
1.594512988201427506e-01
1.596857929051011538e-01
1.598523178191679772e-01
1.599380130873137851e-01
1.599175783447480681e-01
1.596780416023984295e-01
1.598073043379076019e-01
1.599515548526473374e-01
1.601495299746213685e-01
1.602482290193176784e-01
1.601369375562044506e-01
1.601952354121308486e-01
1.600337359315709418e-01
1.600565971946940058e-01
1.598575494421267673e-01
1.598285549711277176e-01
1.599041882243950885e-01
1.600997578941180388e-01
1.601751486813011716e-01
1.603134276137727354e-01
1.604691043943456130e-01
1.605378871853725131e-01
1.605386488755087271e-01
1.603569868034929458e-01
1.605649292897687597e-01
1.605839785978758205e-01
1.606223950996967242e-01
1.605246664721379501e-01
1.605844874490582885e-01
1.606856131752401329e-01
1.606538825935779069e-01
1.605574923799449605e-01
1.606391491976673358e-01
1.608105037185145192e-01
1.609921245519884969e-01
1.609743721290753937e-01
1.611423449836101029e-01
1.611619534939094378e-01
1.614636787816877972e-01
1.615761524201406729e-01
1.618867876931820993e-01
1.619303906210306787e-01
1.619021227315335099e-01
1.619792868716524170e-01
1.620833133580792951e-01
1.622910045253679601e-01
1.625070599547653594e-01
1.626622868735912164e-01
1.627830958281843154e-01
1.629728177586880211e-01
1.631635097704061677e-01
1.633864929213508232e-01
1.633589952887736230e-01
1.635320927350529807e-01
1.636779815363796631e-01
1.638291806501019354e-01
1.639178291962026524e-01
1.639147099790237705e-01
1.640077650385720898e-01
1.640657076458617025e-01
1.641141642195357853e-01
1.640154704973316446e-01
1.639717161150922586e-01
1.640534470810490753e-01
1.640070835452656084e-01
1.638647733392576966e-01
1.638107199968755756e-01
1.639343510087787337e-01
1.643040760673734890e-01
1.645235853350258126e-01
1.646808165986392014e-01
1.647420895127200413e-01
1.648023128903239320e-01
1.648385938676288354e-01
1.647659203984756793e-01
1.648068465842573715e-01
1.649532542560516180e-01
1.650875526468847942e-01
1.652594511520402709e-01
1.652634237958917063e-01
1.654573434233656548e-01
1.653741285029338148e-01
1.655437518336844716e-01
1.655564277233695092e-01
1.656829589539244030e-01
1.655387476378734901e-01
1.654250658319978140e-01
1.654378050774086839e-01
1.657763735990144260e-01
1.658876319501103869e-01
1.660495864081483197e-01
1.661345622311285741e-01
1.664825929529460125e-01
1.666240063198445309e-01
1.665398008879366010e-01
1.665641690453181500e-01
1.667009852672173276e-01
1.668522340654318981e-01
1.668952179455283902e-01
1.669133388371983884e-01
1.669438293743656099e-01
1.670076748208228767e-01
1.671069671901470044e-01
1.675079432817224989e-01
1.676152768534188431e-01
1.678363291885202613e-01
1.679105875649561375e-01
1.681547169314664414e-01
1.683596978201409300e-01
1.683307430023927020e-01
1.684843569882901737e-01
1.683464065591703529e-01
1.684929274807862865e-01
1.685152591966332103e-01
1.686183193805267932e-01
1.686561877121639796e-01
1.687042577823177902e-01
1.689740479909719872e-01
1.690756988897814117e-01
1.692116718481195270e-01
1.693610503257884370e-01
1.695321096517987125e-01
1.697544023954020154e-01
1.696733993967865783e-01
1.699608834531976254e-01
1.699317322512209905e-01
1.701319751164693805e-01
1.700654432498821533e-01
1.704722293128525801e-01
1.707092409406817946e-01
1.709570328969265141e-01
1.710700382273102060e-01
1.711748296529281843e-01
1.714666445499359038e-01
1.714578303850789465e-01
1.717191775429175171e-01
1.720316967991910306e-01
1.723597304169302014e-01
1.724573225446351388e-01
1.724827724486225344e-01
1.725221124289302299e-01
1.727695935176642439e-01
1.729158149393573707e-01
1.730570283899494632e-01
1.731922877850749498e-01
1.732839848567578334e-01
1.735215324012440441e-01
1.736525430699375483e-01
1.738966281262904201e-01
1.742699809099733932e-01
1.744492117888367666e-01
1.746576905672303226e-01
1.746251605890370151e-01
1.748192418820850580e-01
1.747118798262452810e-01
1.747098948678837693e-01
1.748308722075157529e-01
1.750717214384935050e-01
1.754245362850110068e-01
1.754808797454711078e-01
1.755405970494380297e-01
1.756201335633150173e-01
1.756847290851042409e-01
1.758809067698195172e-01
1.757946344328771837e-01
1.759778419199758970e-01
1.761150752706905076e-01
1.764588032838893539e-01
1.766358511175535606e-01
1.769751026233069013e-01
1.771485154408517781e-01
1.772538688531225259e-01
1.772391026593790053e-01
1.772358873636950827e-01
1.771949192212597390e-01
1.771256426331171419e-01
1.775549471208838492e-01
1.778254388335906155e-01
1.781672120941744375e-01
1.782417408087739463e-01
1.784419678632903072e-01
1.786113091126401708e-01
1.786447739857000561e-01
1.787590022745327578e-01
1.787456692039779693e-01
1.788304747667104344e-01
1.790800114875369664e-01
1.793992942540424407e-01
1.797196405838147049e-01
1.798744137194696613e-01
1.797492277527879267e-01
1.797631446576333503e-01
1.797259166770244221e-01
1.800699753834204275e-01
1.802748764516878544e-01
1.805311026509943129e-01
1.807237174358098941e-01
1.808737757626935339e-01
1.811135983786056058e-01
1.812592114157398071e-01
1.810623029021942165e-01
1.810484196413382763e-01
1.810583284582515384e-01
1.814748170560372409e-01
1.816801061268300266e-01
1.817517948731056932e-01
1.818977873594257721e-01
1.818129219251318207e-01
1.819461702535543068e-01
1.818231108699381038e-01
1.820875814368587975e-01
1.822879834721979619e-01
1.824482211368378681e-01
1.823653153124986104e-01
1.825848247993906992e-01
1.826896634291658161e-01
1.830472912956420395e-01
1.832677295331275602e-01
1.837396255494319619e-01
1.842795665152050510e-01
1.846448242386531102e-01
1.849094864117472314e-01
1.848594715749953543e-01
1.845344223386075622e-01
1.842907926387484796e-01
1.840200189641421069e-01
1.842231065829699477e-01
1.845262746171753010e-01
1.849922563526581187e-01
1.850715564196704077e-01
1.849963607190933113e-01
1.849360386343583962e-01
1.851067591260011358e-01
1.852533108116290461e-01
1.851967173418310464e-01
1.849954408275558959e-01
1.847453793915361242e-01
1.846299663902621624e-01
1.845709567186653577e-01
1.845695390207876263e-01
1.844568601226898308e-01
1.843079216221822081e-01
1.842687227969570241e-01
1.842698635397454210e-01
1.841645952992647384e-01
1.840581046960027278e-01
1.837799407336966062e-01
1.836348592666234569e-01
1.832758813875420278e-01
1.832328469146503047e-01
1.830292889086500008e-01
1.830862558920279826e-01
1.826444898222134572e-01
1.824459276345578029e-01
1.819323761003921458e-01
1.818009257652904720e-01
1.817184909445965779e-01
1.818640674580007111e-01
1.819949768253839306e-01
1.820426527139266115e-01
1.818079317298736675e-01
1.817574150887750206e-01
1.816358230718731481e-01
1.814518245673522601e-01
1.811953370639677319e-01
1.809869401919219911e-01
1.808847182544393861e-01
1.806504045845301332e-01
1.804093065391256245e-01
1.804222979530916426e-01
1.804955500555094627e-01
1.804211240240397307e-01
1.804188432695330024e-01
1.802752331471208502e-01
1.801524162131204476e-01
1.799138504757700763e-01
1.796442839508941014e-01
1.795996885679786992e-01
1.793774655289211983e-01
1.794002108337846013e-01
1.793418748676908203e-01
1.793893134873517647e-01
1.793682487507614054e-01
1.793245089266061465e-01
1.793526250372508568e-01
1.792629070091063537e-01
1.792123887272215332e-01
1.790535027673584301e-01
1.790102923884691888e-01
1.788698405795252078e-01
1.788391486365127070e-01
1.787044379267119509e-01
1.787615825524950797e-01
1.788301172446174203e-01
1.789671463752288694e-01
1.789441577489986612e-01
1.787978219332388707e-01
1.786341700463752180e-01
1.784015082824203791e-01
1.781551424657558391e-01
1.780574779709720445e-01
1.779410241497093315e-01
1.781343717619010558e-01
1.782614887198626652e-01
1.785764675887843989e-01
1.785684800134869354e-01
1.787050839421684134e-01
1.787812171376864934e-01
1.788679525202809539e-01
1.788257712135748467e-01
1.785543788590629177e-01
1.784520670635821593e-01
1.783387901105404350e-01
1.784066430962119032e-01
1.785584319471131831e-01
1.787697539887470322e-01
1.790330109388863222e-01
1.792430775429107170e-01
1.794752096985337553e-01
1.795284977792887815e-01
1.795665931453668818e-01
1.794059443704562051e-01
1.793944249125049295e-01
1.794369099296092285e-01
1.794716448763339356e-01
1.795999203220938756e-01
1.796382119151498646e-01
1.798245808133097645e-01
1.802455681094013162e-01
1.808131589871581069e-01
1.812134922962927996e-01
1.812534881913989149e-01
1.811131855214769548e-01
1.810897771019619462e-01
1.812491696200892732e-01
1.811325609922188051e-01
1.812747113153512502e-01
1.812532191235192436e-01
1.816910082435234386e-01
1.817869839953821232e-01
1.819647197846376574e-01
1.821150506274306635e-01
1.824745997912273210e-01
1.827073409881898869e-01
1.827388356389124113e-01
1.826681362983419432e-01
1.826879914447040731e-01
1.825686511583054228e-01
1.826290967509203444e-01
1.827210866051014460e-01
1.830002597498972261e-01
1.831012827378247498e-01
1.830688576165681314e-01
1.831246315786010381e-01
1.833512784787404426e-01
1.838499401972251979e-01
1.841759267612100848e-01
1.841371901495461871e-01
1.839760308937729849e-01
1.838719137098749901e-01
1.837335434447188720e-01
1.837192830900351292e-01
1.836491494456961027e-01
1.838107811903688937e-01
1.841357074254167947e-01
1.844361224958892265e-01
1.849153633417630893e-01
1.851246616242110399e-01
1.855792450126241833e-01
1.856128927514077154e-01
1.856340740077986329e-01
1.856442741335701530e-01
1.859072083075404003e-01
1.861162665714366227e-01
1.862425128129733543e-01
1.864386780122566922e-01
1.867774705418364378e-01
1.871399959565415716e-01
1.874961278355869732e-01
1.877214716561529384e-01
1.881066358811199768e-01
1.882971564629905836e-01
1.886429944785392998e-01
1.888192549427974987e-01
1.891561577842311437e-01
1.891895645478794408e-01
1.891765914156304795e-01
1.891802625047854791e-01
1.896267261754440436e-01
1.898548393859371963e-01
1.902504922397426912e-01
1.905070098216417318e-01
1.913435281236846308e-01
1.919134231301276305e-01
1.923682582120372908e-01
1.925036973101884319e-01
1.926126945305899063e-01
1.926804168657214045e-01
1.927007066173639371e-01
1.930041324613020470e-01
1.932324494499739198e-01
1.934956927648208147e-01
1.938295641039206596e-01
1.942317348777434505e-01
1.947703322939711157e-01
1.951628659862623683e-01
1.955406601422915169e-01
1.959398334841238876e-01
1.962826738677530825e-01
1.966211823941909631e-01
1.970593703927583651e-01
1.974256941324487313e-01
1.978056584449721655e-01
1.980212628445728873e-01
1.983262821463514514e-01
1.987071392829106165e-01
1.989347743785025435e-01
1.990244278361030794e-01
1.991992906196006774e-01
1.995713385921754901e-01
2.001310782920627529e-01
2.005668443254855771e-01
2.008392771293239787e-01
2.010832595339108742e-01
2.014065173251511076e-01
2.016567699114176770e-01
2.019786446825484194e-01
2.020127966978997602e-01
2.025292184242605542e-01
2.030881967029737056e-01
2.037382200170191060e-01
2.039866386929451436e-01
2.040600738066177811e-01
2.042915074005549891e-01
2.044165852060511046e-01
2.047329901766948845e-01
2.052080638673660640e-01
2.059291847550270282e-01
2.064965632974828103e-01
2.068197099095256952e-01
2.069420878902645256e-01
2.071030453467814780e-01
2.072804430040482149e-01
2.073753645758734387e-01
2.075277241188297206e-01
2.077319770646679775e-01
2.082300635400942124e-01
2.087263061055526225e-01
2.091563048641409128e-01
2.096228314408305204e-01
2.099801246771577368e-01
2.103025723820766413e-01
2.104450245386287888e-01
2.107845215640759828e-01
2.110824409240376343e-01
2.114221689159696549e-01
2.114146054896274829e-01
2.114648121801288028e-01
2.116194181459923884e-01
2.120086671153804669e-01
2.125327830765124104e-01
2.129620046629105423e-01
2.133602800661752452e-01
2.136035460549318976e-01
2.139364017901878023e-01
2.143016092551082441e-01
2.147904580134280539e-01
2.151186673273758621e-01
2.154727848544569779e-01
2.155411380293053014e-01
2.157685367716945246e-01
2.157387610230010744e-01
2.160711153815401686e-01
2.162699931314218948e-01
2.164484416754333951e-01
2.167560849353656893e-01
2.171101224617737191e-01
2.175156675787955629e-01
2.177031639940115726e-01
2.181402257228957642e-01
2.186032694837598822e-01
2.192106398581468163e-01
2.195262626484945079e-01
2.195656251377076096e-01
2.195909401695930463e-01
2.196563545021302244e-01
2.200609079063950146e-01
2.201342695260240234e-01
2.202318704569354579e-01
2.205079572567060220e-01
2.210734797509669169e-01
2.214869872153069630e-01
2.216861202643488626e-01
2.217139294293340446e-01
2.220544737319933848e-01
2.223704791265826430e-01
2.228628844422301247e-01
2.230374016531792569e-01
2.232442460734009038e-01
2.233479135580336561e-01
2.233347434165336431e-01
2.232215968700863029e-01
2.230723449802132219e-01
2.231334080583745605e-01
2.234491218485111785e-01
2.238632203506699114e-01
2.243889442371087839e-01
2.246284821393645936e-01
2.250492668070402102e-01
2.254071892280190281e-01
2.258645087297464493e-01
2.259843319511091742e-01
2.261543533234721404e-01
2.262613894541717907e-01
2.264113816940614698e-01
2.262146674365249632e-01
2.263786016129064882e-01
2.263652733802611894e-01
2.267804208904296848e-01
2.270433323546887372e-01
2.274233974412400439e-01
2.277417784576132864e-01
2.280373859449781881e-01
2.283595900027271808e-01
2.284730352024783029e-01
2.282902285442559853e-01
2.284440446288600879e-01
2.284753703545902848e-01
2.288950557927198481e-01
2.291200587623045681e-01
2.295088292148494691e-01
2.293574370603538026e-01
2.296326211575357157e-01
2.296187604354006095e-01
2.300907591486273385e-01
2.299573985682610289e-01
2.301014240521580545e-01
2.300443710967392252e-01
2.302652758586551107e-01
2.305573815933987525e-01
2.311800247474793124e-01
2.315125165010412656e-01
2.317734587908400201e-01
2.319351318880302493e-01
2.321370824344090589e-01
2.324901228754513993e-01
2.324797171745843494e-01
2.328795935189610644e-01
2.330659076903250360e-01
2.334229725634750230e-01
2.332557247450841864e-01
2.334587007967292571e-01
2.334951608277084090e-01
2.337583409554135350e-01
2.337374937512547712e-01
2.339679125830911588e-01
2.344046778871716474e-01
2.348092037775688368e-01
2.350109430381443487e-01
2.349874667147645591e-01
2.354820304951313059e-01
2.359297317030202012e-01
2.364901737985719010e-01
2.367939507258943199e-01
2.370301759195406754e-01
2.371842713051116325e-01
2.372110851165563639e-01
2.373856641379909205e-01
2.375544550990088544e-01
2.375583977390805790e-01
2.374918072202023556e-01
2.379261408919353116e-01
2.383915504553859310e-01
2.390771000776941435e-01
2.392888775562176662e-01
2.396658663660964361e-01
2.398626531079757485e-01
2.401165148517884484e-01
2.403245672054772075e-01
2.406941787647191300e-01
2.410102278899148021e-01
2.413540707170918342e-01
2.420501246043485766e-01
2.427086044529422892e-01
2.435246040430934511e-01
2.441316738500173000e-01
2.449487884746611444e-01
2.456920510357548382e-01
2.463477888074734057e-01
2.467624791356670400e-01
2.472449836160938441e-01
2.475477815438763829e-01
2.478385188341532541e-01
2.479710329483965081e-01
2.481196271493326388e-01
2.481488175029520071e-01
2.479029692416087338e-01
2.476205933118107716e-01
2.478639425151382414e-01
2.484435162075123438e-01
2.491746580193816007e-01
2.494583300236854484e-01
2.493024454044788230e-01
2.493131732256727018e-01
2.493421691671288964e-01
2.495789882580074781e-01
2.494053479646888283e-01
2.494988602926973831e-01
2.497141119237111240e-01
2.501900448536243937e-01
2.507094049352990850e-01
2.508284560042700617e-01
2.511320806531755490e-01
2.511672379498251506e-01
2.517060470629720048e-01
2.521096821930295939e-01
2.526290299663948025e-01
2.528458326679788870e-01
2.530502292178070101e-01
2.529764339192454026e-01
2.532904640895920489e-01
2.534787275171740406e-01
2.536873192769461549e-01
2.538385465135554186e-01
2.537316884901273939e-01
2.540359734362397925e-01
2.542107815037615293e-01
2.545077641755926767e-01
2.548517914366975612e-01
2.548812086772709318e-01
2.551965102142111919e-01
2.552900366496269058e-01
2.558489236393858279e-01
2.566201356258234756e-01
2.574150858888598625e-01
2.578853595902794171e-01
2.585228545118890553e-01
2.589482720607205746e-01
2.597660765008407702e-01
2.599199345627288826e-01
2.602212013394750167e-01
2.601551325677733950e-01
2.602623284149420679e-01
2.605418083536146234e-01
2.608768605909747573e-01
2.613696311602584088e-01
2.614385536174939073e-01
2.615584734063844397e-01
2.618804294758373397e-01
2.622589309239726219e-01
2.627939557375487678e-01
2.633057870038982284e-01
2.639986748533570959e-01
2.649270810357552963e-01
2.654486765987605357e-01
2.661073283811402068e-01
2.665826188710387346e-01
2.672781855282778674e-01
2.674724145398783004e-01
2.677594737219870513e-01
2.677102264713736579e-01
2.679076081639488183e-01
2.678896248227302102e-01
2.679550900846985328e-01
2.680486523977115842e-01
2.682528386276517018e-01
2.686115471813750322e-01
2.690450905705699114e-01
2.695925987352380537e-01
2.699325381034872740e-01
2.704271061146409916e-01
2.707952618318734683e-01
2.714862342986625321e-01
2.720821521351017847e-01
2.725183673520950034e-01
2.729740227836145450e-01
2.736133926570940011e-01
2.744017474595095152e-01
2.746417642451907670e-01
2.747496432652961618e-01
2.746076187419876913e-01
2.749280750405103113e-01
2.749444270021382253e-01
2.749452572439090026e-01
2.752231772622598660e-01
2.756138086623978189e-01
2.763430299499439746e-01
2.767403030682519804e-01
2.774051250814912328e-01
2.778425047274301618e-01
2.787376092686397189e-01
2.793023538760617819e-01
2.801232571966695839e-01
2.807227125466812967e-01
2.814948275979984871e-01
2.821481451174271959e-01
2.828877236405133999e-01
2.833462852721072012e-01
2.837646264407331920e-01
2.839454686722137633e-01
2.843409902711552806e-01
2.847532237069504424e-01
2.850960706004501133e-01
2.856179724634551054e-01
2.864468845504392069e-01
2.875539765764913436e-01
2.886694832283090983e-01
2.897996210789400284e-01
2.907545512248193575e-01
2.918323782897904173e-01
2.926399810002310309e-01
2.934314936116839689e-01
2.942792029870268666e-01
2.949076648906253650e-01
2.957242567592263671e-01
2.968970700434888088e-01
2.981174486511163346e-01
2.992829928049229871e-01
2.999990220634020099e-01
3.009442385276776544e-01
3.019563038971717073e-01
3.034453913041241790e-01
3.045488867958213719e-01
3.058058826515029360e-01
3.070835577006812422e-01
3.090191811707264646e-01
3.110447042423712394e-01
3.132286946669456396e-01
3.156556797696168370e-01
3.182013002328646922e-01
3.204753141705281583e-01
3.230022622293690082e-01
3.257658215800425805e-01
3.287230975806104682e-01
3.322733672280767103e-01
3.358547205314143524e-01
3.399182913788879601e-01
3.436328173950976006e-01
3.477454998387998208e-01
3.519566705395323902e-01
3.558920138210558970e-01
3.600903679736239260e-01
3.644031676111784690e-01
3.692450685926862985e-01
3.742381141777702536e-01
3.788022979798963408e-01
3.833048198249528471e-01
3.881943190665371746e-01
3.930517609175098737e-01
3.972648525966809285e-01
4.002659950828278967e-01
4.025264215239374166e-01
4.052078765667265770e-01
4.075012439807095266e-01
4.100372551384829367e-01
4.113795725460811514e-01
4.131448108419638610e-01
4.144094787100462973e-01
4.159346748631300716e-01
4.163057244597674345e-01
4.167755514366296432e-01
4.170419750607362586e-01
4.169611034211812561e-01
4.162654349104189522e-01
4.152573057927481104e-01
4.144434148674526197e-01
4.139928877244640759e-01
4.129061180418608923e-01
4.118614200699161620e-01
4.109463693021312980e-01
4.100364417951340990e-01
4.093006569181050769e-01
4.081570677162126848e-01
4.067451050647831190e-01
4.048345301694367127e-01
4.029227297712295042e-01
4.017946490777303814e-01
4.008010410753451436e-01
3.997147499279439242e-01
3.984719858965805606e-01
3.968382083215828970e-01
3.950756326732934864e-01
3.931228943327574332e-01
3.915393493181092976e-01
3.894226860135592272e-01
3.881896831259054603e-01
3.863172899078916589e-01
3.856493834488082251e-01
3.838818857469744050e-01
3.824878035538965548e-01
3.805600346937150213e-01
3.792454731728390205e-01
3.781900360004041839e-01
3.770955846054805383e-01
3.760882454095550442e-01
3.754066997432416453e-01
3.745245695965896959e-01
3.742687120689752733e-01
3.738750859217684908e-01
3.739172554778888435e-01
3.735623992156374973e-01
3.736996425602449601e-01
3.742242042241673006e-01
3.747355186516406755e-01
3.749691936032160666e-01
3.749552969990625484e-01
3.752998157600971885e-01
3.754265624444853011e-01
3.758538766340375203e-01
3.757929549771286126e-01
3.759962663783640302e-01
3.766739652374919145e-01
3.772495861387978322e-01
3.777912259134649231e-01
3.776591919183018287e-01
3.783974091167972564e-01
3.785132511180251402e-01
3.789242585473845959e-01
3.789984687036126454e-01
3.800074814698014003e-01
3.809390936420053997e-01
3.819012808326641695e-01
3.829088778391504522e-01
3.844107120084707119e-01
3.854803354706195506e-01
3.861631099032075687e-01
3.868362053194943084e-01
3.876671592465594784e-01
3.884694546878565968e-01
3.890073908775536493e-01
3.893849492522598599e-01
3.901377311014491700e-01
3.909485794192862906e-01
3.922278296547225263e-01
3.933403187534196821e-01
3.939803519315179248e-01
3.946568809070948314e-01
3.957255830096856886e-01
3.969084058994634678e-01
3.973731955916641745e-01
3.977978581243748479e-01
3.987048522779664261e-01
3.999353991438421851e-01
4.012568778467304198e-01
4.026174915941689303e-01
4.038166745154288528e-01
4.052532184466653420e-01
4.062611377766943699e-01
4.083191718229612910e-01
4.095412241594589831e-01
4.110570215718965525e-01
4.119433907829840313e-01
4.131649556182493965e-01
4.148793612843437728e-01
4.160670935801774606e-01
4.180388225180383666e-01
4.194591480176370069e-01
4.210938393126621992e-01
4.224704412166780387e-01
4.241343733964615392e-01
4.266746495423828223e-01
4.287634932391284348e-01
4.302801471146019963e-01
4.322390987262449968e-01
4.336270227043008685e-01
4.360005187298930385e-01
4.374875870234817832e-01
4.394432330167840073e-01
4.409347537024085883e-01
4.422208839373226175e-01
4.442355651158841900e-01
4.465765713264850945e-01
4.502699046131709015e-01
4.533969966917462679e-01
4.554498329642371335e-01
4.576366457445251723e-01
4.595118228619612943e-01
4.628037100374852719e-01
4.652545081081255751e-01
4.681628025851382602e-01
4.703702034468194015e-01
4.729962329703770174e-01
4.756969371067455987e-01
4.787134671525030138e-01
4.813959347561459490e-01
4.844350118603970579e-01
4.877400245556398062e-01
4.914726812225027608e-01
4.946403626892054151e-01
4.970761856694664305e-01
4.995777379052133704e-01
5.028817205701620052e-01
5.064372644534261836e-01
5.091462684607286349e-01
5.112814276344579412e-01
5.137245336545549490e-01
5.167563031831212683e-01
5.199540318455264654e-01
5.232516478181753472e-01
5.268251647642134827e-01
5.309641648514255019e-01
5.350648575348234681e-01
5.394221105179729525e-01
5.430787035684908615e-01
5.463984949258678947e-01
5.492958042756770354e-01
5.536005339464957764e-01
5.583116083690764508e-01
5.633306377306877000e-01
5.681048721459276418e-01
5.724786451650075714e-01
5.776066715624962322e-01
5.818785412740616891e-01
5.869537805046000090e-01
5.912730371571423005e-01
5.957461108330845967e-01
6.000731164971144782e-01
6.038025826666186813e-01
6.075859402799959064e-01
6.107385163455975041e-01
6.143877714550756153e-01
6.180133447336008112e-01
6.225678293742092917e-01
6.261002615087444267e-01
6.306686041635578555e-01
6.342298055963652148e-01
6.393913612104268340e-01
6.439750865595664786e-01
6.503840187447549326e-01
6.565863352632250738e-01
6.628531514016504644e-01
6.687702460574195262e-01
6.742413497784364163e-01
6.797157561133260195e-01
6.847454300819447726e-01
6.916723270830525960e-01
6.991001282869444555e-01
7.069673525576837259e-01
7.130403206027299268e-01
7.202999171165070935e-01
7.266621517004402397e-01
7.337969673499823431e-01
7.393764355770736652e-01
7.454032565930874821e-01
7.498107970110923226e-01
7.549460999236042857e-01
7.612323953897688344e-01
7.683927874813774039e-01
7.749589631741323759e-01
7.798463585420081223e-01
7.849773738527993094e-01
7.898692440016101823e-01
7.947481525382770196e-01
7.999616921930192692e-01
8.059508973426499079e-01
8.130469424148765167e-01
8.209703954423523964e-01
8.285624547614789392e-01
8.368777929229104240e-01
8.448921818629622216e-01
8.535099848339493533e-01
8.613222484805916901e-01
8.701484668805731237e-01
8.807875631032144881e-01
8.917592545956554151e-01
9.023655617882798685e-01
9.116060959705259981e-01
9.229519893499495975e-01
9.334559644855292548e-01
9.424994898250860231e-01
9.511289134270716206e-01
9.605983598977683169e-01
9.706252517865273655e-01
9.802427846910813924e-01
9.900723597302193424e-01
9.997329993921419966e-01
1.010266660294517838e+00
1.019568647414805795e+00
1.031680292952541933e+00
1.041736596856872143e+00
1.052392542735989256e+00
1.059465545188322366e+00
1.067544553478651848e+00
1.075227011652039488e+00
1.083656407980802650e+00
1.093629294353467118e+00
1.104732366903085072e+00
1.117745086701246837e+00
1.129860075599555147e+00
1.141315338044445404e+00
1.153764619077363829e+00
1.166657446082989935e+00
1.181311818528002933e+00
1.195658250545717394e+00
1.210072739506357964e+00
1.227714678710271512e+00
1.242747568938430192e+00
1.258968798747475359e+00
1.271656369143315368e+00
1.289332918910907066e+00
1.306490815901196090e+00
1.321169024099028366e+00
1.335608987705142248e+00
1.349480281669205972e+00
1.366705815340023777e+00
1.381723406244844687e+00
1.399735201651511218e+00
1.416417267942196245e+00
1.435797477856659121e+00
1.450853745102650638e+00
1.468134039865665486e+00
1.485061132815950868e+00
1.498602943160538992e+00
1.515538012129194145e+00
1.529234037472587460e+00
1.547355810950361343e+00
1.564589636380429472e+00
1.580995216256815494e+00
1.600738299908482487e+00
1.622021128701519599e+00
1.645026237344797249e+00
1.666686436711032782e+00
1.690626528587111821e+00
1.714567144185844105e+00
1.739378194438738312e+00
1.761771960820027072e+00
1.790285641182235432e+00
1.822785364072728731e+00
1.854062454570114316e+00
1.889811999404138021e+00
1.925755854826396662e+00
1.968032365465700151e+00
2.007419193727991491e+00
2.051974699362594912e+00
2.090899266817636271e+00
2.131635298787796451e+00
2.174897052060336122e+00
2.225575976766729802e+00
2.282048391664946330e+00
2.340874014390705860e+00
2.403265070491472866e+00
2.462910298265731157e+00
2.518336079689386775e+00
2.573424080056141872e+00
2.642343051251928809e+00
2.715021479966098550e+00
2.786371142643188303e+00
2.854815243241522804e+00
2.930320421437496936e+00
3.017201497127076859e+00
3.093581031384940339e+00
3.165824772564946432e+00
3.258404954902007322e+00
3.353500318252644607e+00
3.463097489199018941e+00
3.558287782640393804e+00
3.657724648224538466e+00
3.783383494520206725e+00
3.901895532073441419e+00
4.036057621891838032e+00
4.161916273707201519e+00
4.270916675749213631e+00
4.402170626440463863e+00
4.528231187786240675e+00
4.686419548305400085e+00
4.844784522859455045e+00
5.008071748538982071e+00
5.174934325998147067e+00
5.367161771442999552e+00
5.531924436615115681e+00
5.696205705662888974e+00
5.875843545344287655e+00
6.069596612325966589e+00
6.299944793637306084e+00
6.459295774559893566e+00
6.728918636715213175e+00
7.006115113668646366e+00
7.349639611659993577e+00
7.585070215499227331e+00
7.808540506610241572e+00
8.094858851636416830e+00
8.458440137779204449e+00
8.856949678699882256e+00
9.184906238457998029e+00
9.518003758501690115e+00
9.859640935610080703e+00
1.032850318030170733e+01
1.079576957940409265e+01
1.140569281564446413e+01
1.185532286616194142e+01
1.235507507478599543e+01
1.285755831073045563e+01
1.334639771582737033e+01
1.383037569268742928e+01
1.429379519739637416e+01
1.494851020959069388e+01
1.580627768044652548e+01
1.663862119578764975e+01
1.750156181783368226e+01
1.806919704194292819e+01
1.902817912462016636e+01
1.977191506114237285e+01
2.042273749326353993e+01
2.125687117679612470e+01
2.250866883007879693e+01
2.398555438956842778e+01
2.509511461223646478e+01
2.594147309077052199e+01
2.705861355372899979e+01
2.875517856171017783e+01
2.982321611329788524e+01
3.140549257998055666e+01
3.144171137905176039e+01
3.360059315279846004e+01
3.465506191183194318e+01
3.646874933584631151e+01
3.687854266945920756e+01
3.781208343218936818e+01
3.835306830971919112e+01
4.005381608508655233e+01
4.104462428718223066e+01
4.383637850510532274e+01
4.250132431813018741e+01
4.308982205478047689e+01
4.158525236229576194e+01
