-1.019777562569220298e-03
-2.350430467754084304e-03
-6.926083766628103426e-03
-2.098038078224048319e-03
-1.201272810611522758e-03
-8.573052920661954936e-04
-8.178707518509503683e-04
-8.046044899471668180e-04
-8.554006841936947310e-04
-9.139199994285075257e-04
-1.012239330714001170e-03
-1.131559485345318486e-03
-1.239538573728373285e-03
-1.375771361674140748e-03
-1.468784585797842631e-03
-1.618934939226041383e-03
-1.763939258494891249e-03
-1.880443102805647764e-03
-2.070317131278177902e-03
-2.232158412962128614e-03
-2.343682094490972916e-03
-2.471848705947661887e-03
-2.618461096907711769e-03
-2.840663318716950617e-03
-3.054241970585805377e-03
-3.227473524127737105e-03
-3.501564819530420935e-03
-3.768289945288925448e-03
-3.920304730427368219e-03
-4.015407052682321530e-03
-4.073608713793459499e-03
-4.193104431223892981e-03
-4.374750842105240740e-03
-4.508795298215365066e-03
-4.579317061666661644e-03
-4.836954554568497974e-03
-5.130395321848139553e-03
-5.333593193302082862e-03
-5.311134623737928835e-03
-5.180808685924325439e-03
-5.273348729346209914e-03
-5.586844645035369400e-03
-5.599396314700886418e-03
-5.853555278689315418e-03
-5.845749308910199414e-03
-6.374444847741315458e-03
-6.459793905567701687e-03
-6.636165106540822464e-03
-6.662456100035730328e-03
-7.142158294097852855e-03
-7.229784069576777016e-03
-7.225037154245317166e-03
-7.093806813051134474e-03
-7.340252663792539399e-03
-7.469676046744587981e-03
-7.405685640556594271e-03
-7.129475173154074114e-03
-7.296493585260815755e-03
-7.327157554092216495e-03
-7.548954095584535159e-03
-7.543213198428668463e-03
-7.868364052716831855e-03
-7.846247297040906399e-03
-7.886974569432516485e-03
-8.163188825410802249e-03
-8.443093147035859655e-03
-9.081270978553757783e-03
-8.635794567746600189e-03
-8.656097885782400303e-03
-8.286896093562014232e-03
-8.631440899546051135e-03
-8.597913951533208560e-03
-8.508653645118756728e-03
-8.327007977919353987e-03
-8.070381457367171649e-03
-8.136407059417972293e-03
-7.952110703435776723e-03
-7.902000454777116309e-03
-7.495859036347986802e-03
-7.347801332653077985e-03
-7.564164467990342616e-03
-7.616125193670684156e-03
-7.814993259226724401e-03
-7.731017603738976965e-03
-7.854274021024032840e-03
-7.333127849415329788e-03
-6.480330009634104570e-03
-5.911039815893726589e-03
-5.897920023968636176e-03
-6.213715759589569926e-03
-6.293780447804001033e-03
-5.879331735609048294e-03
-5.366053408161228742e-03
-5.117817123030181728e-03
-5.072493142082907039e-03
-4.474622627360754640e-03
-4.110388903100307620e-03
-3.643534775352727691e-03
-3.659862557733114738e-03
-3.249866017936587671e-03
-2.788852359103964097e-03
-2.339225438689883363e-03
-1.914327338915517785e-03
-1.555720792197870040e-03
-1.124901179565742900e-03
-7.249872305794161998e-04
-2.589114197400947475e-04
2.120666356630757099e-04
6.981681208301075171e-04
1.225365899239208882e-03
1.735372346452682081e-03
2.261947415966864949e-03
2.906627977556700253e-03
3.430032345782617342e-03
4.017682305911795745e-03
4.672151249092273105e-03
5.356238820238300169e-03
6.045175766642707504e-03
6.433603229458983476e-03
6.947471645381605131e-03
7.197535892097127637e-03
7.696993577238415984e-03
8.317894163580467903e-03
9.346795678382893019e-03
1.019748986314114939e-02
1.050134777525584505e-02
1.060801479207254192e-02
1.042444804045024667e-02
1.101436644832505182e-02
1.074156874069738532e-02
1.035366011113896499e-02
1.001253164228738807e-02
1.035334244784554686e-02
1.085972858524704085e-02
1.095373736566111061e-02
1.021832033100163357e-02
1.021527112709982692e-02
1.022347383466605704e-02
1.012028529308635003e-02
9.449037972466624996e-03
8.589452793150587767e-03
8.275181219037181998e-03
7.456455451215967221e-03
7.012969782244173056e-03
6.027563063870085107e-03
5.282640279665897984e-03
4.507412696229768853e-03
3.833186261643235001e-03
2.783444106295648868e-03
1.400124439570845205e-03
5.964906481273160203e-05
-1.336143417921129700e-03
-2.875913934652880172e-03
-4.266370006605647684e-03
-5.803444116892243765e-03
-7.066820908662512120e-03
-8.883278996145148668e-03
-1.070015392510400773e-02
-1.361245347121564642e-02
-1.516369088312485673e-02
-1.824658839143896913e-02
-2.080076014515176014e-02
-2.328918186926925288e-02
-2.438399978541598220e-02
-2.457624237800487207e-02
-2.758922148987953682e-02
-2.937524186135022364e-02
-3.216536378491084008e-02
-3.343924908006064289e-02
-3.636966718999255083e-02
-3.913445008518238316e-02
-4.120958597724763695e-02
-4.334845120178296846e-02
-4.498354747958413502e-02
-4.862964720530061485e-02
-4.880381351048340005e-02
-4.815868464407395411e-02
-4.720086691452199390e-02
-4.826744427261173143e-02
-5.240074892730889333e-02
-5.607078886203183815e-02
-6.022945659390292750e-02
-5.870335176825965118e-02
-5.928303116724643190e-02
-6.043567100352375404e-02
-6.641978479662655199e-02
-6.801380440460251531e-02
-6.383495790342012810e-02
-6.340812388104660746e-02
-6.409659673676258718e-02
-6.428341090002794023e-02
-6.192268849778993778e-02
-6.086491561714071213e-02
-6.257641046253896444e-02
-6.318850671448654477e-02
-6.069321927519138321e-02
-6.123031866456795508e-02
-6.195993570741160916e-02
-6.199788230850963866e-02
-5.862949820067663020e-02
-5.253538501703944319e-02
-4.852161473455457452e-02
-4.698989624720050634e-02
-4.556006613713362019e-02
-4.641748040179479590e-02
-4.497576349703090448e-02
-4.225853739784813518e-02
-3.693904206158576953e-02
-3.242835645095755448e-02
-3.042745089683792509e-02
-2.814853198002448612e-02
-2.603414840054257828e-02
-1.964569587743829684e-02
-1.424710963145589364e-02
-7.962245605460152240e-03
-2.801977609052158300e-03
3.285583586219157325e-03
9.468598575263081907e-03
1.467624957746648494e-02
2.163506191849956864e-02
2.725701442277343040e-02
3.521278171416426100e-02
3.992607224292862855e-02
4.976840694827347478e-02
5.941380806643345447e-02
6.884813884334453626e-02
7.714161790744725189e-02
8.291756661148447227e-02
9.416419321879275495e-02
1.035583124021073192e-01
1.122277574074222045e-01
1.212886451294352269e-01
1.363680770843111179e-01
1.521527984183305982e-01
1.646312708923466095e-01
1.690699319040368798e-01
1.680523733717042556e-01
1.802202179123973680e-01
1.875316872999406581e-01
2.041670412385019062e-01
2.132695210599526159e-01
2.400625976469679679e-01
2.573913163909151147e-01
2.702510611321140566e-01
2.729979393006916055e-01
2.794177712805129277e-01
2.935326795429715752e-01
3.007782577241296940e-01
3.195800810701310279e-01
3.312868606792786497e-01
3.589579910545943608e-01
3.612928495043555843e-01
3.630421653765439904e-01
3.749273583651377972e-01
4.025832219404726353e-01
4.253244481460106141e-01
4.222490068889278025e-01
4.175869958180851715e-01
4.152278256588802785e-01
4.224900359878359102e-01
4.219553562080505804e-01
4.368024431785320627e-01
4.492353142248403652e-01
4.734501186102874626e-01
4.810039731472243174e-01
5.042936083778426504e-01
5.203765359997943873e-01
5.555200038853328470e-01
5.454386435748881379e-01
5.286710872927408156e-01
5.165853932380648494e-01
5.303529274019388451e-01
5.615881480568197803e-01
5.728555753071780110e-01
5.841664028380438856e-01
5.877202412407502852e-01
6.047237652239271233e-01
6.144944949221929908e-01
6.053035350785211932e-01
5.991275461112308687e-01
5.991956216561280524e-01
6.113494361228777318e-01
6.241036730886155848e-01
6.202124643047564057e-01
6.319647855442056539e-01
6.432576762304749174e-01
6.491819437720092179e-01
6.449335206531952025e-01
6.317933150852250712e-01
6.321026438996097951e-01
6.307345791007819003e-01
6.355036755127686510e-01
6.364594175041023982e-01
6.441131512963024219e-01
6.361769578581425444e-01
6.214566026716417113e-01
6.100167115527690420e-01
6.086301025092593076e-01
6.193733034009475391e-01
6.193498794901927118e-01
6.239664562458904218e-01
6.171220905559120506e-01
6.174170707441443140e-01
6.015873934705779913e-01
5.991106323085800822e-01
5.866613686085767609e-01
5.905130628189378950e-01
6.023596887513884557e-01
6.116048254987941357e-01
6.108179651604468408e-01
5.978825282673669861e-01
5.875621056183155666e-01
5.761998750802219682e-01
5.747815359854753225e-01
5.805693612374310808e-01
5.907173224927402266e-01
5.848181032918223776e-01
5.839828479472819467e-01
5.751077464831857444e-01
5.768688684515240750e-01
5.708974467830273403e-01
5.664460542364339046e-01
5.581035480576085339e-01
5.535452127152716839e-01
5.624987609980992564e-01
5.682691559229950951e-01
5.667090089690578480e-01
5.564716897902164394e-01
5.542875749187797796e-01
5.564977226431754298e-01
5.552652962826376548e-01
5.509912526731048921e-01
5.499547074375553679e-01
5.516529362133830716e-01
5.510441262222083303e-01
5.453722354794687810e-01
5.437207013450294779e-01
5.415969522982431172e-01
5.416009948489901582e-01
5.360479631193781902e-01
5.316255051449996216e-01
5.280770284826465932e-01
5.307208205105100607e-01
5.328179969290451901e-01
5.339128790698625115e-01
5.308101610358085809e-01
5.280726167299848450e-01
5.266790548259778770e-01
5.227719537270179018e-01
5.206796807220451795e-01
5.194816351488348305e-01
5.198855371980478646e-01
5.199366713834498999e-01
5.162677552532031200e-01
5.147486390369591103e-01
5.098769799747587816e-01
5.072688855463400870e-01
5.051077545942755931e-01
5.042295180994655901e-01
5.027344824851521787e-01
4.986996168567552346e-01
4.976349290381484325e-01
4.965690662167887570e-01
4.955030647244937914e-01
4.934631139497132057e-01
4.911445140480311111e-01
4.911866582707610784e-01
4.874899784466453223e-01
4.828251036380922789e-01
4.796278358293337152e-01
4.768969880360141023e-01
4.761812918293040764e-01
4.730411043011106820e-01
4.700588182696571193e-01
4.667252194729860082e-01
4.636166320218744197e-01
4.628190454226938089e-01
4.616341732152368649e-01
4.582520316304979913e-01
4.554564497409339108e-01
4.513898034410904758e-01
4.501511712873047522e-01
4.469941189567853135e-01
4.446216630382092694e-01
4.409004115812877322e-01
4.367054494165018008e-01
4.346331553090749811e-01
4.332671771746512412e-01
4.322809711716962822e-01
4.297714037077918769e-01
4.275343306467803139e-01
4.253493394949629525e-01
4.228939683134326222e-01
4.181513158696044674e-01
4.149895930091881402e-01
4.122604436914651949e-01
4.109011534034907043e-01
4.077295516369877637e-01
4.047625577253707307e-01
4.031797922154347069e-01
4.030778464899492652e-01
4.008227999295234101e-01
3.980954175958387187e-01
3.940836369939724193e-01
3.915032374376004043e-01
3.895719410660766213e-01
3.861850453286123086e-01
3.844743723835043481e-01
3.812033392177153202e-01
3.804536020548426878e-01
3.781103351738422935e-01
3.765230503357222536e-01
3.740410940417553953e-01
3.717899562995975460e-01
3.688616845770216757e-01
3.666143336832884403e-01
3.650096040451633050e-01
3.637477043000793553e-01
3.625937833066033567e-01
3.612751774960200057e-01
3.595299816800710535e-01
3.572759554834137319e-01
3.541274753220982618e-01
3.517673647389125691e-01
3.506678094377107535e-01
3.500822420483212238e-01
3.487086431971774814e-01
3.468883754840146327e-01
3.447107871170402849e-01
3.433616279237004520e-01
3.415943524307026857e-01
3.400259063800656900e-01
3.382383136499703125e-01
3.365227966970329998e-01
3.349998085271485015e-01
3.334412093513007824e-01
3.317026868817425922e-01
3.297761955210735674e-01
3.286137368182586171e-01
3.276708576044669030e-01
3.270434953699182801e-01
3.256582039326376687e-01
3.239028472735516750e-01
3.222671076226144016e-01
3.207226338688698442e-01
3.193899097620299665e-01
3.186810149447008578e-01
3.180469008528621910e-01
3.173589546279725337e-01
3.163840894649525559e-01
3.151746219193539145e-01
3.137964179578324186e-01
3.125370986472592039e-01
3.116318866444267033e-01
3.107706254825913228e-01
3.095936530344853277e-01
3.078947225648220876e-01
3.063536584959418718e-01
3.048282301851494291e-01
3.038282400260803318e-01
3.031542094412586485e-01
3.022607857707735324e-01
3.013251584941338268e-01
3.005473792908660569e-01
2.992947209803248354e-01
2.980011702030904153e-01
2.964925903688679920e-01
2.956507105741251751e-01
2.949128257706154499e-01
2.941005586375929903e-01
2.927625793185569258e-01
2.917669768120914053e-01
2.905857842594022356e-01
2.900257122220136763e-01
2.890144010897885973e-01
2.876718938891786870e-01
2.858944988636391016e-01
2.848224241357447672e-01
2.839463293995767579e-01
2.832478562731429172e-01
2.825620016183585936e-01
2.815203072077601121e-01
2.809238824245123833e-01
2.792871844032245310e-01
2.784232876901097664e-01
2.771645549887948867e-01
2.767000253222393624e-01
2.758799459407312304e-01
2.745332176434589488e-01
2.734594661304594609e-01
2.726768782775583766e-01
2.727051700489987462e-01
2.717631353785599502e-01
2.707556025308162084e-01
2.695938936396148344e-01
2.689629833526637759e-01
2.683554098821717693e-01
2.679066253000766951e-01
2.669729046490159630e-01
2.664052737453153630e-01
2.656053764025772534e-01
2.653188825422994612e-01
2.647059209047206152e-01
2.638915257377246748e-01
2.631549928705197994e-01
2.624106238006500558e-01
2.621248198474281366e-01
2.610021772097217974e-01
2.604076895686119331e-01
2.593097329961603914e-01
2.588507968104713508e-01
2.579232028730991666e-01
2.575811523658023683e-01
2.571333002141453217e-01
2.566863070165648075e-01
2.561552940176563542e-01
2.555704986370125886e-01
2.548012673714442622e-01
2.538978525296705646e-01
2.531065782791019902e-01
2.527176173358159361e-01
2.520697381876753074e-01
2.515106679833044590e-01
2.507229383617577412e-01
2.503471404841264292e-01
2.500251107596551114e-01
2.494756186404840093e-01
2.489046447887029723e-01
2.480911612597375970e-01
2.476980849708959875e-01
2.469432086893613154e-01
2.466719571456461035e-01
2.460944823537197790e-01
2.457620926350942425e-01
2.452297332726261214e-01
2.445526940855042297e-01
2.439463488551819326e-01
2.432611230529414803e-01
2.431041442524549956e-01
2.425234153576682483e-01
2.417770251102196177e-01
2.408966931330667471e-01
2.401224621813922155e-01
2.399876101076315882e-01
2.397032910542468698e-01
2.396809749054186756e-01
2.391955145924100912e-01
2.386584003848390423e-01
2.380408610912057576e-01
2.375712769145727488e-01
2.372351853065296778e-01
2.368838031758810359e-01
2.364731234045426844e-01
2.359001588146499018e-01
2.352102922465268697e-01
2.345789922467124977e-01
2.341145503307850984e-01
2.335260786062082483e-01
2.332477208147460679e-01
2.327931512485634513e-01
2.328304881593460385e-01
2.324892786999014083e-01
2.319754551176755053e-01
2.316180743920910612e-01
2.309996367633259939e-01
2.308727381950554935e-01
2.304820377773189044e-01
2.301677714705798183e-01
2.297079158841101310e-01
2.290499085844157900e-01
2.284689066661823864e-01
2.279002167010820701e-01
2.274600205086295124e-01
2.270488823977228066e-01
2.264907140532163854e-01
2.260529140233046852e-01
2.256781977683507967e-01
2.253410580253356610e-01
2.251257872521181258e-01
2.247235504179601884e-01
2.244075507963598781e-01
2.239848751188606435e-01
2.237326815979839012e-01
2.233841447165093863e-01
2.228241128869236365e-01
2.223366651579937736e-01
2.221626294915179101e-01
2.216613432564873976e-01
2.213220326581597786e-01
2.209341051902848907e-01
2.208084955877646083e-01
2.204152951250248904e-01
2.199255507009850730e-01
2.194506470667809683e-01
2.190700949227795125e-01
2.187366529744746158e-01
2.185753355209855697e-01
2.182544759649421295e-01
2.177894826766207659e-01
2.173876232582922507e-01
2.173281665579175903e-01
2.171056973917890043e-01
2.169198085836602230e-01
2.164205866865532846e-01
2.161804392232380967e-01
2.157349213169687807e-01
2.154895746089159903e-01
2.151527761204396205e-01
2.148370284892462123e-01
2.146251758768267515e-01
2.143131504770640905e-01
2.140646583461005559e-01
2.136093066550332487e-01
2.131767919074795126e-01
2.128160170369859383e-01
2.123903387951748545e-01
2.120849874789682010e-01
2.115973440279016460e-01
2.112267607610380793e-01
2.109286777995944551e-01
2.109596324200330719e-01
2.107717268426823054e-01
2.105797576431012452e-01
2.101757258145177110e-01
2.099585727105308663e-01
2.097442878322913207e-01
2.095863297341286346e-01
2.094842797983945681e-01
2.093094211848893493e-01
2.091436955229004913e-01
2.089938923296550677e-01
2.085740694685580265e-01
2.083445886615833131e-01
2.079555456825288862e-01
2.077713127918203173e-01
2.073612590484200935e-01
2.069249913996852319e-01
2.067107882349180359e-01
2.065311563188775568e-01
2.064953620513259591e-01
2.062099479721232753e-01
2.059668661103540854e-01
2.055901451872973185e-01
2.054131797567969320e-01
2.051635514902015733e-01
2.049138641813503803e-01
2.044917826162072072e-01
2.041378672901070501e-01
2.038772761687618895e-01
2.036948654034569373e-01
2.033770788801999019e-01
2.028471450855111324e-01
2.025048829960434671e-01
2.020518440941853067e-01
2.018758936765193135e-01
2.015670856306271685e-01
2.013835332458207561e-01
2.009420054643683284e-01
2.005363371888434776e-01
2.001710364636873629e-01
2.000671704341998314e-01
1.998460038811697703e-01
1.996279769243701485e-01
1.992767691159433030e-01
1.988673399112116102e-01
1.984913364200520947e-01
1.981317605577875285e-01
1.980108524591446539e-01
1.979312431323065058e-01
1.978657477246880403e-01
1.975040188454398327e-01
1.971943815145764112e-01
1.967892589269988057e-01
1.965254233207178458e-01
1.961729167920555905e-01
1.959720498120648691e-01
1.957507697171463057e-01
1.954707693559638026e-01
1.952205699728596089e-01
1.948725415960254059e-01
1.944961930447906551e-01
1.941737566385220159e-01
1.939378497035757209e-01
1.938257660225549683e-01
1.935744722031536302e-01
1.933452479862093898e-01
1.930448067698256331e-01
1.928763577781240635e-01
1.927254629423800769e-01
1.926215069221315357e-01
1.923053321924780290e-01
1.919990325736259940e-01
1.916689637448054095e-01
1.914004650984626188e-01
1.911351446318580727e-01
1.907380274286314958e-01
1.904851040528789674e-01
1.902259909336732613e-01
1.900872108794268434e-01
1.898115264843265315e-01
1.896095213371494781e-01
1.893438849413318081e-01
1.891692987403427173e-01
1.889047541633754601e-01
1.886679844034890030e-01
1.883396648266851270e-01
1.881462601017201974e-01
1.879319204868667159e-01
1.877613170362516792e-01
1.875712636292070079e-01
1.874929771983904481e-01
1.873201955967553067e-01
1.871054402792381166e-01
1.867815512196218108e-01
1.866220997472098631e-01
1.863402802178679429e-01
1.862171090858731615e-01
1.860213190709228415e-01
1.860221023977806643e-01
1.857778766267650650e-01
1.855982172544534403e-01
1.852573353083789287e-01
1.850742608429119529e-01
1.848664242609869557e-01
1.846513922395188745e-01
1.845188839348950727e-01
1.843150166022606284e-01
1.842420362456228256e-01
1.840453119529382731e-01
1.839305635412305795e-01
1.836844670456078965e-01
1.834624394013106841e-01
1.831673689931817006e-01
1.830595211247781351e-01
1.829310775774989073e-01
1.827608147192377464e-01
1.825987403303103718e-01
1.823525473375526562e-01
1.822047526083463986e-01
1.819708153032912334e-01
1.817408592698154801e-01
1.816440037151525466e-01
1.816378688886189641e-01
1.816005217846055064e-01
1.814391525186198340e-01
1.811399299796581930e-01
1.809839888703158595e-01
1.808928806667365885e-01
1.806998972238417489e-01
1.805096147099408133e-01
1.803354784741249550e-01
1.801830034499555255e-01
1.800163896025357424e-01
1.797859215714401881e-01
1.795878000237103034e-01
1.793993432084203532e-01
1.791147728289674557e-01
1.789797072254459553e-01
1.788236548836086848e-01
1.786844000353172146e-01
1.786218721575700275e-01
1.785047134412461878e-01
1.784797895904103593e-01
1.782997968624254470e-01
1.782173980360570176e-01
1.780555844463233839e-01
1.779037127785077499e-01
1.777708850337139657e-01
1.777515590106686916e-01
1.776913036753300090e-01
1.775353660319472504e-01
1.773068427653995416e-01
1.771485226781742139e-01
1.770643251254837569e-01
1.769664728386114994e-01
1.768233207799086715e-01
1.766818973154097305e-01
1.766465911968275460e-01
1.765440222090130240e-01
1.765406183780729443e-01
1.764311170480234447e-01
1.764092843781291109e-01
1.762346568352395615e-01
1.761604638081033236e-01
1.759887930234784459e-01
1.758830046463692731e-01
1.758098044099518364e-01
1.758164130473114928e-01
1.758248627461497793e-01
1.756869966059523835e-01
1.756220536956310252e-01
1.755040209690277020e-01
1.754826867403531665e-01
1.754158602072641571e-01
1.753457624938272730e-01
1.752018627319786304e-01
1.750533829728690705e-01
1.749413214371923209e-01
1.748983673927289872e-01
1.748430394645028307e-01
1.747921284494405314e-01
1.746680036129674429e-01
1.745102197118276188e-01
1.743517464986972243e-01
1.742286772117363214e-01
1.741698924896812606e-01
1.741228417316419974e-01
1.741309796467582216e-01
1.740904741930598132e-01
1.739574693546145912e-01
1.737305614865403136e-01
1.735393495387602125e-01
1.734144271854989594e-01
1.733447197347782187e-01
1.732715946874290036e-01
1.732789958249113249e-01
1.732516876423872698e-01
1.732519894076196276e-01
1.732072905777128080e-01
1.731786669262451173e-01
1.731631531055778939e-01
1.731176261801784522e-01
1.731942391062731568e-01
1.731435019815806553e-01
1.731494740919446162e-01
1.730850302358078185e-01
1.731001638726540337e-01
1.731444832684434776e-01
1.731031382588208711e-01
1.730942800645993429e-01
1.730202253669314016e-01
1.729844817247921662e-01
1.729747930180086657e-01
1.729799977456172311e-01
1.729808799664142582e-01
1.730128699442730900e-01
1.728998236529390442e-01
1.728710974551103396e-01
1.727377104413705677e-01
1.728152747063053940e-01
1.727431031510191783e-01
1.727155664910223487e-01
1.725273876029320974e-01
1.725125622867934028e-01
1.724526539748594822e-01
1.725265856932548247e-01
1.724903652348552252e-01
1.724112548893111663e-01
1.722973622455978016e-01
1.721593924422027966e-01
1.721174530323444363e-01
1.720006526367870436e-01
1.719301417926263897e-01
1.718249899587207252e-01
1.717766512076981666e-01
1.717129281969060894e-01
1.717025302429351641e-01
1.716196416825824245e-01
1.715337776946839199e-01
1.714147263008727051e-01
1.713505479062668313e-01
1.712981963349039793e-01
1.712263850203757098e-01
1.711334198029630660e-01
1.710698451186576097e-01
1.709757854812918032e-01
1.708996697401049258e-01
1.708510041292937154e-01
1.708137348408237111e-01
1.707657435609897245e-01
1.705944305711387110e-01
1.705014350078681018e-01
1.703144265742582431e-01
1.702882329072638035e-01
1.701892082023057917e-01
1.702005498992345267e-01
1.701430229851993992e-01
1.700698624344479937e-01
1.700558224670325469e-01
1.700179177160170418e-01
1.700649206174591754e-01
1.700304419032118708e-01
1.699600327984926162e-01
1.698373223862833237e-01
1.697246176765357106e-01
1.696665981820426050e-01
1.696383842500729378e-01
1.696638641226025646e-01
1.696436420984272497e-01
1.696402313458610922e-01
1.696273248675764789e-01
1.696513591316930192e-01
1.696106524436548912e-01
1.695636570815261535e-01
1.695675538295337847e-01
1.695392029454832472e-01
1.695507613576714978e-01
1.694777983952700517e-01
1.694344287751925748e-01
1.693246287012934170e-01
1.692582837518445127e-01
1.691669198939612928e-01
1.691141604063955139e-01
1.690519889752762905e-01
1.690292143709245520e-01
1.689910439824730548e-01
1.689749305624179965e-01
1.689457065998654639e-01
1.688612500992155430e-01
1.688215913783387145e-01
1.688249678953553656e-01
1.688624352141056273e-01
1.688553380840563667e-01
1.688165644663543186e-01
1.688151202371911408e-01
1.686973510768683959e-01
1.686101950596590737e-01
1.685122900918067934e-01
1.685498765369587704e-01
1.685211278348284214e-01
1.685372498921240414e-01
1.685036348308726617e-01
1.684910712440597924e-01
1.683665757529912987e-01
1.683231589932801253e-01
1.683346723536495171e-01
1.683681386356538079e-01
1.683557250715443931e-01
1.682817931722433991e-01
1.682541398708181368e-01
1.682611295645864424e-01
1.683260210922052080e-01
1.683189513434019402e-01
1.683129108967628129e-01
1.682779502114528647e-01
1.682846699537005886e-01
1.682381308570452816e-01
1.682570229728565792e-01
1.682695506540935193e-01
1.682629444137188068e-01
1.682015472348117602e-01
1.681714412444927087e-01
1.681418746828130251e-01
1.682001260975114210e-01
1.682085284860814767e-01
1.682497537048934233e-01
1.682282258364146132e-01
1.682613658043338456e-01
1.682478298189437060e-01
1.682886199138434180e-01
1.683237568756223990e-01
1.684072805471972800e-01
1.683893653723742001e-01
1.684075945582683420e-01
1.683439018717450275e-01
1.683191111280163688e-01
1.682645652870458641e-01
1.683048109531001812e-01
1.683577011013227265e-01
1.684479086039257778e-01
1.684673431569272406e-01
1.685001580029412138e-01
1.684452625731445996e-01
1.684320749269203610e-01
1.684268499461636093e-01
1.685172225301113380e-01
1.686206031585212317e-01
1.686575590409476189e-01
1.687361235868317100e-01
1.688623706671815716e-01
1.690869424922066822e-01
1.692229453990430899e-01
1.693433927399208561e-01
1.694570119131456609e-01
1.695648881897989513e-01
1.695696107957016530e-01
1.695073815906310843e-01
1.694970609353920188e-01
1.695547682969561487e-01
1.695855648758495260e-01
1.695655144757545474e-01
1.695644847175129533e-01
1.695007611447507945e-01
1.694027686467936833e-01
1.693506817097040484e-01
1.694098389046238273e-01
1.695016936065385227e-01
1.695302395402170648e-01
1.694936976225289160e-01
1.693804578070816358e-01
1.691920775262249488e-01
1.691344529015867404e-01
1.691348796116391717e-01
1.692891222860352374e-01
1.693754873583433740e-01
1.694311884018699921e-01
1.693593029485472579e-01
1.692366894640942310e-01
1.691290840748857494e-01
1.690599954318449394e-01
1.690480236558515315e-01
1.691288732568034803e-01
1.692578047306686762e-01
1.693679939112456290e-01
1.694147324776641150e-01
1.694040623044333060e-01
1.693474228735536158e-01
1.692992586908161623e-01
1.693679406842263646e-01
1.694018366763544448e-01
1.694393109059497970e-01
1.694063610482730575e-01
1.694612585828018103e-01
1.695273988194559711e-01
1.695233924859892161e-01
1.695787181337398142e-01
1.696367712433174968e-01
1.697309135473490105e-01
1.698448208307570539e-01
1.699819284872236269e-01
1.700552818691175305e-01
1.699910169535974735e-01
1.698666441438742847e-01
1.697788749894247329e-01
1.697777982222909154e-01
1.698057300248685397e-01
1.699579469619672267e-01
1.700487780271646154e-01
1.701583531474031574e-01
1.701490513995042586e-01
1.701978133038135332e-01
1.701967166933725517e-01
1.702201993321514617e-01
1.701496912523059457e-01
1.702028720939312290e-01
1.703127175408818139e-01
1.704892472301487716e-01
1.705401005021811855e-01
1.704793649658336574e-01
1.703622375149119461e-01
1.701997670189456524e-01
1.702154644719013898e-01
1.703705091143410122e-01
1.706179564459552045e-01
1.707649791646152493e-01
1.708230039578325088e-01
1.708063545040874598e-01
1.707441741320276096e-01
1.706512568622933768e-01
1.706766433781002901e-01
1.707694032737371026e-01
1.710088658830193620e-01
1.711658244596859779e-01
1.713458748329066417e-01
1.714239933658701920e-01
1.714787739102265618e-01
1.714148968592943689e-01
1.712642013515693340e-01
1.711734253187376376e-01
1.712954616479389625e-01
1.715645579114412622e-01
1.719931406441865818e-01
1.722716413980756034e-01
1.724885638916529573e-01
1.724176092672503047e-01
1.723653130890753782e-01
1.723194025078027547e-01
1.724274071619557314e-01
1.726265085352355344e-01
1.728792968183180401e-01
1.732078739439552040e-01
1.734482959724693019e-01
1.735140980471045480e-01
1.734215462879036829e-01
1.732176492493812114e-01
1.731292325613384697e-01
1.732140350320779121e-01
1.735826720706811765e-01
1.740933103323879239e-01
1.745520301617316528e-01
1.748463686418341989e-01
1.748911452154570390e-01
1.747745489221969040e-01
1.745688018647036932e-01
1.744134476460178496e-01
1.743288078602289737e-01
1.743801740072046247e-01
1.746630331545366566e-01
1.750985255492314707e-01
1.754810997549574314e-01
1.756892534109590065e-01
1.756272342997230729e-01
1.755021583861747780e-01
1.752816874010078019e-01
1.752481511194697583e-01
1.753951709725886932e-01
1.757831569698583285e-01
1.762373990931613565e-01
1.766151670737456936e-01
1.768841344226089740e-01
1.769764912775623478e-01
1.770042408092878383e-01
1.769303392804200958e-01
1.768622923445301864e-01
1.768601088495379836e-01
1.770058078370534416e-01
1.774473664148593643e-01
1.778337033440826886e-01
1.782275484426180390e-01
1.784292112034890909e-01
1.786662475088864332e-01
1.786416429757176350e-01
1.785610180946163306e-01
1.784399239949893134e-01
1.784662597772444792e-01
1.786943714743880751e-01
1.790379665104777640e-01
1.796158773245731810e-01
1.801071172308588153e-01
1.804127975633809389e-01
1.804469860544954674e-01
1.802930595396454172e-01
1.801520943212288894e-01
1.800868014666557049e-01
1.801899715653890732e-01
1.805297846933178463e-01
1.809834964165687177e-01
1.815397813323858800e-01
1.820621619989980233e-01
1.823957008797791601e-01
1.824582400779015401e-01
1.822997677007622552e-01
1.821616890743814887e-01
1.820165884393568911e-01
1.820804520745437638e-01
1.823964093651604390e-01
1.830878171386574882e-01
1.839075403656407481e-01
1.846684852209177496e-01
1.851670057324176222e-01
1.852496134027134533e-01
1.850052239483881700e-01
1.847257459020208437e-01
1.847966318793635432e-01
1.853034595429974007e-01
1.862002271457385560e-01
1.870897567566204012e-01
1.879296007648783295e-01
1.885651255296786066e-01
1.888539667369776021e-01
1.887162497731074140e-01
1.883041764747396540e-01
1.880369423537991691e-01
1.882575810154468732e-01
1.887581963320682510e-01
1.895357082957803141e-01
1.903213968386009702e-01
1.912741598101884155e-01
1.921814579105516618e-01
1.928376617506980251e-01
1.929414568775824901e-01
1.924931969896640227e-01
1.917288067561780662e-01
1.910658835059773075e-01
1.908645596160388203e-01
1.911690921882414351e-01
1.918455541720817392e-01
1.927296860165743364e-01
1.934647736918694294e-01
1.939032524023730775e-01
1.937406078821488076e-01
1.932544160053758231e-01
1.926226531317540291e-01
1.920466095284184826e-01
1.916888702485873008e-01
1.916308370948963391e-01
1.919545206935020787e-01
1.924897761966391785e-01
1.930717734363893989e-01
1.935534081391764305e-01
1.938143535591345112e-01
1.937643239740082790e-01
1.933950944906377145e-01
1.929282004535842476e-01
1.924590215843076657e-01
1.922410281671526611e-01
1.922871803588946105e-01
1.926718802579275858e-01
1.932530468575041904e-01
1.938867572841819764e-01
1.943888657540719933e-01
1.947105350917464617e-01
1.947634528941786514e-01
1.945224123269344851e-01
1.941392635036511827e-01
1.936528179694166074e-01
1.934179400377536717e-01
1.933716755735851722e-01
1.935988063042011764e-01
1.940659926141319602e-01
1.946358683208321561e-01
1.953870070964833228e-01
1.959310305769229044e-01
1.962010426154140175e-01
1.959880857267539411e-01
1.956202869027942881e-01
1.951983168644135236e-01
1.949091744284430494e-01
1.947903104856182621e-01
1.949935578553819993e-01
1.954804417611346601e-01
1.961920450789820525e-01
1.968975046519052252e-01
1.974630408478308397e-01
1.977793636782549103e-01
1.977958243803389637e-01
1.975490909822640584e-01
1.970753116201599819e-01
1.966515077069601325e-01
1.964440200470236875e-01
1.965077414910273990e-01
1.968234939780871551e-01
1.975204991990774650e-01
1.983593681308012946e-01
1.992886545877101956e-01
1.998974676536816875e-01
2.001486994710748313e-01
1.999404621987793118e-01
1.994688372150743572e-01
1.988065577792806904e-01
1.982176446766368838e-01
1.979344884143501571e-01
1.982578663759524684e-01
1.990704017542106186e-01
2.001372243042425225e-01
2.012595928276536827e-01
2.022587225304285086e-01
2.029211264412350835e-01
2.030519460093490880e-01
2.026253917569446061e-01
2.018531258714285348e-01
2.010603554303303231e-01
2.005185491223124283e-01
2.004399572909756344e-01
2.007770616877890824e-01
2.017187280912606517e-01
2.028719933466372749e-01
2.041834818198510482e-01
2.051826805127004161e-01
2.058886961677028338e-01
2.061271062700664458e-01
2.058842751955153039e-01
2.052816031656348184e-01
2.045407778870913518e-01
2.040404877487093926e-01
2.039128625500676584e-01
2.043029516664075784e-01
2.051776471506001898e-01
2.064331030732088068e-01
2.078729489375192030e-01
2.090423708511151002e-01
2.098166361236111777e-01
2.101147260012020401e-01
2.099782837046412221e-01
2.095179780983288387e-01
2.089074964314240057e-01
2.084542848402097803e-01
2.083033170882826191e-01
2.085412931071630449e-01
2.091594837947030050e-01
2.101824610598560517e-01
2.112934712301468287e-01
2.123856253547228290e-01
2.131547537439962836e-01
2.136664331527359795e-01
2.135158112004787723e-01
2.129158026901007694e-01
2.120429843569117123e-01
2.113465383768812489e-01
2.109378326553053018e-01
2.108184147314240975e-01
2.111814837117193533e-01
2.120680531673826696e-01
2.131737691110640043e-01
2.142912725214836389e-01
2.151909397423281411e-01
2.159531203304344837e-01
2.162839956271589981e-01
2.161377832914496144e-01
2.155071497134003200e-01
2.146957196378487809e-01
2.139104302064818164e-01
2.134110210647692518e-01
2.134522267049384359e-01
2.140500235807181739e-01
2.152110554978380330e-01
2.167311594626178672e-01
2.182303659689893982e-01
2.195184531890956858e-01
2.202288697303307896e-01
2.205209522296557589e-01
2.202432359351011171e-01
2.196011931312353282e-01
2.187247669649231285e-01
2.179946018105368422e-01
2.177643473066180613e-01
2.180349496144676491e-01
2.189018986007274792e-01
2.200398182990626061e-01
2.214285182615387260e-01
2.227294461863742192e-01
2.237093969673414062e-01
2.243392974986326005e-01
2.245215402341853572e-01
2.243647271462522741e-01
2.239397428308310123e-01
2.234653054221539814e-01
2.231632417622609887e-01
2.231380714228060613e-01
2.235415500833068947e-01
2.242266865204817217e-01
2.252757352100855370e-01
2.264202666686040422e-01
2.277683990592161423e-01
2.289160276031293462e-01
2.297350206692658492e-01
2.301258682189130933e-01
2.301227000702654180e-01
2.297416097705763105e-01
2.291336726801029289e-01
2.284467795049431316e-01
2.279466296859763152e-01
2.278387706422025094e-01
2.283658150428777567e-01
2.294790597728397497e-01
2.310293145196086195e-01
2.325967565674061377e-01
2.341653892464476694e-01
2.353747102188446794e-01
2.363012730664012517e-01
2.365850748366171152e-01
2.363737909909854329e-01
2.357012375417917305e-01
2.349345052055664129e-01
2.341974187366644422e-01
2.338641211326579206e-01
2.340229927014208788e-01
2.346861782057505785e-01
2.356603843517810215e-01
2.368366715978429682e-01
2.381575971354314147e-01
2.392297921748728073e-01
2.400395118161673946e-01
2.405743323704730430e-01
2.408864883894486775e-01
2.408921388427542332e-01
2.405371486036202988e-01
2.401996195029187375e-01
2.400276727528306286e-01
2.401645128021429321e-01
2.406664056555874454e-01
2.413807398380358182e-01
2.423744744139502139e-01
2.433895840703375058e-01
2.445862124944238880e-01
2.457216687070164773e-01
2.466813792880105660e-01
2.473145313391625633e-01
2.475506090715292873e-01
2.474091994630193692e-01
2.469011163908835793e-01
2.461184366008211388e-01
2.454288272710961338e-01
2.448834211323251686e-01
2.448796254652167159e-01
2.453484228728323169e-01
2.465289615879268370e-01
2.482784436742228318e-01
2.503327848276776235e-01
2.522433951618923698e-01
2.536942393756280723e-01
2.544756027031809253e-01
2.546300955155959000e-01
2.541216683076772953e-01
2.531982915173023319e-01
2.521343945789735752e-01
2.512626923820829306e-01
2.509254055139593653e-01
2.512400236930498187e-01
2.522498192057864297e-01
2.539723125365733747e-01
2.559219179056126392e-01
2.578330692323239082e-01
2.592530844710236870e-01
2.601664640968898712e-01
2.605186552412667722e-01
2.602809877878808353e-01
2.596426451819934256e-01
2.587954764122371576e-01
2.579640036414829751e-01
2.573035032493804497e-01
2.568267819045033651e-01
2.569114759530463643e-01
2.576566618744148274e-01
2.591197201137575568e-01
2.608930500266550823e-01
2.628656469687677411e-01
2.646884096771170425e-01
2.661373192167085788e-01
2.668820775617211094e-01
2.670577279158006800e-01
2.666799236853155119e-01
2.659288486921660977e-01
2.649128650083957259e-01
2.638984952940792716e-01
2.631469897934868851e-01
2.625996600993725782e-01
2.625822833372607468e-01
2.633163087637254152e-01
2.649625221521982321e-01
2.669843199591647176e-01
2.689702550352714994e-01
2.706919339891164511e-01
2.719549787236739680e-01
2.724544761303258067e-01
2.722592640171980771e-01
2.716364781971556952e-01
2.708498394268784581e-01
2.699147138392199996e-01
2.689916667289262153e-01
2.682507908722267520e-01
2.679583235527253082e-01
2.682386701199416801e-01
2.691393362908511833e-01
2.704653267667277428e-01
2.720765899315037428e-01
2.738140032985296735e-01
2.755212748111446341e-01
2.769125846544585046e-01
2.777682302935712833e-01
2.780489430458096267e-01
2.779920176739538729e-01
2.776815600126673056e-01
2.772485290191222806e-01
2.764266091429614103e-01
2.754804466403992791e-01
2.744471429676486607e-01
2.736795524231860899e-01
2.734143182767815872e-01
2.738148778850441611e-01
2.749517113660385204e-01
2.765939694651318170e-01
2.785138581554734150e-01
2.803039561710856664e-01
2.815901023979993645e-01
2.823856386549288833e-01
2.827217541799434408e-01
2.826536632593798504e-01
2.823346230155431846e-01
2.818203368680919363e-01
2.811778791280005185e-01
2.805168249157578009e-01
2.800546028161117751e-01
2.799784197145585019e-01
2.801766023423415963e-01
2.805141977087856064e-01
2.810940943027715466e-01
2.817842689652368948e-01
2.827313540178317819e-01
2.837438420592114929e-01
2.849392573902330139e-01
2.860420795081501932e-01
2.871205250979400603e-01
2.878678985521141986e-01
2.883984783393596651e-01
2.884397980892485225e-01
2.881945632007707481e-01
2.876361877060104599e-01
2.868782970329561421e-01
2.862804367795000471e-01
2.859234898858981078e-01
2.858938668191360333e-01
2.858460874505970306e-01
2.859622312420842527e-01
2.864199692816661869e-01
2.873169935877074588e-01
2.886969533044627112e-01
2.903483637781139604e-01
2.918279535675200598e-01
2.929334380763325973e-01
2.936064725134253095e-01
2.940145247172537002e-01
2.942351210422872732e-01
2.942843253182336194e-01
2.942203272522433410e-01
2.939340466081378223e-01
2.936027134919951265e-01
2.934120729037603126e-01
2.931452644285429954e-01
2.928855815796092554e-01
2.928209166161211408e-01
2.932195546197789437e-01
2.941764137480955554e-01
2.956098777283825974e-01
2.974378568004948931e-01
2.990805068515129950e-01
3.005058006169196716e-01
3.016507467656824870e-01
3.028729427397097718e-01
3.039375827702159305e-01
3.049283976706512189e-01
3.057630679445037525e-01
3.065770458586576930e-01
3.073280371501657671e-01
3.078353431423534459e-01
3.082179699505703252e-01
3.083434998377146963e-01
3.081722498871022897e-01
3.077657647944561647e-01
3.072061848410447826e-01
3.072860812959506971e-01
3.080584201816053413e-01
3.097371586517173037e-01
3.116063225047698837e-01
3.133386186948824426e-01
3.144979268843778875e-01
3.150793110360813332e-01
3.150310877984610625e-01
3.147058146060771056e-01
3.145034941993096744e-01
3.141952739342678824e-01
3.138291693067903343e-01
3.133553441827588437e-01
3.128633708680414460e-01
3.125419526407146043e-01
3.123008404327697329e-01
3.122228031003395632e-01
3.124941664982688327e-01
3.128981291693326283e-01
3.136653297141049346e-01
3.146715500808395238e-01
3.159290944919548871e-01
3.174023556992033313e-01
3.183239759527167756e-01
3.189563245563277749e-01
3.189353179386162362e-01
3.185862531949704701e-01
3.179257715291906039e-01
3.173978171683059513e-01
3.172151489427572080e-01
3.171939256360550297e-01
3.171454892596238806e-01
3.169728717452353073e-01
3.164445645656341899e-01
3.159148492489671223e-01
3.155478542470364078e-01
3.158985397392248817e-01
3.170543256887627392e-01
3.185533152896273257e-01
3.202584208477405880e-01
3.215373572240023958e-01
3.226222725265099900e-01
3.235517391643065177e-01
3.241368646130990405e-01
3.244302688231238685e-01
3.242789296725849257e-01
3.242335136250159011e-01
3.242499154675072548e-01
3.243915043598297188e-01
3.246016781603184298e-01
3.247788883072599275e-01
3.246498774363150708e-01
3.241331622574348814e-01
3.236184759590645110e-01
3.236024279743155985e-01
3.244544354953085574e-01
3.261445390099001473e-01
3.282308712556639141e-01
3.302322527466888258e-01
3.320576982357337781e-01
3.337053827156775121e-01
3.347262850414962077e-01
3.350838578364818132e-01
3.349154706755432254e-01
3.350874019852897456e-01
3.353577935276769728e-01
3.357773586696026769e-01
3.359308318358986689e-01
3.359829011294828138e-01
3.355901620864115142e-01
3.349707617039204277e-01
3.342805486930907066e-01
3.339606535589876302e-01
3.341928708602716624e-01
3.350360816395552277e-01
3.368824066085874813e-01
3.393023325313316296e-01
3.419119932591599964e-01
3.441772095591447145e-01
3.459420549312415272e-01
3.470666670507547291e-01
3.474306488127008596e-01
3.473251824910936203e-01
3.471940032348634353e-01
3.473381140391216260e-01
3.476633645710047738e-01
3.481357933005883032e-01
3.486489227279871983e-01
3.491414272456856982e-01
3.491966482798902205e-01
3.485862243710018404e-01
3.479426785068301942e-01
3.478005915610037357e-01
3.487828080271810349e-01
3.505372147830607132e-01
3.533075805034734396e-01
3.563771681958021742e-01
3.596182711184843783e-01
3.621153347290555491e-01
3.638053196737054407e-01
3.643944597881318415e-01
3.644299897189147708e-01
3.643741400905219918e-01
3.647275939560124525e-01
3.653552888373535756e-01
3.663743690053074542e-01
3.675390557551836412e-01
3.689873424771568100e-01
3.698663681925908886e-01
3.702953135398163731e-01
3.704345694758589547e-01
3.711709287704941240e-01
3.725194832905534548e-01
3.747830025523767317e-01
3.780127870152648617e-01
3.821648247350481475e-01
3.862305424869165171e-01
3.896059634832857999e-01
3.916592589032336647e-01
3.928412525371159369e-01
3.933069834684826405e-01
3.934115917396815432e-01
3.936170028075067218e-01
3.946435699740424852e-01
3.968436810060122499e-01
3.999480614527601841e-01
4.031138244703951212e-01
4.057612250162864198e-01
4.075309994910674138e-01
4.089516197428175737e-01
4.105453097742704505e-01
4.129228718658807806e-01
4.161048899910523291e-01
4.202297702687261549e-01
4.255028485237398739e-01
4.314700516647673179e-01
4.377086907356887990e-01
4.436858622727509749e-01
4.496069170027853223e-01
4.556162948015148317e-01
4.616053259977542234e-01
4.678119850057388396e-01
4.753315584263131388e-01
4.848945742878238430e-01
4.964132353636142581e-01
5.092841603657506377e-01
5.227301281589847859e-01
5.367464053623548503e-01
5.504274114312418531e-01
5.642103464401329038e-01
5.773190693551490948e-01
5.900726231697339674e-01
6.022307412144739525e-01
6.140400575143299955e-01
6.260245007022643415e-01
6.371372106002569646e-01
6.474791648565687563e-01
6.563811965755458333e-01
6.638741195490663882e-01
6.698285198758913150e-01
6.738910520009612215e-01
6.772384733093430587e-01
6.797241308906131207e-01
6.818316082333601980e-01
6.825743104396208016e-01
6.825867953338351501e-01
6.815447806310346301e-01
6.800937369475285044e-01
6.780665187183353426e-01
6.756599727057208682e-01
6.722386446747948829e-01
6.676868264491813143e-01
6.619616409042097249e-01
6.565051688522579587e-01
6.515615746089219451e-01
6.479357519174518965e-01
6.446353425408555271e-01
6.417535894010416575e-01
6.385116180712824274e-01
6.346904439510985263e-01
6.299543744499950249e-01
6.245558004224587290e-01
6.184332584403008370e-01
6.122468205433201360e-01
6.066287143785514813e-01
6.024322162608568565e-01
5.990799053686807207e-01
5.962495304870701895e-01
5.932808418418604735e-01
5.900167021656965716e-01
5.861828292095928594e-01
5.815290035079796471e-01
5.761890453714478832e-01
5.706421903489914405e-01
5.657151558793999113e-01
5.614704475800377237e-01
5.574791823811043878e-01
5.538986290565024451e-01
5.508617428866661170e-01
5.479848934748531297e-01
5.455595807298310174e-01
5.434189802999868091e-01
5.421649580306758809e-01
5.409735503590714645e-01
5.398075343209071120e-01
5.388621622523731558e-01
5.382375848810988517e-01
5.383218961676472514e-01
5.384799265299576865e-01
5.389485495055499342e-01
5.395532998180455619e-01
5.409101084451406471e-01
5.423388620394697934e-01
5.433183581876936952e-01
5.426143491731976187e-01
5.404289688588198581e-01
5.371127203540531081e-01
5.339686325404214839e-01
5.318419564612701933e-01
5.312986709722317125e-01
5.325344356566006354e-01
5.346239712495595153e-01
5.367446567246240141e-01
5.383717885964537375e-01
5.397556613417603399e-01
5.401509756440815435e-01
5.399247839860062959e-01
5.391233366957839390e-01
5.390992234763386515e-01
5.394888136331074113e-01
5.409317962828977810e-01
5.431217987553594861e-01
5.461753064226830823e-01
5.492669420378530898e-01
5.520296219711628982e-01
5.538839065592722211e-01
5.545690468567477938e-01
5.543971149891057104e-01
5.535506437564062798e-01
5.521618446319652707e-01
5.508240685328237296e-01
5.500907099826648494e-01
5.501230433533046416e-01
5.514982585707239870e-01
5.534035478802117325e-01
5.561943585739471674e-01
5.587070882462504828e-01
5.607479622583746437e-01
5.620987798741876595e-01
5.625355323013563336e-01
5.630729895676044316e-01
5.638263707619365350e-01
5.648841224452062493e-01
5.668646233958145597e-01
5.690453348111060849e-01
5.723167820881790435e-01
5.754341679827126299e-01
5.791055837870312528e-01
5.823575426956089096e-01
5.854175086257764615e-01
5.880425444079899755e-01
5.903242251696844134e-01
5.916144242171470502e-01
5.921447539966245843e-01
5.920425584490809356e-01
5.921279782951353043e-01
5.928039455159318516e-01
5.946565488793859044e-01
5.975102097112027222e-01
6.014693985920289698e-01
6.060009197568047012e-01
6.107299777278902830e-01
6.145934885534656278e-01
6.174469661964552269e-01
6.198209771458002004e-01
6.215727135203090725e-01
6.230779027250195057e-01
6.243509384078641533e-01
6.258391781362051542e-01
6.280531544548700884e-01
6.315043522291480249e-01
6.365294986617793249e-01
6.422606121111902322e-01
6.481994952664805743e-01
6.537217776379565803e-01
6.583187366222772452e-01
6.619180616026328901e-01
6.648904916221585193e-01
6.677663761412253596e-01
6.706978802069420986e-01
6.736632843325204290e-01
6.769840218368520235e-01
6.805990821830916193e-01
6.848716602921492980e-01
6.895426879697161837e-01
6.947125709498480628e-01
7.000961879364301366e-01
7.055225758184459073e-01
7.103121171900518283e-01
7.142511821275091544e-01
7.175851958900421046e-01
7.207387619538273560e-01
7.237387794791885209e-01
7.266617404201807240e-01
7.301181028692075303e-01
7.342033615749400388e-01
7.384046830450363696e-01
7.431736553260174238e-01
7.481751154740915455e-01
7.542009526312835055e-01
7.610778483374226466e-01
7.691302299470446080e-01
7.774880398515463531e-01
7.854068601446952957e-01
7.922620281523091723e-01
7.981456755015873261e-01
8.036707128879589934e-01
8.090262822767317896e-01
8.149166351499578242e-01
8.208867844915099798e-01
8.275682989726892425e-01
8.345287990354778307e-01
8.416605349657136914e-01
8.483901060541039207e-01
8.548028653406416488e-01
8.608330333023150871e-01
8.656485712404654587e-01
8.693681841240059605e-01
8.718223086436518443e-01
8.743542090522944399e-01
8.769074829117914360e-01
8.798953818741682698e-01
8.835742919484511626e-01
8.887209310473820345e-01
8.950265662528180677e-01
9.028783104135035265e-01
9.131147145818863109e-01
9.247168143253137185e-01
9.372213119091216127e-01
9.489850278913124493e-01
9.611250165786864308e-01
9.731206068283156929e-01
9.850040419422063653e-01
9.951162818963014134e-01
1.003866533304950126e+00
1.011408340522740312e+00
1.019126201510866414e+00
1.027063443970971157e+00
1.035322022334992598e+00
1.043570327815816823e+00
1.052571114906150740e+00
1.061655625230608191e+00
1.071009961742206196e+00
1.079448099041987685e+00
1.087488739613249988e+00
1.094925134981940440e+00
1.101926764836895112e+00
1.108114744082442593e+00
1.113113141775790238e+00
1.117934558953451507e+00
1.122467533180987909e+00
1.127856306609939852e+00
1.133917962906631827e+00
1.141254877583148586e+00
1.149587672182227127e+00
1.159902019367364367e+00
1.171771003099165931e+00
1.186386093978180067e+00
1.202598378453819450e+00
1.219356239690639443e+00
1.236509620836994339e+00
1.253549596631988727e+00
1.271421429922331425e+00
1.289489644081019293e+00
1.307835072408239707e+00
1.327121638667165149e+00
1.344836423252278257e+00
1.361149449077122542e+00
1.375180480464495147e+00
1.388739107784455529e+00
1.400608406642840142e+00
1.411972569838855662e+00
1.422291583794693226e+00
1.434283754935267385e+00
1.445017389909767802e+00
1.457035208646041857e+00
1.467951090330781527e+00
1.479406708908305834e+00
1.490748267151562390e+00
1.502127803037707876e+00
1.515327513219212552e+00
1.528330450260464435e+00
1.540587190764738601e+00
1.552519704804188994e+00
1.566038533555127676e+00
1.581730056691250885e+00
1.598710303806339494e+00
1.617102326120525513e+00
1.636582242009228194e+00
1.658491754204090673e+00
1.678808998015685061e+00
1.703698518977421639e+00
1.730870699712546701e+00
1.762231926110700453e+00
1.791424665520396475e+00
1.819159818374607829e+00
1.844601111831248197e+00
1.866953710350389040e+00
1.885819194781897412e+00
1.903156553611607293e+00
1.920732422439879850e+00
1.940970036707115876e+00
1.963736058619661939e+00
1.989177976951471472e+00
2.010809559962253967e+00
2.029010184396137895e+00
2.045703137695988882e+00
2.062608716635388362e+00
2.082847724116221322e+00
2.104440425812213800e+00
2.129208119484970130e+00
2.152519225925072721e+00
2.172085770063442389e+00
2.192531570438741806e+00
2.217210382993167972e+00
2.247425926729384571e+00
2.278120962572317776e+00
2.307755770376032078e+00
2.338476418147385161e+00
2.372135485677302480e+00
2.407592393258982000e+00
2.446977589967264333e+00
2.490264661186027517e+00
2.541717421005484479e+00
2.597278945134856354e+00
2.655763018094676742e+00
2.715672990991921498e+00
2.775594436109038554e+00
2.834245048220744856e+00
2.892341242117233868e+00
2.951171056542437832e+00
3.011761819997167411e+00
3.069205410436798065e+00
3.130797738063066049e+00
3.196137727029668696e+00
3.267949394999565715e+00
3.337823187967464911e+00
3.415538847726571348e+00
3.497874324773707411e+00
3.590577845742555674e+00
3.682387366813579810e+00
3.780077837355545700e+00
3.874264339450641526e+00
3.973816016998434897e+00
4.068028452580666254e+00
4.162801378786302742e+00
4.262846670288755746e+00
4.369122419197415397e+00
4.482166630488215731e+00
4.598601904940863960e+00
4.728975879541320815e+00
4.880108443332535906e+00
5.039558463452781467e+00
5.205386176538610243e+00
5.374879562264891497e+00
5.550799498310517777e+00
5.734894373931908262e+00
5.919074890198111838e+00
6.099450957582602584e+00
6.283639573005502577e+00
6.475967829457210279e+00
6.692885438155469657e+00
6.900631322789076982e+00
7.117619016883775629e+00
7.337515583221362547e+00
7.570336477247927576e+00
7.816853673286820126e+00
8.057346728259172863e+00
8.320883540996993233e+00
8.583565010883363655e+00
8.864026049137930130e+00
9.169103956410683764e+00
9.490149562713829923e+00
9.801608448477301394e+00
1.011754479237323245e+01
1.046478670478367334e+01
1.087024534987039459e+01
1.130352604619178969e+01
1.172919032674722750e+01
1.221452045857685320e+01
1.272409111138615145e+01
1.331826729321547731e+01
1.391037191829819619e+01
1.457604537061812877e+01
1.526520001500058754e+01
1.595891423482338389e+01
1.664316298853875153e+01
1.735403962599091798e+01
1.815229639988568167e+01
1.892327200452778868e+01
1.972535046387790558e+01
2.051391743427965864e+01
2.152951724575262205e+01
2.257653219969316893e+01
2.363007826650444798e+01
2.466424816814171450e+01
2.584772000711650008e+01
2.721154640532366642e+01
2.859075614899024487e+01
2.987716722850556295e+01
3.145357734103335190e+01
3.307974744381268550e+01
3.487279208311657186e+01
3.648981029465215897e+01
3.822128274347210919e+01
4.008278854359513588e+01
4.178447430727414513e+01
4.356368509365111663e+01
4.507590759377982437e+01
4.673249503817735473e+01
4.814887623082977086e+01
4.973467555985221367e+01
5.136690121800284459e+01
5.313986634667872977e+01
5.444356047651981356e+01
5.562900653402029150e+01
5.686583852326769062e+01
5.847047279858487201e+01
5.982016260729028545e+01
6.126927295507338300e+01
