2.03673e+02 0.00000e+00
2.04148e+02 0.00000e+00
2.04624e+02 0.00000e+00
2.05099e+02 0.00000e+00
2.05575e+02 0.00000e+00
2.06050e+02 0.00000e+00
2.06526e+02 0.00000e+00
2.07001e+02 0.00000e+00
2.07477e+02 0.00000e+00
2.07952e+02 0.00000e+00
2.08428e+02 0.00000e+00
2.08903e+02 0.00000e+00
2.09378e+02 0.00000e+00
2.09854e+02 0.00000e+00
2.10329e+02 0.00000e+00
2.10804e+02 0.00000e+00
2.11279e+02 0.00000e+00
2.11754e+02 0.00000e+00
2.12230e+02 0.00000e+00
2.12705e+02 0.00000e+00
2.13180e+02 0.00000e+00
2.13655e+02 0.00000e+00
2.14130e+02 0.00000e+00
2.14605e+02 0.00000e+00
2.15080e+02 0.00000e+00
2.15555e+02 0.00000e+00
2.16030e+02 0.00000e+00
2.16505e+02 0.00000e+00
2.16980e+02 0.00000e+00
2.17455e+02 0.00000e+00
2.17930e+02 0.00000e+00
2.18404e+02 0.00000e+00
2.18879e+02 0.00000e+00
2.19354e+02 0.00000e+00
2.19829e+02 0.00000e+00
2.20303e+02 0.00000e+00
2.20778e+02 0.00000e+00
2.21253e+02 0.00000e+00
2.21727e+02 0.00000e+00
2.22202e+02 0.00000e+00
2.22677e+02 0.00000e+00
2.23151e+02 0.00000e+00
2.23626e+02 0.00000e+00
2.24100e+02 0.00000e+00
2.24575e+02 0.00000e+00
2.25049e+02 0.00000e+00
2.25524e+02 0.00000e+00
2.25998e+02 0.00000e+00
2.26472e+02 0.00000e+00
2.26947e+02 0.00000e+00
2.27421e+02 0.00000e+00
2.27895e+02 0.00000e+00
2.28370e+02 0.00000e+00
2.28844e+02 0.00000e+00
2.29318e+02 0.00000e+00
2.29792e+02 0.00000e+00
2.30266e+02 0.00000e+00
2.30741e+02 0.00000e+00
2.31215e+02 0.00000e+00
2.31689e+02 0.00000e+00
2.32163e+02 0.00000e+00
2.32637e+02 0.00000e+00
2.33111e+02 0.00000e+00
2.33585e+02 0.00000e+00
2.34059e+02 0.00000e+00
2.34533e+02 0.00000e+00
2.35007e+02 0.00000e+00
2.35481e+02 0.00000e+00
2.35954e+02 0.00000e+00
2.36428e+02 0.00000e+00
2.36902e+02 0.00000e+00
2.37376e+02 0.00000e+00
2.37850e+02 0.00000e+00
2.38323e+02 0.00000e+00
2.38797e+02 0.00000e+00
2.39271e+02 0.00000e+00
2.39744e+02 0.00000e+00
2.40218e+02 0.00000e+00
2.40692e+02 0.00000e+00
2.41165e+02 0.00000e+00
2.41639e+02 0.00000e+00
2.42112e+02 0.00000e+00
2.42586e+02 0.00000e+00
2.43059e+02 0.00000e+00
2.43533e+02 0.00000e+00
2.44006e+02 0.00000e+00
2.44479e+02 0.00000e+00
2.44953e+02 0.00000e+00
2.45426e+02 0.00000e+00
2.45899e+02 0.00000e+00
2.46373e+02 0.00000e+00
2.46846e+02 0.00000e+00
2.47319e+02 0.00000e+00
2.47792e+02 0.00000e+00
2.48265e+02 0.00000e+00
2.48739e+02 0.00000e+00
2.49212e+02 0.00000e+00
2.49685e+02 0.00000e+00
2.50158e+02 0.00000e+00
2.50631e+02 0.00000e+00
2.51104e+02 0.00000e+00
2.51577e+02 0.00000e+00
2.52050e+02 0.00000e+00
2.52523e+02 0.00000e+00
2.52996e+02 0.00000e+00
2.53468e+02 0.00000e+00
2.53941e+02 0.00000e+00
2.54414e+02 0.00000e+00
2.54887e+02 0.00000e+00
2.55360e+02 0.00000e+00
2.55832e+02 0.00000e+00
2.56305e+02 0.00000e+00
2.56778e+02 0.00000e+00
2.57251e+02 0.00000e+00
2.57723e+02 0.00000e+00
2.58196e+02 0.00000e+00
2.58668e+02 0.00000e+00
2.59141e+02 0.00000e+00
2.59613e+02 0.00000e+00
2.60086e+02 0.00000e+00
2.60558e+02 0.00000e+00
2.61031e+02 0.00000e+00
2.61503e+02 0.00000e+00
2.61976e+02 0.00000e+00
2.62448e+02 0.00000e+00
2.62920e+02 0.00000e+00
2.63393e+02 0.00000e+00
2.63865e+02 0.00000e+00
2.64337e+02 0.00000e+00
2.64810e+02 0.00000e+00
2.65282e+02 0.00000e+00
2.65754e+02 0.00000e+00
2.66226e+02 0.00000e+00
2.66698e+02 0.00000e+00
2.67170e+02 0.00000e+00
2.67643e+02 0.00000e+00
2.68115e+02 0.00000e+00
2.68587e+02 0.00000e+00
2.69059e+02 0.00000e+00
2.69531e+02 0.00000e+00
2.70003e+02 0.00000e+00
2.70474e+02 0.00000e+00
2.70946e+02 0.00000e+00
2.71418e+02 0.00000e+00
2.71890e+02 0.00000e+00
2.72362e+02 0.00000e+00
2.72834e+02 0.00000e+00
2.73305e+02 0.00000e+00
2.73777e+02 0.00000e+00
2.74249e+02 0.00000e+00
2.74721e+02 0.00000e+00
2.75192e+02 0.00000e+00
2.75664e+02 0.00000e+00
2.76136e+02 0.00000e+00
2.76607e+02 0.00000e+00
2.77079e+02 0.00000e+00
2.77550e+02 0.00000e+00
2.78022e+02 0.00000e+00
2.78493e+02 0.00000e+00
2.78965e+02 0.00000e+00
2.79436e+02 0.00000e+00
2.79907e+02 0.00000e+00
2.80379e+02 0.00000e+00
2.80850e+02 0.00000e+00
2.81321e+02 0.00000e+00
2.81793e+02 0.00000e+00
2.82264e+02 0.00000e+00
2.82735e+02 0.00000e+00
2.83206e+02 0.00000e+00
2.83678e+02 0.00000e+00
2.84149e+02 0.00000e+00
2.84620e+02 0.00000e+00
2.85091e+02 0.00000e+00
2.85562e+02 0.00000e+00
2.86033e+02 0.00000e+00
2.86504e+02 0.00000e+00
2.86975e+02 0.00000e+00
2.87446e+02 0.00000e+00
2.87917e+02 0.00000e+00
2.88388e+02 0.00000e+00
2.88859e+02 0.00000e+00
2.89330e+02 0.00000e+00
2.89801e+02 0.00000e+00
2.90271e+02 0.00000e+00
2.90742e+02 0.00000e+00
2.91213e+02 0.00000e+00
2.91684e+02 0.00000e+00
2.92154e+02 0.00000e+00
2.92625e+02 0.00000e+00
2.93096e+02 0.00000e+00
2.93566e+02 0.00000e+00
2.94037e+02 0.00000e+00
2.94508e+02 0.00000e+00
2.94978e+02 0.00000e+00
2.95449e+02 0.00000e+00
2.95919e+02 0.00000e+00
2.96390e+02 0.00000e+00
2.96860e+02 0.00000e+00
2.97330e+02 0.00000e+00
2.97801e+02 0.00000e+00
2.98271e+02 0.00000e+00
2.98741e+02 0.00000e+00
2.99212e+02 0.00000e+00
2.99682e+02 0.00000e+00
3.00152e+02 0.00000e+00
3.00623e+02 0.00000e+00
3.01093e+02 0.00000e+00
3.01563e+02 0.00000e+00
3.02033e+02 0.00000e+00
3.02503e+02 0.00000e+00
3.02973e+02 0.00000e+00
3.03443e+02 0.00000e+00
3.03913e+02 0.00000e+00
3.04383e+02 0.00000e+00
3.04853e+02 0.00000e+00
3.05323e+02 0.00000e+00
3.05793e+02 0.00000e+00
3.06263e+02 0.00000e+00
3.06733e+02 0.00000e+00
3.07203e+02 0.00000e+00
3.07673e+02 0.00000e+00
3.08143e+02 0.00000e+00
3.08612e+02 0.00000e+00
3.09082e+02 0.00000e+00
3.09552e+02 0.00000e+00
3.10021e+02 0.00000e+00
3.10491e+02 0.00000e+00
3.10961e+02 0.00000e+00
3.11430e+02 0.00000e+00
3.11900e+02 0.00000e+00
3.12369e+02 0.00000e+00
3.12839e+02 0.00000e+00
3.13309e+02 0.00000e+00
3.13778e+02 0.00000e+00
3.14247e+02 0.00000e+00
3.14717e+02 0.00000e+00
3.15186e+02 0.00000e+00
3.15656e+02 0.00000e+00
3.16125e+02 0.00000e+00
3.16594e+02 0.00000e+00
3.17064e+02 0.00000e+00
3.17533e+02 0.00000e+00
3.18002e+02 0.00000e+00
3.18471e+02 0.00000e+00
3.18941e+02 0.00000e+00
3.19410e+02 0.00000e+00
3.19879e+02 0.00000e+00
3.20348e+02 0.00000e+00
3.20817e+02 0.00000e+00
3.21286e+02 0.00000e+00
3.21755e+02 0.00000e+00
3.22224e+02 0.00000e+00
3.22693e+02 0.00000e+00
3.23162e+02 0.00000e+00
3.23631e+02 0.00000e+00
3.24100e+02 0.00000e+00
3.24569e+02 0.00000e+00
3.25037e+02 0.00000e+00
3.25506e+02 0.00000e+00
3.25975e+02 0.00000e+00
3.26444e+02 0.00000e+00
3.26913e+02 0.00000e+00
3.27381e+02 0.00000e+00
3.27850e+02 0.00000e+00
3.28319e+02 0.00000e+00
3.28787e+02 0.00000e+00
3.29256e+02 0.00000e+00
3.29724e+02 0.00000e+00
3.30193e+02 0.00000e+00
3.30661e+02 0.00000e+00
3.31130e+02 0.00000e+00
3.31598e+02 0.00000e+00
3.32067e+02 0.00000e+00
3.32535e+02 0.00000e+00
3.33004e+02 0.00000e+00
3.33472e+02 0.00000e+00
3.33940e+02 0.00000e+00
3.34409e+02 0.00000e+00
3.34877e+02 0.00000e+00
3.35345e+02 0.00000e+00
3.35813e+02 0.00000e+00
3.36282e+02 0.00000e+00
3.36750e+02 0.00000e+00
3.37218e+02 0.00000e+00
3.37686e+02 0.00000e+00
3.38154e+02 0.00000e+00
3.38622e+02 0.00000e+00
3.39090e+02 0.00000e+00
3.39558e+02 0.00000e+00
3.40026e+02 0.00000e+00
3.40494e+02 0.00000e+00
3.40962e+02 0.00000e+00
3.41430e+02 0.00000e+00
3.41898e+02 0.00000e+00
3.42366e+02 0.00000e+00
3.42833e+02 0.00000e+00
3.43301e+02 0.00000e+00
3.43769e+02 0.00000e+00
3.44237e+02 0.00000e+00
3.44704e+02 0.00000e+00
3.45172e+02 0.00000e+00
3.45640e+02 0.00000e+00
3.46107e+02 0.00000e+00
3.46575e+02 0.00000e+00
3.47043e+02 0.00000e+00
3.47510e+02 0.00000e+00
3.47978e+02 0.00000e+00
3.48445e+02 0.00000e+00
3.48913e+02 0.00000e+00
3.49380e+02 0.00000e+00
3.49847e+02 0.00000e+00
3.50315e+02 9.04475e+00
3.50782e+02 9.68147e+00
3.51250e+02 9.38180e+00
3.51717e+02 9.76481e+00
3.52184e+02 9.84369e+00
3.52651e+02 9.89856e+00
3.53119e+02 9.90735e+00
3.53586e+02 1.01800e+01
3.54053e+02 1.02560e+01
3.54520e+02 1.03192e+01
3.54987e+02 1.04269e+01
3.55454e+02 1.01193e+01
3.55921e+02 9.56547e+00
3.56388e+02 9.45316e+00
3.56855e+02 9.28681e+00
3.57322e+02 9.34594e+00
3.57789e+02 9.10043e+00
3.58256e+02 9.14972e+00
3.58723e+02 9.22875e+00
3.59190e+02 8.71036e+00
3.59657e+02 8.29750e+00
3.60124e+02 8.05981e+00
3.60591e+02 7.89032e+00
3.61057e+02 7.67420e+00
3.61524e+02 7.45181e+00
3.61991e+02 7.44093e+00
3.62457e+02 7.60270e+00
3.62924e+02 7.56291e+00
3.63391e+02 7.58800e+00
3.63857e+02 7.67986e+00
3.64324e+02 7.62361e+00
3.64791e+02 7.71417e+00
3.65257e+02 7.32673e+00
3.65724e+02 7.49936e+00
3.66190e+02 7.39278e+00
3.66656e+02 7.59130e+00
3.67123e+02 7.60309e+00
3.67589e+02 7.69297e+00
3.68056e+02 7.67466e+00
3.68522e+02 7.76534e+00
3.68988e+02 7.89191e+00
3.69455e+02 7.76104e+00
3.69921e+02 7.64669e+00
3.70387e+02 7.45636e+00
3.70853e+02 7.40499e+00
3.71319e+02 7.25976e+00
3.71786e+02 7.23819e+00
3.72252e+02 7.13976e+00
3.72718e+02 6.97320e+00
3.73184e+02 6.88303e+00
3.73650e+02 6.73993e+00
3.74116e+02 6.65246e+00
3.74582e+02 6.54386e+00
3.75048e+02 6.43469e+00
3.75514e+02 6.50352e+00
3.75980e+02 6.38087e+00
3.76446e+02 6.22941e+00
3.76911e+02 6.18237e+00
3.77377e+02 6.05549e+00
3.77843e+02 5.96380e+00
3.78309e+02 5.85791e+00
3.78775e+02 5.86860e+00
3.79240e+02 5.79781e+00
3.79706e+02 5.81463e+00
3.80172e+02 5.85855e+00
3.80637e+02 5.82253e+00
3.81103e+02 5.83792e+00
3.81568e+02 5.90585e+00
3.82034e+02 5.95578e+00
3.82500e+02 5.98352e+00
3.82965e+02 5.96534e+00
3.83431e+02 5.97648e+00
3.83896e+02 5.97602e+00
3.84361e+02 5.87697e+00
3.84827e+02 5.79428e+00
3.85292e+02 5.68072e+00
3.85757e+02 5.61781e+00
3.86223e+02 5.54929e+00
3.86688e+02 5.49742e+00
3.87153e+02 5.47790e+00
3.87619e+02 5.45628e+00
3.88084e+02 5.39577e+00
3.88549e+02 5.34939e+00
3.89014e+02 5.35550e+00
3.89479e+02 5.33902e+00
3.89944e+02 5.34536e+00
3.90409e+02 5.29139e+00
3.90874e+02 5.28352e+00
3.91339e+02 5.26100e+00
3.91804e+02 5.30626e+00
3.92269e+02 5.24755e+00
3.92734e+02 5.24171e+00
3.93199e+02 5.21614e+00
3.93664e+02 5.16099e+00
3.94129e+02 5.15417e+00
3.94594e+02 5.11685e+00
3.95059e+02 5.11078e+00
3.95523e+02 5.07481e+00
3.95988e+02 5.03553e+00
3.96453e+02 5.00210e+00
3.96917e+02 4.99657e+00
3.97382e+02 4.97826e+00
3.97847e+02 4.96418e+00
3.98311e+02 4.94908e+00
3.98776e+02 4.92769e+00
3.99240e+02 4.93449e+00
3.99705e+02 4.90162e+00
4.00169e+02 4.88061e+00
4.00634e+02 4.86636e+00
4.01098e+02 4.81158e+00
4.01563e+02 4.75439e+00
4.02027e+02 4.72541e+00
4.02492e+02 4.69653e+00
4.02956e+02 4.65336e+00
4.03420e+02 4.60405e+00
4.03884e+02 4.58697e+00
4.04349e+02 4.56538e+00
4.04813e+02 4.54454e+00
4.05277e+02 4.54749e+00
4.05741e+02 4.50439e+00
4.06205e+02 4.49339e+00
4.06670e+02 4.47909e+00
4.07134e+02 4.46069e+00
4.07598e+02 4.43975e+00
4.08062e+02 4.42179e+00
4.08526e+02 4.41665e+00
4.08990e+02 4.41510e+00
4.09454e+02 4.40247e+00
4.09918e+02 4.39788e+00
4.10382e+02 4.37292e+00
4.10845e+02 4.35954e+00
4.11309e+02 4.35081e+00
4.11773e+02 4.33713e+00
4.12237e+02 4.32681e+00
4.12701e+02 4.29798e+00
4.13164e+02 4.29198e+00
4.13628e+02 4.26252e+00
4.14092e+02 4.26261e+00
4.14555e+02 4.24519e+00
4.15019e+02 4.23183e+00
4.15483e+02 4.21637e+00
4.15946e+02 4.21058e+00
4.16410e+02 4.21984e+00
4.16873e+02 4.21657e+00
4.17337e+02 4.19718e+00
4.17800e+02 4.21352e+00
4.18264e+02 4.20126e+00
4.18727e+02 4.17992e+00
4.19190e+02 4.18570e+00
4.19654e+02 4.17390e+00
4.20117e+02 4.16487e+00
4.20580e+02 4.14778e+00
4.21044e+02 4.13087e+00
4.21507e+02 4.13484e+00
4.21970e+02 4.12386e+00
4.22433e+02 4.10826e+00
4.22897e+02 4.11969e+00
4.23360e+02 4.12308e+00
4.23823e+02 4.13797e+00
4.24286e+02 4.15505e+00
4.24749e+02 4.16735e+00
4.25212e+02 4.18683e+00
4.25675e+02 4.19276e+00
4.26138e+02 4.22084e+00
4.26601e+02 4.24114e+00
4.27064e+02 4.27629e+00
4.27527e+02 4.33343e+00
4.27990e+02 4.36462e+00
4.28452e+02 4.39960e+00
4.28915e+02 4.44380e+00
4.29378e+02 4.48715e+00
4.29841e+02 4.52875e+00
4.30303e+02 4.57252e+00
4.30766e+02 4.59853e+00
4.31229e+02 4.63503e+00
4.31691e+02 4.66973e+00
4.32154e+02 4.70526e+00
4.32617e+02 4.73473e+00
4.33079e+02 4.76635e+00
4.33542e+02 4.80777e+00
4.34004e+02 4.85608e+00
4.34467e+02 4.90121e+00
4.34929e+02 4.96177e+00
4.35392e+02 5.00925e+00
4.35854e+02 5.05881e+00
4.36316e+02 5.11384e+00
4.36779e+02 5.16583e+00
4.37241e+02 5.20954e+00
4.37703e+02 5.24635e+00
4.38166e+02 5.30567e+00
4.38628e+02 5.35368e+00
4.39090e+02 5.41420e+00
4.39552e+02 5.46475e+00
4.40014e+02 5.51937e+00
4.40477e+02 5.58134e+00
4.40939e+02 5.65482e+00
4.41401e+02 5.73884e+00
4.41863e+02 5.82093e+00
4.42325e+02 5.90401e+00
4.42787e+02 6.00548e+00
4.43249e+02 6.06699e+00
4.43711e+02 6.15754e+00
4.44173e+02 6.25428e+00
4.44634e+02 6.33788e+00
4.45096e+02 6.43557e+00
4.45558e+02 6.54204e+00
4.46020e+02 6.63443e+00
4.46482e+02 6.73348e+00
4.46943e+02 6.83023e+00
4.47405e+02 6.93849e+00
4.47867e+02 7.04034e+00
4.48328e+02 7.13256e+00
4.48790e+02 7.23784e+00
4.49252e+02 7.31883e+00
4.49713e+02 7.41405e+00
4.50175e+02 7.51066e+00
4.50636e+02 7.60758e+00
4.51098e+02 7.74344e+00
4.51559e+02 7.81468e+00
4.52021e+02 7.93320e+00
4.52482e+02 8.08931e+00
4.52944e+02 8.16539e+00
4.53405e+02 8.28598e+00
4.53866e+02 8.40572e+00
4.54328e+02 8.51279e+00
4.54789e+02 8.61184e+00
4.55250e+02 8.69907e+00
4.55711e+02 8.80278e+00
4.56173e+02 8.91048e+00
4.56634e+02 9.01808e+00
4.57095e+02 9.07325e+00
4.57556e+02 9.18186e+00
4.58017e+02 9.24551e+00
4.58478e+02 9.35435e+00
4.58939e+02 9.44113e+00
4.59400e+02 9.57516e+00
4.59861e+02 9.68188e+00
4.60322e+02 9.76681e+00
4.60783e+02 9.86161e+00
4.61244e+02 9.98395e+00
4.61705e+02 1.00748e+01
4.62166e+02 1.01919e+01
4.62626e+02 1.03230e+01
4.63087e+02 1.04190e+01
4.63548e+02 1.05464e+01
4.64009e+02 1.06293e+01
4.64469e+02 1.07106e+01
4.64930e+02 1.08198e+01
4.65391e+02 1.09562e+01
4.65851e+02 1.10967e+01
4.66312e+02 1.12107e+01
4.66772e+02 1.13164e+01
4.67233e+02 1.14212e+01
4.67693e+02 1.15580e+01
4.68154e+02 1.16270e+01
4.68614e+02 1.17556e+01
4.69075e+02 1.18416e+01
4.69535e+02 1.19851e+01
4.69996e+02 1.21228e+01
4.70456e+02 1.22575e+01
4.70916e+02 1.23734e+01
4.71377e+02 1.24598e+01
4.71837e+02 1.25913e+01
4.72297e+02 1.26454e+01
4.72757e+02 1.27397e+01
4.73217e+02 1.28553e+01
4.73678e+02 1.29975e+01
4.74138e+02 1.31629e+01
4.74598e+02 1.33751e+01
4.75058e+02 1.35071e+01
4.75518e+02 1.36292e+01
4.75978e+02 1.37873e+01
4.76438e+02 1.39090e+01
4.76898e+02 1.41794e+01
4.77358e+02 1.43411e+01
4.77818e+02 1.44569e+01
4.78278e+02 1.45952e+01
4.78737e+02 1.46933e+01
4.79197e+02 1.48029e+01
4.79657e+02 1.48443e+01
4.80117e+02 1.49972e+01
4.80577e+02 1.50945e+01
4.81036e+02 1.52128e+01
4.81496e+02 1.52627e+01
4.81956e+02 1.53423e+01
4.82415e+02 1.53989e+01
4.82875e+02 1.54088e+01
4.83334e+02 1.55088e+01
4.83794e+02 1.54986e+01
4.84253e+02 1.55263e+01
4.84713e+02 1.55427e+01
4.85172e+02 1.55651e+01
4.85632e+02 1.56397e+01
4.86091e+02 1.57420e+01
4.86551e+02 1.57948e+01
4.87010e+02 1.58862e+01
4.87469e+02 1.58786e+01
4.87929e+02 1.58572e+01
4.88388e+02 1.59685e+01
4.88847e+02 1.59619e+01
4.89306e+02 1.60143e+01
4.89765e+02 1.61483e+01
4.90225e+02 1.62493e+01
4.90684e+02 1.62540e+01
4.91143e+02 1.63331e+01
4.91602e+02 1.63948e+01
4.92061e+02 1.65805e+01
4.92520e+02 1.66000e+01
4.92979e+02 1.66122e+01
4.93438e+02 1.66879e+01
4.93897e+02 1.68257e+01
4.94356e+02 1.69117e+01
4.94815e+02 1.69566e+01
4.95274e+02 1.69021e+01
4.95732e+02 1.69056e+01
4.96191e+02 1.68506e+01
4.96650e+02 1.68810e+01
4.97109e+02 1.68406e+01
4.97567e+02 1.68633e+01
4.98026e+02 1.68973e+01
4.98485e+02 1.69933e+01
4.98943e+02 1.70028e+01
4.99402e+02 1.69919e+01
4.99861e+02 1.69487e+01
5.00319e+02 1.69698e+01
5.00778e+02 1.71110e+01
5.01236e+02 1.72044e+01
5.01695e+02 1.73512e+01
5.02153e+02 1.73613e+01
5.02611e+02 1.73865e+01
5.03070e+02 1.74399e+01
5.03528e+02 1.74654e+01
5.03987e+02 1.75116e+01
5.04445e+02 1.74678e+01
5.04903e+02 1.75446e+01
5.05361e+02 1.74948e+01
5.05820e+02 1.75046e+01
5.06278e+02 1.75056e+01
5.06736e+02 1.74154e+01
5.07194e+02 1.73246e+01
5.07652e+02 1.73945e+01
5.08110e+02 1.73677e+01
5.08568e+02 1.72961e+01
5.09026e+02 1.72465e+01
5.09484e+02 1.72320e+01
5.09942e+02 1.71431e+01
5.10400e+02 1.71239e+01
5.10858e+02 1.70599e+01
5.11316e+02 1.70090e+01
5.11774e+02 1.69536e+01
5.12232e+02 1.68978e+01
5.12690e+02 1.69254e+01
5.13147e+02 1.69310e+01
5.13605e+02 1.68323e+01
5.14063e+02 1.68089e+01
5.14520e+02 1.68065e+01
5.14978e+02 1.67578e+01
5.15436e+02 1.67090e+01
5.15893e+02 1.66901e+01
5.16351e+02 1.66156e+01
5.16808e+02 1.65999e+01
5.17266e+02 1.64923e+01
5.17724e+02 1.65032e+01
5.18181e+02 1.64745e+01
5.18638e+02 1.64523e+01
5.19096e+02 1.63369e+01
5.19553e+02 1.62616e+01
5.20011e+02 1.61744e+01
5.20468e+02 1.61617e+01
5.20925e+02 1.60709e+01
5.21382e+02 1.60255e+01
5.21840e+02 1.59429e+01
5.22297e+02 1.58342e+01
5.22754e+02 1.57761e+01
5.23211e+02 1.56556e+01
5.23668e+02 1.55469e+01
5.24126e+02 1.54738e+01
5.24583e+02 1.54004e+01
5.25040e+02 1.53324e+01
5.25497e+02 1.53278e+01
5.25954e+02 1.52916e+01
5.26411e+02 1.52613e+01
5.26868e+02 1.52006e+01
5.27325e+02 1.51517e+01
5.27781e+02 1.51303e+01
5.28238e+02 1.50477e+01
5.28695e+02 1.50039e+01
5.29152e+02 1.49462e+01
5.29609e+02 1.49113e+01
5.30065e+02 1.48088e+01
5.30522e+02 1.47570e+01
5.30979e+02 1.46826e+01
5.31436e+02 1.46058e+01
5.31892e+02 1.45723e+01
5.32349e+02 1.45375e+01
5.32805e+02 1.44255e+01
5.33262e+02 1.43594e+01
5.33718e+02 1.42944e+01
5.34175e+02 1.42078e+01
5.34631e+02 1.41131e+01
5.35088e+02 1.40277e+01
5.35544e+02 1.39246e+01
5.36001e+02 1.38506e+01
5.36457e+02 1.37786e+01
5.36913e+02 1.36954e+01
5.37370e+02 1.36217e+01
5.37826e+02 1.35171e+01
5.38282e+02 1.34188e+01
5.38738e+02 1.33488e+01
5.39195e+02 1.33942e+01
5.39651e+02 1.32337e+01
5.40107e+02 1.31283e+01
5.40563e+02 1.30073e+01
5.41019e+02 1.29078e+01
5.41475e+02 1.28291e+01
5.41931e+02 1.27441e+01
5.42387e+02 1.26926e+01
5.42843e+02 1.26126e+01
5.43299e+02 1.25421e+01
5.43755e+02 1.24717e+01
5.44211e+02 1.24432e+01
5.44667e+02 1.23936e+01
5.45122e+02 1.23504e+01
5.45578e+02 1.23004e+01
5.46034e+02 1.22448e+01
5.46490e+02 1.21839e+01
5.46946e+02 1.21140e+01
5.47401e+02 1.20569e+01
5.47857e+02 1.19847e+01
5.48312e+02 1.19270e+01
5.48768e+02 1.18627e+01
5.49224e+02 1.17959e+01
5.49679e+02 1.17224e+01
5.50135e+02 1.16561e+01
5.50590e+02 1.15831e+01
5.51046e+02 1.14882e+01
5.51501e+02 1.13861e+01
5.51957e+02 1.12880e+01
5.52412e+02 1.11706e+01
5.52867e+02 1.10700e+01
5.53323e+02 1.09626e+01
5.53778e+02 1.08662e+01
5.54233e+02 1.07584e+01
5.54688e+02 1.06370e+01
5.55144e+02 1.05353e+01
5.55599e+02 1.04210e+01
5.56054e+02 1.03138e+01
5.56509e+02 1.02001e+01
5.56964e+02 1.01000e+01
5.57419e+02 1.00012e+01
5.57874e+02 9.91893e+00
5.58329e+02 9.82249e+00
5.58784e+02 9.72661e+00
5.59239e+02 9.63671e+00
5.59694e+02 9.55711e+00
5.60149e+02 9.47095e+00
5.60604e+02 9.40272e+00
5.61059e+02 9.34030e+00
5.61514e+02 9.27444e+00
5.61968e+02 9.20371e+00
5.62423e+02 9.14984e+00
5.62878e+02 9.09271e+00
5.63333e+02 9.04564e+00
5.63787e+02 8.99819e+00
5.64242e+02 8.88732e+00
5.64697e+02 8.82978e+00
5.65151e+02 8.76802e+00
5.65606e+02 8.70084e+00
5.66060e+02 8.63924e+00
5.66515e+02 8.57198e+00
5.66969e+02 8.51393e+00
5.67424e+02 8.44792e+00
5.67878e+02 8.37202e+00
5.68333e+02 8.30038e+00
5.68787e+02 8.23830e+00
5.69241e+02 8.16796e+00
5.69696e+02 8.09338e+00
5.70150e+02 8.02627e+00
5.70604e+02 7.94878e+00
5.71058e+02 7.88198e+00
5.71513e+02 7.81550e+00
5.71967e+02 7.74942e+00
5.72421e+02 7.68410e+00
5.72875e+02 7.61927e+00
5.73329e+02 7.56158e+00
5.73783e+02 7.49686e+00
5.74237e+02 7.42849e+00
5.74691e+02 7.35957e+00
5.75145e+02 7.29255e+00
5.75599e+02 7.22826e+00
5.76053e+02 7.16233e+00
5.76507e+02 7.10171e+00
5.76961e+02 7.03911e+00
5.77415e+02 6.98730e+00
5.77869e+02 6.92094e+00
5.78322e+02 6.86990e+00
5.78776e+02 6.81072e+00
5.79230e+02 6.75215e+00
5.79684e+02 6.69751e+00
5.80137e+02 6.64136e+00
5.80591e+02 6.58979e+00
5.81045e+02 6.53848e+00
5.81498e+02 6.48728e+00
5.81952e+02 6.43243e+00
5.82405e+02 6.37756e+00
5.82859e+02 6.32604e+00
5.83312e+02 6.27287e+00
5.83766e+02 6.21915e+00
5.84219e+02 6.16965e+00
5.84672e+02 6.12303e+00
5.85126e+02 6.08406e+00
5.85579e+02 6.04199e+00
5.86032e+02 5.99288e+00
5.86486e+02 5.94773e+00
5.86939e+02 5.90282e+00
5.87392e+02 5.85463e+00
5.87845e+02 5.81225e+00
5.88299e+02 5.76546e+00
5.88752e+02 5.72156e+00
5.89205e+02 5.67810e+00
5.89658e+02 5.63762e+00
5.90111e+02 5.59803e+00
5.90564e+02 5.55672e+00
5.91017e+02 5.52051e+00
5.91470e+02 5.47917e+00
5.91923e+02 5.43838e+00
5.92376e+02 5.39764e+00
5.92829e+02 5.35907e+00
5.93282e+02 5.32109e+00
5.93734e+02 5.27901e+00
5.94187e+02 5.23960e+00
5.94640e+02 5.20293e+00
5.95093e+02 5.16799e+00
5.95545e+02 5.13226e+00
5.95998e+02 5.09717e+00
5.96451e+02 5.06076e+00
5.96903e+02 5.02551e+00
5.97356e+02 4.99215e+00
5.97809e+02 4.95849e+00
5.98261e+02 4.92171e+00
5.98714e+02 4.88454e+00
5.99166e+02 4.85229e+00
5.99619e+02 4.82008e+00
6.00071e+02 4.78690e+00
6.00523e+02 4.75269e+00
6.00976e+02 4.72469e+00
6.01428e+02 4.69357e+00
6.01881e+02 4.66404e+00
6.02333e+02 4.63448e+00
6.02785e+02 4.61049e+00
6.03237e+02 4.58523e+00
6.03690e+02 4.56125e+00
6.04142e+02 4.53989e+00
6.04594e+02 4.51364e+00
6.05046e+02 4.49269e+00
6.05498e+02 4.47121e+00
6.05950e+02 4.45083e+00
6.06402e+02 4.42919e+00
6.06854e+02 4.40821e+00
6.07306e+02 4.38844e+00
6.07758e+02 4.36806e+00
6.08210e+02 4.34913e+00
6.08662e+02 4.33333e+00
6.09114e+02 4.31778e+00
6.09566e+02 4.30141e+00
6.10018e+02 4.28200e+00
6.10469e+02 4.26687e+00
6.10921e+02 4.25398e+00
6.11373e+02 4.23733e+00
6.11825e+02 4.22208e+00
6.12276e+02 4.20832e+00
6.12728e+02 4.19340e+00
6.13179e+02 4.17977e+00
6.13631e+02 4.16673e+00
6.14083e+02 4.15582e+00
6.14534e+02 4.14252e+00
6.14986e+02 4.12893e+00
6.15437e+02 4.11967e+00
6.15889e+02 4.10661e+00
6.16340e+02 4.09905e+00
6.16791e+02 4.08747e+00
6.17243e+02 4.07626e+00
6.17694e+02 4.06491e+00
6.18145e+02 4.05384e+00
6.18597e+02 4.04595e+00
6.19048e+02 4.03459e+00
6.19499e+02 4.02668e+00
6.19950e+02 4.01450e+00
6.20401e+02 4.00301e+00
6.20853e+02 3.99117e+00
6.21304e+02 3.98075e+00
6.21755e+02 3.97069e+00
6.22206e+02 3.96249e+00
6.22657e+02 3.95445e+00
6.23108e+02 3.94400e+00
6.23559e+02 3.93739e+00
6.24010e+02 3.92778e+00
6.24461e+02 3.91787e+00
6.24912e+02 3.91051e+00
6.25362e+02 3.90372e+00
6.25813e+02 3.89532e+00
6.26264e+02 3.88941e+00
6.26715e+02 3.88434e+00
6.27166e+02 3.88044e+00
6.27616e+02 3.87695e+00
6.28067e+02 3.87231e+00
6.28518e+02 3.86857e+00
6.28968e+02 3.86382e+00
6.29419e+02 3.86349e+00
6.29869e+02 3.86126e+00
6.30320e+02 3.85904e+00
6.30770e+02 3.85773e+00
6.31221e+02 3.85694e+00
6.31671e+02 3.85803e+00
6.32122e+02 3.85786e+00
6.32572e+02 3.85945e+00
6.33023e+02 3.86109e+00
6.33473e+02 3.86118e+00
6.33923e+02 3.86050e+00
6.34374e+02 3.86171e+00
6.34824e+02 3.86493e+00
6.35274e+02 3.86551e+00
6.35724e+02 3.86457e+00
6.36174e+02 3.86617e+00
6.36625e+02 3.86820e+00
6.37075e+02 3.86792e+00
6.37525e+02 3.86860e+00
6.37975e+02 3.86944e+00
6.38425e+02 3.86960e+00
6.38875e+02 3.86936e+00
6.39325e+02 3.86959e+00
6.39775e+02 3.87245e+00
6.40225e+02 3.87487e+00
6.40675e+02 3.87635e+00
6.41124e+02 3.87563e+00
6.41574e+02 3.87761e+00
6.42024e+02 3.88115e+00
6.42474e+02 3.88574e+00
6.42924e+02 3.88901e+00
6.43373e+02 3.89114e+00
6.43823e+02 3.89420e+00
6.44273e+02 3.89639e+00
6.44722e+02 3.89932e+00
6.45172e+02 3.90235e+00
6.45622e+02 3.90668e+00
6.46071e+02 3.91079e+00
6.46521e+02 3.91571e+00
6.46970e+02 3.91995e+00
6.47420e+02 3.92244e+00
6.47869e+02 3.92676e+00
6.48318e+02 3.93208e+00
6.48768e+02 3.93837e+00
6.49217e+02 3.94367e+00
6.49666e+02 3.94908e+00
6.50116e+02 3.95581e+00
6.50565e+02 3.96217e+00
6.51014e+02 3.96786e+00
6.51463e+02 3.97456e+00
6.51913e+02 3.97999e+00
6.52362e+02 3.98537e+00
6.52811e+02 3.98985e+00
6.53260e+02 3.99680e+00
6.53709e+02 4.00159e+00
6.54158e+02 4.00538e+00
6.54607e+02 4.00869e+00
6.55056e+02 4.01133e+00
6.55505e+02 4.01488e+00
6.55954e+02 4.01913e+00
6.56403e+02 4.02132e+00
6.56852e+02 4.02722e+00
6.57301e+02 4.03216e+00
6.57749e+02 4.03600e+00
6.58198e+02 4.04015e+00
6.58647e+02 4.04565e+00
6.59096e+02 4.04934e+00
6.59544e+02 4.05425e+00
6.59993e+02 4.05902e+00
6.60442e+02 4.06562e+00
6.60890e+02 4.07175e+00
6.61339e+02 4.07628e+00
6.61787e+02 4.08419e+00
6.62236e+02 4.08881e+00
6.62684e+02 4.09453e+00
6.63133e+02 4.09964e+00
6.63581e+02 4.10454e+00
6.64030e+02 4.11200e+00
6.64478e+02 4.11730e+00
6.64926e+02 4.12187e+00
6.65375e+02 4.12912e+00
6.65823e+02 4.13541e+00
6.66271e+02 4.14441e+00
6.66720e+02 4.15133e+00
6.67168e+02 4.15659e+00
6.67616e+02 4.16021e+00
6.68064e+02 4.16668e+00
6.68512e+02 4.17005e+00
6.68960e+02 4.17579e+00
6.69408e+02 4.18129e+00
6.69856e+02 4.18716e+00
6.70304e+02 4.19432e+00
6.70752e+02 4.19897e+00
6.71200e+02 4.20406e+00
6.71648e+02 4.20770e+00
6.72096e+02 4.21235e+00
6.72544e+02 4.21818e+00
6.72992e+02 4.22235e+00
6.73440e+02 4.22566e+00
6.73887e+02 4.23140e+00
6.74335e+02 4.23764e+00
6.74783e+02 4.24378e+00
6.75231e+02 4.24986e+00
6.75678e+02 4.25478e+00
6.76126e+02 4.25875e+00
6.76574e+02 4.26434e+00
6.77021e+02 4.26876e+00
6.77469e+02 4.27729e+00
6.77916e+02 4.28067e+00
6.78364e+02 4.28655e+00
6.78811e+02 4.29099e+00
6.79259e+02 4.29679e+00
6.79706e+02 4.30286e+00
6.80153e+02 4.30746e+00
6.80601e+02 4.31241e+00
6.81048e+02 4.31753e+00
6.81495e+02 4.32335e+00
6.81943e+02 4.32897e+00
6.82390e+02 4.33598e+00
6.82837e+02 4.34221e+00
6.83284e+02 4.34968e+00
6.83731e+02 4.35624e+00
6.84179e+02 4.36194e+00
6.84626e+02 4.36926e+00
6.85073e+02 4.37392e+00
6.85520e+02 4.37623e+00
6.85967e+02 4.38129e+00
6.86414e+02 4.38468e+00
6.86861e+02 4.38907e+00
6.87308e+02 4.39371e+00
6.87755e+02 4.39969e+00
6.88201e+02 4.40459e+00
6.88648e+02 4.40805e+00
6.89095e+02 4.41043e+00
6.89542e+02 4.41269e+00
6.89989e+02 4.41439e+00
6.90435e+02 4.41808e+00
6.90882e+02 4.41945e+00
6.91329e+02 4.42139e+00
6.91775e+02 4.42104e+00
6.92222e+02 4.42414e+00
6.92669e+02 4.42290e+00
6.93115e+02 4.42470e+00
6.93562e+02 4.42536e+00
6.94008e+02 4.42728e+00
6.94455e+02 4.42924e+00
6.94901e+02 4.42905e+00
6.95347e+02 4.43074e+00
6.95794e+02 4.43133e+00
6.96240e+02 4.43363e+00
6.96686e+02 4.43567e+00
6.97133e+02 4.44002e+00
6.97579e+02 4.44493e+00
6.98025e+02 4.45079e+00
6.98471e+02 4.45500e+00
6.98918e+02 4.45858e+00
6.99364e+02 4.45954e+00
6.99810e+02 4.45849e+00
7.00256e+02 4.46116e+00
7.00702e+02 4.46585e+00
7.01148e+02 4.47095e+00
7.01594e+02 4.47750e+00
7.02040e+02 4.48288e+00
7.02486e+02 4.48808e+00
7.02932e+02 4.49062e+00
7.03378e+02 4.49245e+00
7.03824e+02 4.49099e+00
7.04270e+02 4.48970e+00
7.04715e+02 4.49063e+00
7.05161e+02 4.48981e+00
7.05607e+02 4.49350e+00
7.06053e+02 4.49719e+00
7.06498e+02 4.49930e+00
7.06944e+02 4.50129e+00
7.07390e+02 4.50456e+00
7.07835e+02 4.50315e+00
7.08281e+02 4.50338e+00
7.08726e+02 4.50273e+00
7.09172e+02 4.49887e+00
7.09617e+02 4.49792e+00
7.10063e+02 4.50041e+00
7.10508e+02 4.50343e+00
7.10954e+02 4.50573e+00
7.11399e+02 4.51159e+00
7.11844e+02 4.51468e+00
7.12290e+02 4.51556e+00
7.12735e+02 4.51563e+00
7.13180e+02 4.51449e+00
7.13625e+02 4.51519e+00
7.14071e+02 4.51606e+00
7.14516e+02 4.51942e+00
7.14961e+02 4.52476e+00
7.15406e+02 4.53271e+00
7.15851e+02 4.54001e+00
7.16296e+02 4.54879e+00
7.16741e+02 4.55581e+00
7.17186e+02 4.56213e+00
7.17631e+02 4.56781e+00
7.18076e+02 4.57328e+00
7.18521e+02 4.57996e+00
7.18966e+02 4.58652e+00
7.19411e+02 4.59253e+00
7.19856e+02 4.59998e+00
7.20300e+02 4.61039e+00
7.20745e+02 4.62032e+00
7.21190e+02 4.63035e+00
7.21635e+02 4.63875e+00
7.22079e+02 4.64415e+00
7.22524e+02 4.64550e+00
7.22969e+02 4.64726e+00
7.23413e+02 4.64690e+00
7.23858e+02 4.64667e+00
7.24302e+02 4.64943e+00
7.24747e+02 4.65168e+00
7.25191e+02 4.65402e+00
7.25636e+02 4.65808e+00
7.26080e+02 4.66013e+00
7.26525e+02 4.66001e+00
7.26969e+02 4.65725e+00
7.27413e+02 4.65404e+00
7.27858e+02 4.64875e+00
7.28302e+02 4.64552e+00
7.28746e+02 4.64067e+00
7.29190e+02 4.63538e+00
7.29634e+02 4.63399e+00
7.30079e+02 4.63010e+00
7.30523e+02 4.62730e+00
7.30967e+02 4.62525e+00
7.31411e+02 4.62323e+00
7.31855e+02 4.61953e+00
7.32299e+02 4.61804e+00
7.32743e+02 4.61331e+00
7.33187e+02 4.60924e+00
7.33631e+02 4.60542e+00
7.34075e+02 4.60479e+00
7.34519e+02 4.60485e+00
7.34963e+02 4.60537e+00
7.35406e+02 4.60755e+00
7.35850e+02 4.60698e+00
7.36294e+02 4.60826e+00
7.36738e+02 4.60979e+00
7.37181e+02 4.60941e+00
7.37625e+02 4.60858e+00
7.38069e+02 4.60867e+00
7.38512e+02 4.60980e+00
7.38956e+02 4.60988e+00
7.39399e+02 4.61091e+00
7.39843e+02 4.60867e+00
7.40286e+02 4.60860e+00
7.40730e+02 4.60721e+00
7.41173e+02 4.60594e+00
7.41617e+02 4.60186e+00
7.42060e+02 4.59983e+00
7.42504e+02 4.59839e+00
7.42947e+02 4.59711e+00
7.43390e+02 4.59334e+00
7.43833e+02 4.58955e+00
7.44277e+02 4.58525e+00
7.44720e+02 4.58108e+00
7.45163e+02 4.57336e+00
7.45606e+02 4.56576e+00
7.46049e+02 4.55548e+00
7.46492e+02 4.54611e+00
7.46935e+02 4.53788e+00
7.47379e+02 4.53060e+00
7.47822e+02 4.52231e+00
7.48264e+02 4.51543e+00
7.48707e+02 4.50993e+00
7.49150e+02 4.50524e+00
7.49593e+02 4.50263e+00
7.50036e+02 4.49663e+00
7.50479e+02 4.49172e+00
7.50922e+02 4.48615e+00
7.51365e+02 4.48256e+00
7.51807e+02 4.47868e+00
7.52250e+02 4.47665e+00
7.52693e+02 4.47571e+00
7.53135e+02 4.47918e+00
7.53578e+02 4.48386e+00
7.54021e+02 4.48926e+00
7.54463e+02 4.49560e+00
7.54906e+02 4.50130e+00
7.55348e+02 4.50665e+00
7.55791e+02 4.51173e+00
7.56233e+02 4.51509e+00
7.56676e+02 4.51677e+00
7.57118e+02 4.51945e+00
7.57560e+02 4.52181e+00
7.58003e+02 4.52912e+00
7.58445e+02 4.53492e+00
7.58887e+02 4.54243e+00
7.59330e+02 4.55177e+00
7.59772e+02 4.56051e+00
7.60214e+02 4.57021e+00
7.60656e+02 4.57621e+00
7.61098e+02 4.58182e+00
7.61540e+02 4.58686e+00
7.61982e+02 4.58964e+00
7.62424e+02 4.58951e+00
7.62867e+02 4.59018e+00
7.63309e+02 4.58982e+00
7.63750e+02 4.58924e+00
7.64192e+02 4.59414e+00
7.64634e+02 4.59742e+00
7.65076e+02 4.60390e+00
7.65518e+02 4.60927e+00
7.65960e+02 4.61679e+00
7.66402e+02 4.62385e+00
7.66843e+02 4.62850e+00
7.67285e+02 4.63037e+00
7.67727e+02 4.63157e+00
7.68169e+02 4.63343e+00
7.68610e+02 4.63318e+00
7.69052e+02 4.63331e+00
7.69493e+02 4.63602e+00
7.69935e+02 4.64109e+00
7.70376e+02 4.64718e+00
7.70818e+02 4.65551e+00
7.71259e+02 4.66527e+00
7.71701e+02 4.67114e+00
7.72142e+02 4.67739e+00
7.72584e+02 4.68301e+00
7.73025e+02 4.68583e+00
7.73466e+02 4.68952e+00
7.73908e+02 4.69091e+00
7.74349e+02 4.69262e+00
7.74790e+02 4.69541e+00
7.75231e+02 4.70050e+00
7.75672e+02 4.70675e+00
7.76114e+02 4.71846e+00
7.76555e+02 4.73012e+00
7.76996e+02 4.74324e+00
7.77437e+02 4.75363e+00
7.77878e+02 4.76220e+00
7.78319e+02 4.76925e+00
7.78760e+02 4.77545e+00
7.79201e+02 4.78052e+00
7.79642e+02 4.78407e+00
7.80083e+02 4.78649e+00
7.80524e+02 4.79012e+00
7.80964e+02 4.79633e+00
7.81405e+02 4.80198e+00
7.81846e+02 4.81099e+00
7.82287e+02 4.81991e+00
7.82727e+02 4.83213e+00
7.83168e+02 4.84488e+00
7.83609e+02 4.85603e+00
7.84049e+02 4.86609e+00
7.84490e+02 4.87428e+00
7.84930e+02 4.88277e+00
7.85371e+02 4.88852e+00
7.85812e+02 4.89230e+00
7.86252e+02 4.89520e+00
7.86692e+02 4.90037e+00
7.87133e+02 4.90407e+00
7.87573e+02 4.91218e+00
7.88014e+02 4.92378e+00
7.88454e+02 4.93439e+00
7.88894e+02 4.94676e+00
7.89335e+02 4.95711e+00
7.89775e+02 4.96822e+00
7.90215e+02 4.97701e+00
7.90655e+02 4.98344e+00
7.91095e+02 4.98855e+00
7.91535e+02 4.99241e+00
7.91976e+02 4.99674e+00
7.92416e+02 4.99822e+00
7.92856e+02 5.00641e+00
7.93296e+02 5.01362e+00
7.93736e+02 5.02596e+00
7.94176e+02 5.03832e+00
7.94616e+02 5.05457e+00
7.95055e+02 5.06688e+00
7.95495e+02 5.07792e+00
7.95935e+02 5.08838e+00
7.96375e+02 5.09798e+00
7.96815e+02 5.10435e+00
7.97254e+02 5.11031e+00
7.97694e+02 5.11716e+00
7.98134e+02 5.12131e+00
7.98574e+02 5.12954e+00
7.99013e+02 5.13855e+00
7.99453e+02 5.14804e+00
7.99892e+02 5.16152e+00
8.00332e+02 5.17339e+00
8.00771e+02 5.18619e+00
8.01211e+02 5.19989e+00
8.01650e+02 5.21420e+00
8.02090e+02 5.22635e+00
8.02529e+02 5.23722e+00
8.02969e+02 5.24739e+00
8.03408e+02 5.25326e+00
8.03847e+02 5.25898e+00
8.04286e+02 5.26503e+00
8.04726e+02 5.27149e+00
8.05165e+02 5.27936e+00
8.05604e+02 5.28316e+00
8.06043e+02 5.29006e+00
8.06482e+02 5.29828e+00
8.06922e+02 5.31037e+00
8.07361e+02 5.32157e+00
8.07800e+02 5.33339e+00
8.08239e+02 5.34621e+00
8.08678e+02 5.35843e+00
8.09117e+02 5.36892e+00
8.09556e+02 5.37931e+00
8.09994e+02 5.38805e+00
8.10433e+02 5.39724e+00
8.10872e+02 5.40353e+00
8.11311e+02 5.41340e+00
8.11750e+02 5.42419e+00
8.12189e+02 5.43323e+00
8.12627e+02 5.44275e+00
8.13066e+02 5.45262e+00
8.13505e+02 5.46366e+00
8.13943e+02 5.47361e+00
8.14382e+02 5.48360e+00
8.14820e+02 5.49501e+00
8.15259e+02 5.50591e+00
8.15698e+02 5.51322e+00
8.16136e+02 5.52334e+00
8.16574e+02 5.53300e+00
8.17013e+02 5.54310e+00
8.17451e+02 5.55714e+00
8.17890e+02 5.56705e+00
8.18328e+02 5.57847e+00
8.18766e+02 5.58594e+00
8.19205e+02 5.59604e+00
8.19643e+02 5.60792e+00
8.20081e+02 5.61971e+00
8.20519e+02 5.63105e+00
8.20957e+02 5.64243e+00
8.21396e+02 5.65401e+00
8.21834e+02 5.66639e+00
8.22272e+02 5.67781e+00
8.22710e+02 5.68726e+00
8.23148e+02 5.69625e+00
8.23586e+02 5.70852e+00
8.24024e+02 5.72181e+00
8.24462e+02 5.73371e+00
8.24900e+02 5.74732e+00
8.25338e+02 5.75932e+00
8.25775e+02 5.76977e+00
8.26213e+02 5.78187e+00
8.26651e+02 5.79343e+00
8.27089e+02 5.80379e+00
8.27526e+02 5.81364e+00
8.27964e+02 5.82241e+00
8.28402e+02 5.83192e+00
8.28839e+02 5.84163e+00
8.29277e+02 5.84558e+00
8.29715e+02 5.85428e+00
8.30152e+02 5.86434e+00
8.30590e+02 5.87797e+00
8.31027e+02 5.88870e+00
8.31465e+02 5.90067e+00
8.31902e+02 5.91470e+00
8.32339e+02 5.92695e+00
8.32777e+02 5.93786e+00
8.33214e+02 5.95109e+00
8.33652e+02 5.96164e+00
8.34089e+02 5.97081e+00
8.34526e+02 5.97871e+00
8.34963e+02 5.98940e+00
8.35400e+02 6.00236e+00
8.35838e+02 6.01366e+00
8.36275e+02 6.02478e+00
8.36712e+02 6.03669e+00
8.37149e+02 6.05094e+00
8.37586e+02 6.06317e+00
8.38023e+02 6.07660e+00
8.38460e+02 6.09253e+00
8.38897e+02 6.10391e+00
8.39334e+02 6.11425e+00
8.39771e+02 6.12525e+00
8.40208e+02 6.13141e+00
8.40645e+02 6.14310e+00
8.41081e+02 6.14962e+00
8.41518e+02 6.15543e+00
8.41955e+02 6.16329e+00
8.42392e+02 6.16961e+00
8.42828e+02 6.18107e+00
8.43265e+02 6.19585e+00
8.43702e+02 6.20878e+00
8.44138e+02 6.22197e+00
8.44575e+02 6.23829e+00
8.45011e+02 6.25242e+00
8.45448e+02 6.27182e+00
8.45884e+02 6.28304e+00
8.46321e+02 6.29606e+00
8.46757e+02 6.30768e+00
8.47194e+02 6.31880e+00
8.47630e+02 6.33061e+00
8.48066e+02 6.33516e+00
8.48503e+02 6.34267e+00
8.48939e+02 6.35039e+00
8.49375e+02 6.36261e+00
8.49811e+02 6.37625e+00
8.50248e+02 6.39382e+00
8.50684e+02 6.41324e+00
8.51120e+02 6.42940e+00
8.51556e+02 6.44842e+00
8.51992e+02 6.46661e+00
8.52428e+02 6.48324e+00
8.52864e+02 6.50009e+00
8.53300e+02 6.51190e+00
8.53736e+02 6.52408e+00
8.54172e+02 6.53509e+00
8.54608e+02 6.54346e+00
8.55044e+02 6.55053e+00
8.55480e+02 6.55880e+00
8.55915e+02 6.56563e+00
8.56351e+02 6.57705e+00
8.56787e+02 6.59164e+00
8.57223e+02 6.60407e+00
8.57658e+02 6.61951e+00
8.58094e+02 6.63480e+00
8.58530e+02 6.65499e+00
8.58965e+02 6.67677e+00
8.59401e+02 6.69431e+00
8.59836e+02 6.71066e+00
8.60272e+02 6.73146e+00
8.60707e+02 6.74782e+00
8.61143e+02 6.76036e+00
8.61578e+02 6.77591e+00
8.62014e+02 6.78806e+00
8.62449e+02 6.79720e+00
8.62884e+02 6.80674e+00
8.63320e+02 6.81580e+00
8.63755e+02 6.82435e+00
8.64190e+02 6.83314e+00
8.64626e+02 6.84223e+00
8.65061e+02 6.85780e+00
8.65496e+02 6.87091e+00
8.65931e+02 6.89051e+00
8.66366e+02 6.90827e+00
8.66801e+02 6.92614e+00
8.67236e+02 6.94217e+00
8.67671e+02 6.96031e+00
8.68106e+02 6.98177e+00
8.68541e+02 6.99776e+00
8.68976e+02 7.01674e+00
8.69411e+02 7.03200e+00
8.69846e+02 7.05242e+00
8.70281e+02 7.06917e+00
8.70715e+02 7.08665e+00
8.71150e+02 7.10450e+00
8.71585e+02 7.12005e+00
8.72020e+02 7.14151e+00
8.72454e+02 7.16199e+00
8.72889e+02 7.19030e+00
8.73324e+02 7.21813e+00
8.73758e+02 7.24893e+00
8.74193e+02 7.27935e+00
8.74627e+02 7.30587e+00
8.75062e+02 7.33448e+00
8.75496e+02 7.35936e+00
8.75931e+02 7.38230e+00
8.76365e+02 7.40590e+00
8.76800e+02 7.42328e+00
8.77234e+02 7.44139e+00
8.77668e+02 7.45684e+00
8.78103e+02 7.46789e+00
8.78537e+02 7.48037e+00
8.78971e+02 7.48795e+00
8.79405e+02 7.49695e+00
8.79840e+02 7.50731e+00
8.80274e+02 7.51637e+00
8.80708e+02 7.51818e+00
8.81142e+02 7.52413e+00
8.81576e+02 7.53243e+00
8.82010e+02 7.54478e+00
8.82444e+02 7.55442e+00
8.82878e+02 7.56542e+00
8.83312e+02 7.57709e+00
8.83746e+02 7.59021e+00
8.84180e+02 7.59549e+00
8.84614e+02 7.60441e+00
8.85047e+02 7.61558e+00
8.85481e+02 7.61994e+00
8.85915e+02 7.62583e+00
8.86349e+02 7.63240e+00
8.86782e+02 7.63877e+00
8.87216e+02 7.63963e+00
8.87650e+02 7.64593e+00
8.88083e+02 7.65597e+00
8.88517e+02 7.66546e+00
8.88951e+02 7.67663e+00
8.89384e+02 7.69075e+00
8.89818e+02 7.69599e+00
8.90251e+02 7.70918e+00
8.90684e+02 7.72027e+00
8.91118e+02 7.73054e+00
8.91551e+02 7.74536e+00
8.91985e+02 7.75807e+00
8.92418e+02 7.77011e+00
8.92851e+02 7.78344e+00
8.93284e+02 7.79882e+00
8.93718e+02 7.81120e+00
8.94151e+02 7.82753e+00
8.94584e+02 7.84251e+00
8.95017e+02 7.86039e+00
8.95450e+02 7.87604e+00
8.95883e+02 7.88829e+00
8.96316e+02 7.90441e+00
8.96749e+02 7.92269e+00
8.97182e+02 7.93995e+00
8.97615e+02 7.95697e+00
8.98048e+02 7.97070e+00
8.98481e+02 7.98695e+00
8.98914e+02 8.00310e+00
8.99347e+02 8.01519e+00
8.99780e+02 8.03310e+00
9.00213e+02 8.04976e+00
9.00645e+02 8.06830e+00
9.01078e+02 8.08530e+00
9.01511e+02 8.10009e+00
9.01943e+02 8.11590e+00
9.02376e+02 8.12816e+00
9.02809e+02 8.14335e+00
9.03241e+02 8.15562e+00
9.03674e+02 8.16737e+00
9.04106e+02 8.17573e+00
9.04539e+02 8.19345e+00
9.04971e+02 8.21195e+00
9.05404e+02 8.22695e+00
9.05836e+02 8.24420e+00
9.06268e+02 8.26406e+00
9.06701e+02 8.28171e+00
9.07133e+02 8.29710e+00
9.07565e+02 8.31873e+00
9.07998e+02 8.33827e+00
9.08430e+02 8.36009e+00
9.08862e+02 8.38069e+00
9.09294e+02 8.40175e+00
9.09726e+02 8.42521e+00
9.10158e+02 8.44906e+00
9.10590e+02 8.47394e+00
9.11023e+02 8.50194e+00
9.11455e+02 8.52776e+00
9.11887e+02 8.54904e+00
9.12318e+02 8.57787e+00
9.12750e+02 8.59542e+00
9.13182e+02 8.61410e+00
9.13614e+02 8.63732e+00
9.14046e+02 8.65880e+00
9.14478e+02 8.68235e+00
9.14910e+02 8.71733e+00
9.15341e+02 8.73906e+00
9.15773e+02 8.75810e+00
9.16205e+02 8.78423e+00
9.16636e+02 8.81617e+00
9.17068e+02 8.84422e+00
9.17500e+02 8.87315e+00
9.17931e+02 8.90624e+00
9.18363e+02 8.94377e+00
9.18794e+02 8.97608e+00
9.19226e+02 9.00990e+00
9.19657e+02 9.05406e+00
9.20088e+02 9.09241e+00
9.20520e+02 9.13259e+00
9.20951e+02 9.17280e+00
9.21383e+02 9.21515e+00
9.21814e+02 9.26141e+00
9.22245e+02 9.30720e+00
9.22676e+02 9.35241e+00
9.23108e+02 9.40418e+00
9.23539e+02 9.45473e+00
9.23970e+02 9.50597e+00
9.24401e+02 9.55727e+00
9.24832e+02 9.60645e+00
9.25263e+02 9.65653e+00
9.25694e+02 9.71281e+00
9.26125e+02 9.76702e+00
9.26556e+02 9.81898e+00
9.26987e+02 9.87559e+00
9.27418e+02 9.93118e+00
9.27849e+02 9.99097e+00
9.28280e+02 1.00434e+01
9.28710e+02 1.00977e+01
9.29141e+02 1.01579e+01
9.29572e+02 1.02220e+01
9.30003e+02 1.02876e+01
9.30433e+02 1.03573e+01
9.30864e+02 1.04403e+01
9.31295e+02 1.05252e+01
9.31725e+02 1.06270e+01
9.32156e+02 1.07382e+01
9.32586e+02 1.08609e+01
9.33017e+02 1.10019e+01
9.33447e+02 1.11641e+01
9.33878e+02 1.13449e+01
9.34308e+02 1.15327e+01
9.34739e+02 1.17405e+01
9.35169e+02 1.19630e+01
9.35599e+02 1.22097e+01
9.36030e+02 1.24529e+01
9.36460e+02 1.27268e+01
9.36890e+02 1.30220e+01
9.37320e+02 1.33418e+01
9.37751e+02 1.36759e+01
9.38181e+02 1.40328e+01
9.38611e+02 1.43681e+01
9.39041e+02 1.47251e+01
9.39471e+02 1.50964e+01
9.39901e+02 1.54654e+01
9.40331e+02 1.57995e+01
9.40761e+02 1.61430e+01
9.41191e+02 1.64667e+01
9.41621e+02 1.67662e+01
9.42051e+02 1.70288e+01
9.42481e+02 1.72762e+01
9.42910e+02 1.74945e+01
9.43340e+02 1.76542e+01
9.43770e+02 1.77850e+01
9.44200e+02 1.78638e+01
9.44629e+02 1.79163e+01
9.45059e+02 1.79303e+01
9.45489e+02 1.79087e+01
9.45918e+02 1.78576e+01
9.46348e+02 1.77886e+01
9.46778e+02 1.76864e+01
9.47207e+02 1.75679e+01
9.47637e+02 1.74279e+01
9.48066e+02 1.72805e+01
9.48495e+02 1.71308e+01
9.48925e+02 1.69911e+01
9.49354e+02 1.68400e+01
9.49784e+02 1.66767e+01
9.50213e+02 1.65376e+01
9.50642e+02 1.63858e+01
9.51071e+02 1.62429e+01
9.51501e+02 1.60913e+01
9.51930e+02 1.59480e+01
9.52359e+02 1.58105e+01
9.52788e+02 1.56744e+01
9.53217e+02 1.55349e+01
9.53646e+02 1.54104e+01
9.54075e+02 1.52992e+01
9.54504e+02 1.51867e+01
9.54933e+02 1.50883e+01
9.55362e+02 1.49894e+01
9.55791e+02 1.49076e+01
9.56220e+02 1.48246e+01
9.56649e+02 1.47460e+01
9.57078e+02 1.46657e+01
9.57507e+02 1.45956e+01
9.57935e+02 1.45402e+01
9.58364e+02 1.44813e+01
9.58793e+02 1.44238e+01
9.59222e+02 1.43610e+01
9.59650e+02 1.43077e+01
9.60079e+02 1.42667e+01
9.60507e+02 1.42267e+01
9.60936e+02 1.41903e+01
9.61365e+02 1.41632e+01
9.61793e+02 1.41366e+01
9.62221e+02 1.41115e+01
9.62650e+02 1.40749e+01
9.63078e+02 1.40503e+01
9.63507e+02 1.40254e+01
9.63935e+02 1.40093e+01
9.64363e+02 1.39978e+01
9.64792e+02 1.39977e+01
9.65220e+02 1.40002e+01
9.65648e+02 1.40041e+01
9.66076e+02 1.40012e+01
9.66505e+02 1.39952e+01
9.66933e+02 1.39918e+01
9.67361e+02 1.39851e+01
9.67789e+02 1.39876e+01
9.68217e+02 1.39916e+01
9.68645e+02 1.40016e+01
9.69073e+02 1.40070e+01
9.69501e+02 1.40189e+01
9.69929e+02 1.40308e+01
9.70357e+02 1.40424e+01
9.70785e+02 1.40534e+01
9.71212e+02 1.40612e+01
9.71640e+02 1.40756e+01
9.72068e+02 1.40871e+01
9.72496e+02 1.41024e+01
9.72923e+02 1.41259e+01
9.73351e+02 1.41548e+01
9.73779e+02 1.41793e+01
9.74206e+02 1.42105e+01
9.74634e+02 1.42408e+01
9.75062e+02 1.42658e+01
9.75489e+02 1.42943e+01
9.75917e+02 1.43230e+01
9.76344e+02 1.43502e+01
9.76772e+02 1.43872e+01
9.77199e+02 1.44319e+01
9.77626e+02 1.44601e+01
9.78054e+02 1.45048e+01
9.78481e+02 1.45436e+01
9.78908e+02 1.45884e+01
9.79336e+02 1.46222e+01
9.79763e+02 1.46688e+01
9.80190e+02 1.47191e+01
9.80617e+02 1.47778e+01
9.81044e+02 1.48335e+01
9.81471e+02 1.48784e+01
9.81899e+02 1.49345e+01
9.82326e+02 1.49839e+01
9.82753e+02 1.50400e+01
9.83180e+02 1.51033e+01
9.83607e+02 1.51544e+01
9.84034e+02 1.52000e+01
9.84460e+02 1.52516e+01
9.84887e+02 1.53047e+01
9.85314e+02 1.53361e+01
9.85741e+02 1.53827e+01
9.86168e+02 1.54476e+01
9.86594e+02 1.55113e+01
9.87021e+02 1.55649e+01
9.87448e+02 1.56481e+01
9.87875e+02 1.57233e+01
9.88301e+02 1.57865e+01
9.88728e+02 1.58533e+01
9.89154e+02 1.59173e+01
9.89581e+02 1.59786e+01
9.90007e+02 1.60426e+01
9.90434e+02 1.60941e+01
9.90860e+02 1.61504e+01
9.91287e+02 1.61995e+01
9.91713e+02 1.62545e+01
9.92139e+02 1.62816e+01
9.92566e+02 1.63199e+01
9.92992e+02 1.63602e+01
9.93418e+02 1.63886e+01
9.93845e+02 1.64131e+01
9.94271e+02 1.64230e+01
9.94697e+02 1.64430e+01
9.95123e+02 1.64599e+01
9.95549e+02 1.64734e+01
9.95975e+02 1.65070e+01
9.96401e+02 1.65230e+01
9.96827e+02 1.65587e+01
9.97253e+02 1.65936e+01
9.97679e+02 1.66438e+01
9.98105e+02 1.66846e+01
9.98531e+02 1.67346e+01
9.98957e+02 1.68030e+01
9.99383e+02 1.68565e+01
9.99809e+02 1.69332e+01
1.00023e+03 1.70173e+01
1.00066e+03 1.70953e+01
1.00109e+03 1.71945e+01
1.00151e+03 1.73033e+01
1.00194e+03 1.74062e+01
1.00236e+03 1.75284e+01
1.00279e+03 1.76741e+01
1.00321e+03 1.77920e+01
1.00364e+03 1.79322e+01
1.00407e+03 1.80745e+01
1.00449e+03 1.82040e+01
1.00492e+03 1.83604e+01
1.00534e+03 1.85107e+01
1.00577e+03 1.86539e+01
1.00619e+03 1.88001e+01
1.00662e+03 1.89170e+01
1.00704e+03 1.90524e+01
1.00747e+03 1.91925e+01
1.00789e+03 1.93301e+01
1.00832e+03 1.94688e+01
1.00874e+03 1.96240e+01
1.00917e+03 1.97681e+01
1.00959e+03 1.99025e+01
1.01002e+03 2.00484e+01
1.01044e+03 2.02203e+01
1.01087e+03 2.03805e+01
1.01129e+03 2.05140e+01
1.01172e+03 2.06798e+01
1.01214e+03 2.08502e+01
1.01257e+03 2.10187e+01
1.01299e+03 2.11992e+01
1.01342e+03 2.13753e+01
1.01384e+03 2.15550e+01
1.01427e+03 2.17275e+01
1.01469e+03 2.19048e+01
1.01512e+03 2.20635e+01
1.01554e+03 2.22509e+01
1.01597e+03 2.24237e+01
1.01639e+03 2.25966e+01
1.01682e+03 2.27539e+01
1.01724e+03 2.29151e+01
1.01767e+03 2.30758e+01
1.01809e+03 2.32236e+01
1.01851e+03 2.33943e+01
1.01894e+03 2.35861e+01
1.01936e+03 2.37298e+01
1.01979e+03 2.38861e+01
1.02021e+03 2.40431e+01
1.02064e+03 2.42008e+01
1.02106e+03 2.43694e+01
1.02148e+03 2.45405e+01
1.02191e+03 2.47388e+01
1.02233e+03 2.49173e+01
1.02276e+03 2.51218e+01
1.02318e+03 2.53297e+01
1.02361e+03 2.55438e+01
1.02403e+03 2.57534e+01
1.02445e+03 2.59894e+01
1.02488e+03 2.61971e+01
1.02530e+03 2.64461e+01
1.02573e+03 2.66777e+01
1.02615e+03 2.69018e+01
1.02657e+03 2.71812e+01
1.02700e+03 2.74409e+01
1.02742e+03 2.76722e+01
1.02785e+03 2.79444e+01
1.02827e+03 2.81755e+01
1.02869e+03 2.84102e+01
1.02912e+03 2.86591e+01
1.02954e+03 2.88875e+01
1.02996e+03 2.91747e+01
1.03039e+03 2.94420e+01
1.03081e+03 2.97133e+01
1.03123e+03 2.99947e+01
1.03166e+03 3.02426e+01
1.03208e+03 3.05169e+01
1.03250e+03 3.07772e+01
1.03293e+03 3.10550e+01
1.03335e+03 3.13069e+01
1.03378e+03 3.15356e+01
1.03420e+03 3.17487e+01
1.03462e+03 3.20175e+01
1.03505e+03 3.22970e+01
1.03547e+03 3.25867e+01
1.03589e+03 3.28905e+01
1.03631e+03 3.32184e+01
1.03674e+03 3.35287e+01
1.03716e+03 3.38285e+01
1.03758e+03 3.42043e+01
1.03801e+03 3.45690e+01
1.03843e+03 3.49509e+01
1.03885e+03 3.52843e+01
1.03928e+03 3.56523e+01
1.03970e+03 3.60237e+01
1.04012e+03 3.63715e+01
1.04054e+03 3.67786e+01
1.04097e+03 3.71717e+01
1.04139e+03 3.75895e+01
1.04181e+03 3.79464e+01
1.04224e+03 3.82698e+01
1.04266e+03 3.86654e+01
1.04308e+03 3.90409e+01
1.04350e+03 3.94156e+01
1.04393e+03 3.98911e+01
1.04435e+03 4.03342e+01
1.04477e+03 4.08358e+01
1.04519e+03 4.13148e+01
1.04562e+03 4.17605e+01
1.04604e+03 4.22911e+01
1.04646e+03 4.27941e+01
1.04688e+03 4.33157e+01
1.04731e+03 4.38835e+01
1.04773e+03 4.42751e+01
1.04815e+03 4.48079e+01
1.04857e+03 4.53343e+01
1.04900e+03 4.58861e+01
1.04942e+03 4.63752e+01
1.04984e+03 4.69034e+01
1.05026e+03 4.73956e+01
1.05069e+03 4.79163e+01
1.05111e+03 4.84256e+01
1.05153e+03 4.89395e+01
1.05195e+03 4.94776e+01
1.05237e+03 5.00808e+01
1.05280e+03 5.07728e+01
1.05322e+03 5.14915e+01
1.05364e+03 5.21536e+01
1.05406e+03 5.28645e+01
1.05448e+03 5.35321e+01
1.05490e+03 5.42840e+01
1.05533e+03 5.49533e+01
1.05575e+03 5.56089e+01
1.05617e+03 5.63148e+01
1.05659e+03 5.69474e+01
1.05701e+03 5.76361e+01
1.05744e+03 5.82750e+01
1.05786e+03 5.89201e+01
1.05828e+03 5.95645e+01
1.05870e+03 6.01999e+01
1.05912e+03 6.10063e+01
1.05954e+03 6.16290e+01
1.05996e+03 6.23967e+01
1.06039e+03 6.32001e+01
1.06081e+03 6.40354e+01
1.06123e+03 6.48981e+01
1.06165e+03 6.55955e+01
1.06207e+03 6.64690e+01
1.06249e+03 6.72837e+01
1.06291e+03 6.80251e+01
1.06334e+03 6.91118e+01
1.06376e+03 6.99556e+01
1.06418e+03 7.09684e+01
1.06460e+03 7.18543e+01
1.06502e+03 7.27812e+01
1.06544e+03 7.40052e+01
1.06586e+03 7.48430e+01
1.06628e+03 7.58424e+01
1.06670e+03 7.68239e+01
1.06713e+03 7.78860e+01
1.06755e+03 7.89932e+01
1.06797e+03 8.00794e+01
1.06839e+03 8.11214e+01
1.06881e+03 8.24040e+01
1.06923e+03 8.36254e+01
1.06965e+03 8.49190e+01
1.07007e+03 8.62145e+01
1.07049e+03 8.70231e+01
1.07091e+03 8.85143e+01
1.07133e+03 8.96679e+01
1.07175e+03 9.08599e+01
1.07217e+03 9.19154e+01
1.07259e+03 9.33532e+01
1.07302e+03 9.44362e+01
1.07344e+03 9.53939e+01
1.07386e+03 9.63295e+01
1.07428e+03 9.69074e+01
1.07470e+03 9.79981e+01
1.07512e+03 9.91993e+01
1.07554e+03 1.00531e+02
1.07596e+03 1.01721e+02
1.07638e+03 1.03179e+02
1.07680e+03 1.04606e+02
1.07722e+03 1.06145e+02
1.07764e+03 1.07700e+02
1.07806e+03 1.09214e+02
1.07848e+03 1.10928e+02
1.07890e+03 1.13520e+02
1.07932e+03 1.15237e+02
1.07974e+03 1.17101e+02
1.08016e+03 1.19195e+02
1.08058e+03 1.21189e+02
1.08100e+03 1.23561e+02
1.08142e+03 1.25594e+02
1.08184e+03 1.28151e+02
1.08226e+03 1.29559e+02
1.08268e+03 1.31559e+02
1.08310e+03 1.33513e+02
1.08352e+03 1.35319e+02
1.08394e+03 1.37575e+02
1.08436e+03 1.40069e+02
1.08478e+03 1.42609e+02
1.08520e+03 1.45082e+02
1.08562e+03 1.48273e+02
1.08604e+03 1.50793e+02
1.08646e+03 1.53949e+02
1.08688e+03 1.57384e+02
1.08730e+03 1.60149e+02
1.08771e+03 1.63734e+02
1.08813e+03 1.68279e+02
1.08855e+03 1.70811e+02
1.08897e+03 1.74668e+02
1.08939e+03 1.78555e+02
1.08981e+03 1.82437e+02
1.09023e+03 1.86326e+02
1.09065e+03 1.91149e+02
1.09107e+03 1.95510e+02
1.09149e+03 1.99705e+02
1.09191e+03 2.04802e+02
1.09233e+03 2.09796e+02
1.09275e+03 2.15019e+02
1.09316e+03 2.20008e+02
1.09358e+03 2.25906e+02
1.09400e+03 2.30678e+02
1.09442e+03 2.36035e+02
1.09484e+03 2.41822e+02
1.09526e+03 2.50384e+02
1.09568e+03 2.53743e+02
1.09610e+03 2.56862e+02
1.09652e+03 2.61804e+02
1.09693e+03 2.66718e+02
1.09735e+03 2.72954e+02
1.09777e+03 2.77907e+02
1.09819e+03 2.84618e+02
1.09861e+03 2.91407e+02
1.09903e+03 2.99070e+02
1.09945e+03 3.03716e+02
1.09987e+03 3.11045e+02
1.10028e+03 3.16895e+02
1.10070e+03 3.23229e+02
1.10112e+03 3.31161e+02
1.10154e+03 3.42962e+02
1.10196e+03 3.48988e+02
1.10238e+03 3.62479e+02
1.10279e+03 3.75470e+02
1.10321e+03 3.87708e+02
1.10363e+03 3.97155e+02
1.10405e+03 4.02034e+02
1.10447e+03 4.08786e+02
1.10489e+03 4.10691e+02
1.10530e+03 4.18511e+02
1.10572e+03 4.24536e+02
1.10614e+03 4.27864e+02
1.10656e+03 4.46321e+02
1.10698e+03 4.55617e+02
1.10739e+03 4.58871e+02
1.10781e+03 4.71200e+02
1.10823e+03 4.78353e+02
1.10865e+03 4.83903e+02
1.10907e+03 4.98407e+02
1.10948e+03 5.12372e+02
1.10990e+03 5.22308e+02
1.11032e+03 5.32554e+02
1.11074e+03 5.43189e+02
1.11115e+03 5.54304e+02
1.11157e+03 5.66011e+02
1.11199e+03 5.78440e+02
1.11241e+03 5.91748e+02
1.11282e+03 6.06121e+02
1.11324e+03 6.21784e+02
1.11366e+03 6.39009e+02
1.11408e+03 6.58128e+02
1.11450e+03 6.79551e+02
1.11491e+03 7.03792e+02
1.11533e+03 7.31503e+02
1.11575e+03 7.63524e+02
1.11616e+03 8.00965e+02
1.11658e+03 8.45317e+02
1.11700e+03 8.98640e+02
1.11742e+03 9.63869e+02
1.11783e+03 1.04533e+03
1.11825e+03 1.14969e+03
1.11867e+03 1.28781e+03
1.11909e+03 1.47861e+03
1.11950e+03 1.75837e+03
1.11992e+03 2.20648e+03
1.12034e+03 3.03671e+03
1.12075e+03 5.08984e+03
