2.82856e+02 -2.64499e-03
2.83651e+02 -2.78898e-03
2.84446e+02 -2.91729e-03
2.85241e+02 -3.02843e-03
2.86036e+02 -3.12071e-03
2.86831e+02 -3.19099e-03
2.87626e+02 -3.23933e-03
2.88421e+02 -3.26439e-03
2.89216e+02 -3.26421e-03
2.90010e+02 -3.23650e-03
2.90805e+02 -3.18144e-03
2.91599e+02 -3.09795e-03
2.92394e+02 -2.98292e-03
2.93188e+02 -2.83536e-03
2.93982e+02 -2.65498e-03
2.94777e+02 -2.43995e-03
2.95571e+02 -2.18641e-03
2.96365e+02 -1.89408e-03
2.97159e+02 -1.56171e-03
2.97953e+02 -1.18699e-03
2.98746e+02 -7.64332e-04
2.99540e+02 -2.93718e-04
3.00334e+02 2.27126e-04
3.01127e+02 8.01264e-04
3.01921e+02 1.43417e-03
3.02714e+02 2.12346e-03
3.03507e+02 2.87242e-03
3.04301e+02 3.68736e-03
3.05094e+02 4.57044e-03
3.05887e+02 5.52519e-03
3.06680e+02 6.53655e-03
3.07473e+02 7.64347e-03
3.08266e+02 8.83460e-03
3.09059e+02 1.01100e-02
3.09851e+02 1.15696e-02
3.10644e+02 1.30559e-02
3.11437e+02 1.46451e-02
3.12229e+02 1.62527e-02
3.13021e+02 1.78610e-02
3.13814e+02 1.94297e-02
3.14606e+02 2.14151e-02
3.15398e+02 2.35461e-02
3.16190e+02 2.57721e-02
3.16982e+02 2.77704e-02
3.17774e+02 3.01975e-02
3.18566e+02 3.25605e-02
3.19358e+02 3.51748e-02
3.20150e+02 3.74977e-02
3.20941e+02 4.05184e-02
3.21733e+02 4.35706e-02
3.22524e+02 4.64063e-02
3.23316e+02 4.83818e-02
3.24107e+02 5.07070e-02
3.24898e+02 5.35872e-02
3.25690e+02 5.60923e-02
3.26481e+02 5.94642e-02
3.27272e+02 6.14610e-02
3.28063e+02 6.38020e-02
3.28854e+02 6.66912e-02
3.29644e+02 6.81699e-02
3.30435e+02 7.07100e-02
3.31226e+02 7.31937e-02
3.32016e+02 7.62101e-02
3.32807e+02 7.93204e-02
3.33597e+02 8.17126e-02
3.34388e+02 8.39131e-02
3.35178e+02 8.75912e-02
3.35968e+02 9.06121e-02
3.36758e+02 9.45233e-02
3.37548e+02 9.80555e-02
3.38338e+02 1.01071e-01
3.39128e+02 1.04980e-01
3.39918e+02 1.08207e-01
3.40708e+02 1.11851e-01
3.41497e+02 1.14384e-01
3.42287e+02 1.16653e-01
3.43076e+02 1.19856e-01
3.43866e+02 1.22015e-01
3.44655e+02 1.24277e-01
3.45444e+02 1.26141e-01
3.46233e+02 1.27625e-01
3.47023e+02 1.30828e-01
3.47812e+02 1.33753e-01
3.48601e+02 1.36695e-01
3.49389e+02 1.39969e-01
3.50178e+02 1.41863e-01
3.50967e+02 1.43995e-01
3.51756e+02 1.45400e-01
3.52544e+02 1.47655e-01
3.53333e+02 1.48870e-01
3.54121e+02 1.49088e-01
3.54909e+02 1.48445e-01
3.55698e+02 1.49229e-01
3.56486e+02 1.50715e-01
3.57274e+02 1.52234e-01
3.58062e+02 1.51796e-01
3.58850e+02 1.52102e-01
3.59638e+02 1.52786e-01
3.60426e+02 1.52337e-01
3.61213e+02 1.50597e-01
3.62001e+02 1.49706e-01
3.62789e+02 1.47090e-01
3.63576e+02 1.46719e-01
3.64364e+02 1.44976e-01
3.65151e+02 1.41515e-01
3.65938e+02 1.39139e-01
3.66725e+02 1.37051e-01
3.67512e+02 1.35185e-01
3.68300e+02 1.31933e-01
3.69086e+02 1.29089e-01
3.69873e+02 1.26124e-01
3.70660e+02 1.23748e-01
3.71447e+02 1.21283e-01
3.72234e+02 1.18533e-01
3.73020e+02 1.16210e-01
3.73807e+02 1.14056e-01
3.74593e+02 1.11883e-01
3.75379e+02 1.09458e-01
3.76166e+02 1.07366e-01
3.76952e+02 1.05504e-01
3.77738e+02 1.04101e-01
3.78524e+02 1.02489e-01
3.79310e+02 1.01140e-01
3.80096e+02 9.95632e-02
3.80882e+02 9.81643e-02
3.81667e+02 9.68332e-02
3.82453e+02 9.55257e-02
3.83239e+02 9.39896e-02
3.84024e+02 9.29028e-02
3.84810e+02 9.17089e-02
3.85595e+02 9.04855e-02
3.86380e+02 8.91091e-02
3.87165e+02 8.78338e-02
3.87950e+02 8.67236e-02
3.88735e+02 8.56574e-02
3.89520e+02 8.44606e-02
3.90305e+02 8.32038e-02
3.91090e+02 8.20882e-02
3.91875e+02 8.09860e-02
3.92660e+02 7.97248e-02
3.93444e+02 7.85682e-02
3.94229e+02 7.74068e-02
3.95013e+02 7.63819e-02
3.95797e+02 7.53407e-02
3.96582e+02 7.42279e-02
3.97366e+02 7.31010e-02
3.98150e+02 7.22003e-02
3.98934e+02 7.13194e-02
3.99718e+02 7.04271e-02
4.00502e+02 6.95947e-02
4.01286e+02 6.87080e-02
4.02069e+02 6.78710e-02
4.02853e+02 6.70018e-02
4.03637e+02 6.61506e-02
4.04420e+02 6.53936e-02
4.05203e+02 6.46520e-02
4.05987e+02 6.39265e-02
4.06770e+02 6.32223e-02
4.07553e+02 6.25279e-02
4.08336e+02 6.19348e-02
4.09119e+02 6.12900e-02
4.09902e+02 6.06790e-02
4.10685e+02 6.01003e-02
4.11468e+02 5.95937e-02
4.12251e+02 5.90862e-02
4.13033e+02 5.85684e-02
4.13816e+02 5.80065e-02
4.14599e+02 5.74974e-02
4.15381e+02 5.69683e-02
4.16163e+02 5.64354e-02
4.16946e+02 5.59796e-02
4.17728e+02 5.55078e-02
4.18510e+02 5.51059e-02
4.19292e+02 5.46269e-02
4.20074e+02 5.42398e-02
4.20856e+02 5.38304e-02
4.21638e+02 5.34211e-02
4.22419e+02 5.30464e-02
4.23201e+02 5.26429e-02
4.23983e+02 5.22585e-02
4.24764e+02 5.18924e-02
4.25545e+02 5.15445e-02
4.26327e+02 5.12371e-02
4.27108e+02 5.08728e-02
4.27889e+02 5.04670e-02
4.28670e+02 5.00910e-02
4.29451e+02 4.97816e-02
4.30232e+02 4.94105e-02
4.31013e+02 4.90526e-02
4.31794e+02 4.86585e-02
4.32575e+02 4.82793e-02
4.33355e+02 4.79444e-02
4.34136e+02 4.75658e-02
4.34916e+02 4.71979e-02
4.35697e+02 4.68228e-02
4.36477e+02 4.64663e-02
4.37257e+02 4.61173e-02
4.38038e+02 4.57574e-02
4.38818e+02 4.54066e-02
4.39598e+02 4.50853e-02
4.40378e+02 4.47800e-02
4.41158e+02 4.45048e-02
4.41937e+02 4.42256e-02
4.42717e+02 4.39370e-02
4.43497e+02 4.36584e-02
4.44276e+02 4.34002e-02
4.45056e+02 4.31470e-02
4.45835e+02 4.28879e-02
4.46615e+02 4.26359e-02
4.47394e+02 4.24061e-02
4.48173e+02 4.21836e-02
4.48952e+02 4.19777e-02
4.49731e+02 4.17532e-02
4.50510e+02 4.15564e-02
4.51289e+02 4.13633e-02
4.52068e+02 4.11773e-02
4.52847e+02 4.10010e-02
4.53625e+02 4.08112e-02
4.54404e+02 4.06225e-02
4.55182e+02 4.04377e-02
4.55961e+02 4.02259e-02
4.56739e+02 4.00267e-02
4.57517e+02 3.98209e-02
4.58296e+02 3.96050e-02
4.59074e+02 3.94103e-02
4.59852e+02 3.91978e-02
4.60630e+02 3.89777e-02
4.61407e+02 3.87434e-02
4.62185e+02 3.85380e-02
4.62963e+02 3.83058e-02
4.63741e+02 3.80825e-02
4.64518e+02 3.78685e-02
4.65296e+02 3.76452e-02
4.66073e+02 3.74429e-02
4.66850e+02 3.72385e-02
4.67628e+02 3.70394e-02
4.68405e+02 3.68222e-02
4.69182e+02 3.66001e-02
4.69959e+02 3.63894e-02
4.70736e+02 3.61934e-02
4.71513e+02 3.60110e-02
4.72290e+02 3.57950e-02
4.73066e+02 3.55964e-02
4.73843e+02 3.53963e-02
4.74620e+02 3.52040e-02
4.75396e+02 3.50124e-02
4.76172e+02 3.48250e-02
4.76949e+02 3.46403e-02
4.77725e+02 3.44464e-02
4.78501e+02 3.42548e-02
4.79277e+02 3.40619e-02
4.80053e+02 3.38715e-02
4.80829e+02 3.36861e-02
4.81605e+02 3.35119e-02
4.82381e+02 3.33227e-02
4.83157e+02 3.31427e-02
4.83932e+02 3.29658e-02
4.84708e+02 3.27980e-02
4.85483e+02 3.26324e-02
4.86259e+02 3.24691e-02
4.87034e+02 3.23079e-02
4.87809e+02 3.21563e-02
4.88584e+02 3.20032e-02
4.89360e+02 3.18601e-02
4.90135e+02 3.17122e-02
4.90910e+02 3.15700e-02
4.91684e+02 3.14345e-02
4.92459e+02 3.13120e-02
4.93234e+02 3.11803e-02
4.94009e+02 3.10509e-02
4.94783e+02 3.09162e-02
4.95558e+02 3.07872e-02
4.96332e+02 3.06624e-02
4.97106e+02 3.05264e-02
4.97881e+02 3.03961e-02
4.98655e+02 3.02622e-02
4.99429e+02 3.01264e-02
5.00203e+02 2.99834e-02
5.00977e+02 2.98474e-02
5.01751e+02 2.96973e-02
5.02524e+02 2.95491e-02
5.03298e+02 2.93999e-02
5.04072e+02 2.92466e-02
5.04845e+02 2.90924e-02
5.05619e+02 2.89495e-02
5.06392e+02 2.87945e-02
5.07165e+02 2.86453e-02
5.07939e+02 2.84961e-02
5.08712e+02 2.83457e-02
5.09485e+02 2.81973e-02
5.10258e+02 2.80429e-02
5.11031e+02 2.78974e-02
5.11804e+02 2.77590e-02
5.12577e+02 2.76170e-02
5.13349e+02 2.74805e-02
5.14122e+02 2.73397e-02
5.14894e+02 2.72169e-02
5.15667e+02 2.71031e-02
5.16439e+02 2.69914e-02
5.17212e+02 2.68922e-02
5.17984e+02 2.67933e-02
5.18756e+02 2.66973e-02
5.19528e+02 2.66020e-02
5.20300e+02 2.65111e-02
5.21072e+02 2.64272e-02
5.21844e+02 2.63516e-02
5.22616e+02 2.62764e-02
5.23387e+02 2.62033e-02
5.24159e+02 2.61351e-02
5.24931e+02 2.60700e-02
5.25702e+02 2.60107e-02
5.26473e+02 2.59491e-02
5.27245e+02 2.58902e-02
5.28016e+02 2.58366e-02
5.28787e+02 2.57797e-02
5.29558e+02 2.57256e-02
5.30329e+02 2.56646e-02
5.31100e+02 2.56104e-02
5.31871e+02 2.55558e-02
5.32642e+02 2.55053e-02
5.33412e+02 2.54579e-02
5.34183e+02 2.54037e-02
5.34954e+02 2.53448e-02
5.35724e+02 2.52911e-02
5.36494e+02 2.52354e-02
5.37265e+02 2.51857e-02
5.38035e+02 2.51306e-02
5.38805e+02 2.50777e-02
5.39575e+02 2.50252e-02
5.40345e+02 2.49702e-02
5.41115e+02 2.49148e-02
5.41885e+02 2.48571e-02
5.42655e+02 2.48016e-02
5.43424e+02 2.47439e-02
5.44194e+02 2.46867e-02
5.44964e+02 2.46336e-02
5.45733e+02 2.45755e-02
5.46502e+02 2.45208e-02
5.47272e+02 2.44687e-02
5.48041e+02 2.44153e-02
5.48810e+02 2.43685e-02
5.49579e+02 2.43190e-02
5.50348e+02 2.42748e-02
5.51117e+02 2.42268e-02
5.51886e+02 2.41770e-02
5.52655e+02 2.41300e-02
5.53423e+02 2.40836e-02
5.54192e+02 2.40377e-02
5.54960e+02 2.39961e-02
5.55729e+02 2.39551e-02
5.56497e+02 2.39172e-02
5.57266e+02 2.38789e-02
5.58034e+02 2.38374e-02
5.58802e+02 2.38005e-02
5.59570e+02 2.37603e-02
5.60338e+02 2.37206e-02
5.61106e+02 2.36837e-02
5.61874e+02 2.36477e-02
5.62641e+02 2.36110e-02
5.63409e+02 2.35764e-02
5.64177e+02 2.35418e-02
5.64944e+02 2.35085e-02
5.65712e+02 2.34788e-02
5.66479e+02 2.34438e-02
5.67246e+02 2.34062e-02
5.68014e+02 2.33693e-02
5.68781e+02 2.33381e-02
5.69548e+02 2.33047e-02
5.70315e+02 2.32695e-02
5.71082e+02 2.32373e-02
5.71848e+02 2.32029e-02
5.72615e+02 2.31716e-02
5.73382e+02 2.31400e-02
5.74148e+02 2.31149e-02
5.74915e+02 2.30846e-02
5.75681e+02 2.30474e-02
5.76448e+02 2.30160e-02
5.77214e+02 2.29894e-02
5.77980e+02 2.29620e-02
5.78746e+02 2.29347e-02
5.79512e+02 2.29079e-02
5.80278e+02 2.28827e-02
5.81044e+02 2.28589e-02
5.81810e+02 2.28361e-02
5.82576e+02 2.28135e-02
5.83341e+02 2.27919e-02
5.84107e+02 2.27741e-02
5.84873e+02 2.27583e-02
5.85638e+02 2.27441e-02
5.86403e+02 2.27357e-02
5.87169e+02 2.27249e-02
5.87934e+02 2.27217e-02
5.88699e+02 2.27229e-02
5.89464e+02 2.27259e-02
5.90229e+02 2.27284e-02
5.90994e+02 2.27326e-02
5.91759e+02 2.27407e-02
5.92523e+02 2.27437e-02
5.93288e+02 2.27479e-02
5.94053e+02 2.27536e-02
5.94817e+02 2.27614e-02
5.95582e+02 2.27680e-02
5.96346e+02 2.27740e-02
5.97110e+02 2.27782e-02
5.97874e+02 2.27782e-02
5.98638e+02 2.27794e-02
5.99403e+02 2.27775e-02
6.00166e+02 2.27728e-02
6.00930e+02 2.27648e-02
6.01694e+02 2.27532e-02
6.02458e+02 2.27370e-02
6.03222e+02 2.27171e-02
6.03985e+02 2.26940e-02
6.04749e+02 2.26685e-02
6.05512e+02 2.26415e-02
6.06275e+02 2.26118e-02
6.07039e+02 2.25799e-02
6.07802e+02 2.25470e-02
6.08565e+02 2.25110e-02
6.09328e+02 2.24828e-02
6.10091e+02 2.24572e-02
6.10854e+02 2.24301e-02
6.11617e+02 2.24079e-02
6.12379e+02 2.23891e-02
6.13142e+02 2.23732e-02
6.13904e+02 2.23586e-02
6.14667e+02 2.23470e-02
6.15429e+02 2.23400e-02
6.16192e+02 2.23281e-02
6.16954e+02 2.23193e-02
6.17716e+02 2.23168e-02
6.18478e+02 2.23129e-02
6.19240e+02 2.23070e-02
6.20002e+02 2.23037e-02
6.20764e+02 2.22979e-02
6.21526e+02 2.22888e-02
6.22287e+02 2.22811e-02
6.23049e+02 2.22687e-02
6.23811e+02 2.22554e-02
6.24572e+02 2.22408e-02
6.25334e+02 2.22274e-02
6.26095e+02 2.22095e-02
6.26856e+02 2.21905e-02
6.27617e+02 2.21738e-02
6.28378e+02 2.21551e-02
6.29139e+02 2.21387e-02
6.29900e+02 2.21193e-02
6.30661e+02 2.20979e-02
6.31422e+02 2.20772e-02
6.32183e+02 2.20555e-02
6.32943e+02 2.20337e-02
6.33704e+02 2.20141e-02
6.34464e+02 2.19960e-02
6.35225e+02 2.19802e-02
6.35985e+02 2.19670e-02
6.36745e+02 2.19568e-02
6.37505e+02 2.19505e-02
6.38265e+02 2.19478e-02
6.39025e+02 2.19482e-02
6.39785e+02 2.19533e-02
6.40545e+02 2.19579e-02
6.41305e+02 2.19650e-02
6.42065e+02 2.19757e-02
6.42824e+02 2.19852e-02
6.43584e+02 2.19933e-02
6.44343e+02 2.20034e-02
6.45103e+02 2.20136e-02
6.45862e+02 2.20245e-02
6.46621e+02 2.20346e-02
6.47380e+02 2.20459e-02
6.48139e+02 2.20529e-02
6.48898e+02 2.20615e-02
6.49657e+02 2.20663e-02
6.50416e+02 2.20760e-02
6.51175e+02 2.20829e-02
6.51934e+02 2.20897e-02
6.52692e+02 2.20978e-02
6.53451e+02 2.21070e-02
6.54209e+02 2.21144e-02
6.54968e+02 2.21215e-02
6.55726e+02 2.21301e-02
6.56484e+02 2.21383e-02
6.57242e+02 2.21450e-02
6.58000e+02 2.21547e-02
6.58758e+02 2.21629e-02
6.59516e+02 2.21721e-02
6.60274e+02 2.21812e-02
6.61032e+02 2.21915e-02
6.61789e+02 2.21983e-02
6.62547e+02 2.22055e-02
6.63304e+02 2.22153e-02
6.64062e+02 2.22221e-02
6.64819e+02 2.22300e-02
6.65577e+02 2.22407e-02
6.66334e+02 2.22513e-02
6.67091e+02 2.22632e-02
6.67848e+02 2.22770e-02
6.68605e+02 2.22924e-02
6.69362e+02 2.23081e-02
6.70119e+02 2.23275e-02
6.70875e+02 2.23450e-02
6.71632e+02 2.23597e-02
6.72389e+02 2.23779e-02
6.73145e+02 2.23936e-02
6.73902e+02 2.24126e-02
6.74658e+02 2.24319e-02
6.75414e+02 2.24514e-02
6.76170e+02 2.24729e-02
6.76926e+02 2.24939e-02
6.77683e+02 2.25145e-02
6.78438e+02 2.25368e-02
6.79194e+02 2.25603e-02
6.79950e+02 2.25867e-02
6.80706e+02 2.26099e-02
6.81462e+02 2.26334e-02
6.82217e+02 2.26603e-02
6.82973e+02 2.26840e-02
6.83728e+02 2.27052e-02
6.84483e+02 2.27284e-02
6.85239e+02 2.27538e-02
6.85994e+02 2.27802e-02
6.86749e+02 2.28056e-02
6.87504e+02 2.28292e-02
6.88259e+02 2.28533e-02
6.89014e+02 2.28745e-02
6.89769e+02 2.28963e-02
6.90523e+02 2.29155e-02
6.91278e+02 2.29364e-02
6.92032e+02 2.29558e-02
6.92787e+02 2.29777e-02
6.93541e+02 2.29979e-02
6.94296e+02 2.30180e-02
6.95050e+02 2.30379e-02
6.95804e+02 2.30585e-02
6.96558e+02 2.30808e-02
6.97312e+02 2.30994e-02
6.98066e+02 2.31214e-02
6.98820e+02 2.31420e-02
6.99574e+02 2.31616e-02
7.00328e+02 2.31820e-02
7.01081e+02 2.31996e-02
7.01835e+02 2.32166e-02
7.02588e+02 2.32296e-02
7.03342e+02 2.32436e-02
7.04095e+02 2.32580e-02
7.04848e+02 2.32685e-02
7.05601e+02 2.32826e-02
7.06354e+02 2.32973e-02
7.07107e+02 2.33118e-02
7.07860e+02 2.33300e-02
7.08613e+02 2.33485e-02
7.09366e+02 2.33696e-02
7.10119e+02 2.33937e-02
7.10871e+02 2.34179e-02
7.11624e+02 2.34381e-02
7.12376e+02 2.34601e-02
7.13129e+02 2.34833e-02
7.13881e+02 2.35064e-02
7.14633e+02 2.35267e-02
7.15385e+02 2.35491e-02
7.16137e+02 2.35725e-02
7.16889e+02 2.35912e-02
7.17641e+02 2.36091e-02
7.18393e+02 2.36240e-02
7.19145e+02 2.36376e-02
7.19897e+02 2.36514e-02
7.20648e+02 2.36607e-02
7.21400e+02 2.36640e-02
7.22151e+02 2.36675e-02
7.22903e+02 2.36663e-02
7.23654e+02 2.36614e-02
7.24405e+02 2.36527e-02
7.25156e+02 2.36435e-02
7.25907e+02 2.36338e-02
7.26658e+02 2.36264e-02
7.27409e+02 2.36177e-02
7.28160e+02 2.36120e-02
7.28911e+02 2.36045e-02
7.29661e+02 2.35987e-02
7.30412e+02 2.35930e-02
7.31162e+02 2.35904e-02
7.31913e+02 2.35911e-02
7.32663e+02 2.35907e-02
7.33414e+02 2.35923e-02
7.34164e+02 2.35946e-02
7.34914e+02 2.35978e-02
7.35664e+02 2.36043e-02
7.36414e+02 2.36113e-02
7.37164e+02 2.36199e-02
7.37914e+02 2.36297e-02
7.38663e+02 2.36409e-02
7.39413e+02 2.36486e-02
7.40163e+02 2.36554e-02
7.40912e+02 2.36578e-02
7.41661e+02 2.36583e-02
7.42411e+02 2.36564e-02
7.43160e+02 2.36489e-02
7.43909e+02 2.36396e-02
7.44658e+02 2.36244e-02
7.45407e+02 2.36058e-02
7.46156e+02 2.35877e-02
7.46905e+02 2.35644e-02
7.47654e+02 2.35410e-02
7.48403e+02 2.35141e-02
7.49151e+02 2.34863e-02
7.49900e+02 2.34578e-02
7.50648e+02 2.34280e-02
7.51397e+02 2.33959e-02
7.52145e+02 2.33626e-02
7.52893e+02 2.33315e-02
7.53642e+02 2.33020e-02
7.54390e+02 2.32748e-02
7.55138e+02 2.32461e-02
7.55886e+02 2.32223e-02
7.56634e+02 2.31982e-02
7.57381e+02 2.31767e-02
7.58129e+02 2.31624e-02
7.58877e+02 2.31464e-02
7.59624e+02 2.31317e-02
7.60372e+02 2.31208e-02
7.61119e+02 2.31091e-02
7.61866e+02 2.31018e-02
7.62614e+02 2.30957e-02
7.63361e+02 2.30911e-02
7.64108e+02 2.30838e-02
7.64855e+02 2.30777e-02
7.65602e+02 2.30749e-02
7.66349e+02 2.30781e-02
7.67095e+02 2.30834e-02
7.67842e+02 2.30900e-02
7.68589e+02 2.30968e-02
7.69335e+02 2.31054e-02
7.70082e+02 2.31179e-02
7.70828e+02 2.31355e-02
7.71574e+02 2.31550e-02
7.72321e+02 2.31762e-02
7.73067e+02 2.31949e-02
7.73813e+02 2.32186e-02
7.74559e+02 2.32442e-02
7.75305e+02 2.32708e-02
7.76051e+02 2.33008e-02
7.76796e+02 2.33322e-02
7.77542e+02 2.33670e-02
7.78288e+02 2.34035e-02
7.79033e+02 2.34382e-02
7.79779e+02 2.34782e-02
7.80524e+02 2.35197e-02
7.81269e+02 2.35606e-02
7.82015e+02 2.36028e-02
7.82760e+02 2.36443e-02
7.83505e+02 2.36881e-02
7.84250e+02 2.37347e-02
7.84995e+02 2.37811e-02
7.85739e+02 2.38277e-02
7.86484e+02 2.38765e-02
7.87229e+02 2.39223e-02
7.87973e+02 2.39693e-02
7.88718e+02 2.40166e-02
7.89462e+02 2.40669e-02
7.90207e+02 2.41178e-02
7.90951e+02 2.41662e-02
7.91695e+02 2.42131e-02
7.92439e+02 2.42618e-02
7.93183e+02 2.43161e-02
7.93927e+02 2.43721e-02
7.94671e+02 2.44237e-02
7.95415e+02 2.44705e-02
7.96159e+02 2.45185e-02
7.96902e+02 2.45686e-02
7.97646e+02 2.46259e-02
7.98389e+02 2.46835e-02
7.99133e+02 2.47364e-02
7.99876e+02 2.47870e-02
8.00619e+02 2.48378e-02
8.01363e+02 2.48910e-02
8.02106e+02 2.49484e-02
8.02849e+02 2.50064e-02
8.03592e+02 2.50625e-02
8.04335e+02 2.51102e-02
8.05077e+02 2.51607e-02
8.05820e+02 2.52100e-02
8.06563e+02 2.52614e-02
8.07305e+02 2.53147e-02
8.08048e+02 2.53693e-02
8.08790e+02 2.54184e-02
8.09533e+02 2.54678e-02
8.10275e+02 2.55130e-02
8.11017e+02 2.55629e-02
8.11759e+02 2.56122e-02
8.12501e+02 2.56640e-02
8.13243e+02 2.57120e-02
8.13985e+02 2.57569e-02
8.14727e+02 2.57973e-02
8.15468e+02 2.58378e-02
8.16210e+02 2.58816e-02
8.16951e+02 2.59285e-02
8.17693e+02 2.59751e-02
8.18434e+02 2.60171e-02
8.19176e+02 2.60565e-02
8.19917e+02 2.60939e-02
8.20658e+02 2.61287e-02
8.21399e+02 2.61665e-02
8.22140e+02 2.62111e-02
8.22881e+02 2.62538e-02
8.23622e+02 2.62960e-02
8.24363e+02 2.63336e-02
8.25103e+02 2.63684e-02
8.25844e+02 2.64050e-02
8.26584e+02 2.64486e-02
8.27325e+02 2.64934e-02
8.28065e+02 2.65394e-02
8.28805e+02 2.65817e-02
8.29546e+02 2.66164e-02
8.30286e+02 2.66486e-02
8.31026e+02 2.66816e-02
8.31766e+02 2.67207e-02
8.32506e+02 2.67669e-02
8.33246e+02 2.68122e-02
8.33985e+02 2.68459e-02
8.34725e+02 2.68688e-02
8.35465e+02 2.68904e-02
8.36204e+02 2.69213e-02
8.36944e+02 2.69612e-02
8.37683e+02 2.70087e-02
8.38422e+02 2.70491e-02
8.39161e+02 2.70848e-02
8.39900e+02 2.71121e-02
8.40639e+02 2.71409e-02
8.41378e+02 2.71769e-02
8.42117e+02 2.72228e-02
8.42856e+02 2.72715e-02
8.43595e+02 2.73155e-02
8.44334e+02 2.73520e-02
8.45072e+02 2.73840e-02
8.45811e+02 2.74181e-02
8.46549e+02 2.74545e-02
8.47287e+02 2.75027e-02
8.48026e+02 2.75532e-02
8.48764e+02 2.75993e-02
8.49502e+02 2.76399e-02
8.50240e+02 2.76759e-02
8.50978e+02 2.77154e-02
8.51716e+02 2.77558e-02
8.52453e+02 2.78036e-02
8.53191e+02 2.78514e-02
8.53929e+02 2.78991e-02
8.54666e+02 2.79470e-02
8.55404e+02 2.79902e-02
8.56141e+02 2.80332e-02
8.56879e+02 2.80750e-02
8.57616e+02 2.81147e-02
8.58353e+02 2.81578e-02
8.59090e+02 2.82059e-02
8.59827e+02 2.82564e-02
8.60564e+02 2.83098e-02
8.61301e+02 2.83627e-02
8.62038e+02 2.84144e-02
8.62774e+02 2.84632e-02
8.63511e+02 2.85182e-02
8.64247e+02 2.85851e-02
8.64984e+02 2.86615e-02
8.65720e+02 2.87456e-02
8.66457e+02 2.88283e-02
8.67193e+02 2.89047e-02
8.67929e+02 2.89752e-02
8.68665e+02 2.90471e-02
8.69401e+02 2.91270e-02
8.70137e+02 2.92197e-02
8.70873e+02 2.93165e-02
8.71608e+02 2.94121e-02
8.72344e+02 2.94980e-02
8.73080e+02 2.95678e-02
8.73815e+02 2.96263e-02
8.74551e+02 2.96897e-02
8.75286e+02 2.97641e-02
8.76021e+02 2.98468e-02
8.76757e+02 2.99299e-02
8.77492e+02 3.00035e-02
8.78227e+02 3.00592e-02
8.78962e+02 3.01026e-02
8.79697e+02 3.01413e-02
8.80431e+02 3.01891e-02
8.81166e+02 3.02488e-02
8.81901e+02 3.03166e-02
8.82635e+02 3.03802e-02
8.83370e+02 3.04325e-02
8.84104e+02 3.04755e-02
8.84839e+02 3.05104e-02
8.85573e+02 3.05552e-02
8.86307e+02 3.06094e-02
8.87041e+02 3.06775e-02
8.87775e+02 3.07525e-02
8.88509e+02 3.08229e-02
8.89243e+02 3.08894e-02
8.89977e+02 3.09507e-02
8.90711e+02 3.10191e-02
8.91444e+02 3.10953e-02
8.92178e+02 3.11880e-02
8.92911e+02 3.12871e-02
8.93645e+02 3.13871e-02
8.94378e+02 3.14866e-02
8.95111e+02 3.15767e-02
8.95844e+02 3.16653e-02
8.96577e+02 3.17558e-02
8.97310e+02 3.18518e-02
8.98043e+02 3.19536e-02
8.98776e+02 3.20541e-02
8.99509e+02 3.21519e-02
9.00242e+02 3.22453e-02
9.00974e+02 3.23342e-02
9.01707e+02 3.24251e-02
9.02439e+02 3.25179e-02
9.03172e+02 3.26139e-02
9.03904e+02 3.27076e-02
9.04636e+02 3.27960e-02
9.05368e+02 3.28852e-02
9.06100e+02 3.29665e-02
9.06832e+02 3.30521e-02
9.07564e+02 3.31433e-02
9.08296e+02 3.32451e-02
9.09028e+02 3.33483e-02
9.09760e+02 3.34490e-02
9.10491e+02 3.35445e-02
9.11223e+02 3.36383e-02
9.11954e+02 3.37336e-02
9.12686e+02 3.38367e-02
9.13417e+02 3.39556e-02
9.14148e+02 3.40924e-02
9.14879e+02 3.42342e-02
9.15610e+02 3.43794e-02
9.16341e+02 3.45241e-02
9.17072e+02 3.46640e-02
9.17803e+02 3.48013e-02
9.18534e+02 3.49428e-02
9.19264e+02 3.50975e-02
9.19995e+02 3.52572e-02
9.20725e+02 3.54203e-02
9.21456e+02 3.55813e-02
9.22186e+02 3.57407e-02
9.22916e+02 3.59046e-02
9.23647e+02 3.60822e-02
9.24377e+02 3.62834e-02
9.25107e+02 3.65252e-02
9.25837e+02 3.68046e-02
9.26567e+02 3.71290e-02
9.27296e+02 3.74999e-02
9.28026e+02 3.79038e-02
9.28756e+02 3.83483e-02
9.29485e+02 3.88291e-02
9.30215e+02 3.93604e-02
9.30944e+02 3.99401e-02
9.31673e+02 4.05711e-02
9.32403e+02 4.12486e-02
9.33132e+02 4.19561e-02
9.33861e+02 4.26904e-02
9.34590e+02 4.34237e-02
9.35319e+02 4.41589e-02
9.36048e+02 4.48925e-02
9.36777e+02 4.56187e-02
9.37505e+02 4.63273e-02
9.38234e+02 4.70061e-02
9.38962e+02 4.76432e-02
9.39691e+02 4.82212e-02
9.40419e+02 4.87116e-02
9.41148e+02 4.91164e-02
9.41876e+02 4.94273e-02
9.42604e+02 4.96451e-02
9.43332e+02 4.97641e-02
9.44060e+02 4.97979e-02
9.44788e+02 4.97511e-02
9.45516e+02 4.96077e-02
9.46243e+02 4.93834e-02
9.46971e+02 4.90878e-02
9.47699e+02 4.87321e-02
9.48426e+02 4.83221e-02
9.49154e+02 4.78880e-02
9.49881e+02 4.74500e-02
9.50608e+02 4.70166e-02
9.51336e+02 4.66119e-02
9.52063e+02 4.62374e-02
9.52790e+02 4.59045e-02
9.53517e+02 4.56178e-02
9.54244e+02 4.53723e-02
9.54970e+02 4.51853e-02
9.55697e+02 4.50540e-02
9.56424e+02 4.49659e-02
9.57150e+02 4.49338e-02
9.57877e+02 4.49440e-02
9.58603e+02 4.49847e-02
9.59330e+02 4.50440e-02
9.60056e+02 4.51171e-02
9.60782e+02 4.52045e-02
9.61508e+02 4.53083e-02
9.62234e+02 4.54286e-02
9.62960e+02 4.55618e-02
9.63686e+02 4.57139e-02
9.64412e+02 4.58823e-02
9.65137e+02 4.60615e-02
9.65863e+02 4.62549e-02
9.66589e+02 4.64471e-02
9.67314e+02 4.66435e-02
9.68040e+02 4.68480e-02
9.68765e+02 4.70554e-02
9.69490e+02 4.72719e-02
9.70215e+02 4.74995e-02
9.70940e+02 4.77393e-02
9.71665e+02 4.80004e-02
9.72390e+02 4.82741e-02
9.73115e+02 4.85635e-02
9.73840e+02 4.88603e-02
9.74565e+02 4.91740e-02
9.75289e+02 4.95006e-02
9.76014e+02 4.98464e-02
9.76738e+02 5.02155e-02
9.77463e+02 5.06011e-02
9.78187e+02 5.10065e-02
9.78911e+02 5.14404e-02
9.79635e+02 5.18932e-02
9.80359e+02 5.23640e-02
9.81083e+02 5.28473e-02
9.81807e+02 5.33380e-02
9.82531e+02 5.38325e-02
9.83255e+02 5.43392e-02
9.83978e+02 5.48540e-02
9.84702e+02 5.53718e-02
9.85425e+02 5.58965e-02
9.86149e+02 5.64266e-02
9.86872e+02 5.69543e-02
9.87596e+02 5.74736e-02
9.88319e+02 5.79806e-02
9.89042e+02 5.84663e-02
9.89765e+02 5.89266e-02
9.90488e+02 5.93674e-02
9.91211e+02 5.97843e-02
9.91934e+02 6.01830e-02
9.92656e+02 6.05657e-02
9.93379e+02 6.09284e-02
9.94101e+02 6.12877e-02
9.94824e+02 6.16295e-02
9.95546e+02 6.19564e-02
9.96269e+02 6.22836e-02
9.96991e+02 6.25819e-02
9.97713e+02 6.28587e-02
9.98435e+02 6.31365e-02
9.99157e+02 6.34165e-02
9.99879e+02 6.37151e-02
1.00060e+03 6.40380e-02
1.00132e+03 6.43916e-02
1.00204e+03 6.47781e-02
1.00277e+03 6.52056e-02
1.00349e+03 6.56733e-02
1.00421e+03 6.61631e-02
1.00493e+03 6.66786e-02
1.00565e+03 6.72131e-02
1.00637e+03 6.77825e-02
1.00709e+03 6.83867e-02
1.00782e+03 6.90286e-02
1.00854e+03 6.97157e-02
1.00926e+03 7.04577e-02
1.00998e+03 7.12504e-02
1.01070e+03 7.20865e-02
1.01142e+03 7.29425e-02
1.01214e+03 7.38193e-02
1.01286e+03 7.47138e-02
1.01358e+03 7.56362e-02
1.01430e+03 7.65832e-02
1.01502e+03 7.75749e-02
1.01574e+03 7.86151e-02
1.01646e+03 7.96866e-02
1.01718e+03 8.08130e-02
1.01790e+03 8.19864e-02
1.01862e+03 8.31848e-02
1.01934e+03 8.43841e-02
1.02006e+03 8.56017e-02
1.02078e+03 8.68211e-02
1.02150e+03 8.80795e-02
1.02222e+03 8.93929e-02
1.02294e+03 9.07502e-02
1.02366e+03 9.21686e-02
1.02438e+03 9.36502e-02
1.02510e+03 9.51740e-02
1.02582e+03 9.67476e-02
1.02654e+03 9.83376e-02
1.02725e+03 9.99439e-02
1.02797e+03 1.01565e-01
1.02869e+03 1.03229e-01
1.02941e+03 1.04947e-01
1.03013e+03 1.06755e-01
1.03085e+03 1.08617e-01
1.03157e+03 1.10552e-01
1.03229e+03 1.12547e-01
1.03300e+03 1.14599e-01
1.03372e+03 1.16700e-01
1.03444e+03 1.18854e-01
1.03516e+03 1.21059e-01
1.03588e+03 1.23310e-01
1.03659e+03 1.25620e-01
1.03731e+03 1.28008e-01
1.03803e+03 1.30474e-01
1.03875e+03 1.33049e-01
1.03946e+03 1.35770e-01
1.04018e+03 1.38668e-01
1.04090e+03 1.41680e-01
1.04162e+03 1.44828e-01
1.04233e+03 1.48061e-01
1.04305e+03 1.51380e-01
1.04377e+03 1.54836e-01
1.04448e+03 1.58477e-01
1.04520e+03 1.62236e-01
1.04592e+03 1.66157e-01
1.04664e+03 1.70246e-01
1.04735e+03 1.74512e-01
1.04807e+03 1.78962e-01
1.04879e+03 1.83604e-01
1.04950e+03 1.88443e-01
1.05022e+03 1.93488e-01
1.05093e+03 1.98743e-01
1.05165e+03 2.04213e-01
1.05237e+03 2.09901e-01
1.05308e+03 2.15809e-01
1.05380e+03 2.21935e-01
1.05452e+03 2.28278e-01
1.05523e+03 2.34830e-01
1.05595e+03 2.41580e-01
1.05666e+03 2.48512e-01
1.05738e+03 2.55606e-01
1.05809e+03 2.62834e-01
1.05881e+03 2.70160e-01
1.05953e+03 2.77539e-01
1.06024e+03 2.84918e-01
1.06096e+03 2.92232e-01
1.06167e+03 2.99405e-01
1.06239e+03 3.06347e-01
1.06310e+03 3.12958e-01
1.06382e+03 3.19126e-01
