2.11055e+02 0.00000e+00
2.11513e+02 0.00000e+00
2.11972e+02 0.00000e+00
2.12430e+02 0.00000e+00
2.12889e+02 0.00000e+00
2.13347e+02 0.00000e+00
2.13805e+02 0.00000e+00
2.14264e+02 0.00000e+00
2.14722e+02 0.00000e+00
2.15181e+02 0.00000e+00
2.15639e+02 0.00000e+00
2.16097e+02 0.00000e+00
2.16556e+02 0.00000e+00
2.17014e+02 0.00000e+00
2.17472e+02 0.00000e+00
2.17930e+02 0.00000e+00
2.18389e+02 0.00000e+00
2.18847e+02 0.00000e+00
2.19305e+02 0.00000e+00
2.19763e+02 0.00000e+00
2.20222e+02 0.00000e+00
2.20680e+02 0.00000e+00
2.21138e+02 0.00000e+00
2.21596e+02 0.00000e+00
2.22054e+02 0.00000e+00
2.22513e+02 0.00000e+00
2.22971e+02 0.00000e+00
2.23429e+02 0.00000e+00
2.23887e+02 0.00000e+00
2.24345e+02 0.00000e+00
2.24803e+02 0.00000e+00
2.25261e+02 0.00000e+00
2.25719e+02 0.00000e+00
2.26177e+02 0.00000e+00
2.26635e+02 0.00000e+00
2.27093e+02 0.00000e+00
2.27551e+02 0.00000e+00
2.28009e+02 0.00000e+00
2.28467e+02 0.00000e+00
2.28925e+02 0.00000e+00
2.29383e+02 0.00000e+00
2.29841e+02 0.00000e+00
2.30299e+02 0.00000e+00
2.30756e+02 0.00000e+00
2.31214e+02 0.00000e+00
2.31672e+02 0.00000e+00
2.32130e+02 0.00000e+00
2.32588e+02 0.00000e+00
2.33045e+02 0.00000e+00
2.33503e+02 0.00000e+00
2.33961e+02 0.00000e+00
2.34419e+02 0.00000e+00
2.34876e+02 0.00000e+00
2.35334e+02 0.00000e+00
2.35792e+02 0.00000e+00
2.36250e+02 0.00000e+00
2.36707e+02 0.00000e+00
2.37165e+02 0.00000e+00
2.37622e+02 0.00000e+00
2.38080e+02 0.00000e+00
2.38538e+02 0.00000e+00
2.38995e+02 0.00000e+00
2.39453e+02 0.00000e+00
2.39910e+02 0.00000e+00
2.40368e+02 0.00000e+00
2.40825e+02 0.00000e+00
2.41283e+02 0.00000e+00
2.41740e+02 0.00000e+00
2.42198e+02 0.00000e+00
2.42655e+02 0.00000e+00
2.43113e+02 0.00000e+00
2.43570e+02 0.00000e+00
2.44028e+02 0.00000e+00
2.44485e+02 0.00000e+00
2.44942e+02 0.00000e+00
2.45400e+02 0.00000e+00
2.45857e+02 0.00000e+00
2.46315e+02 0.00000e+00
2.46772e+02 0.00000e+00
2.47229e+02 0.00000e+00
2.47686e+02 0.00000e+00
2.48144e+02 0.00000e+00
2.48601e+02 0.00000e+00
2.49058e+02 0.00000e+00
2.49515e+02 0.00000e+00
2.49973e+02 0.00000e+00
2.50430e+02 0.00000e+00
2.50887e+02 0.00000e+00
2.51344e+02 0.00000e+00
2.51801e+02 0.00000e+00
2.52258e+02 0.00000e+00
2.52715e+02 0.00000e+00
2.53173e+02 0.00000e+00
2.53630e+02 0.00000e+00
2.54087e+02 0.00000e+00
2.54544e+02 0.00000e+00
2.55001e+02 0.00000e+00
2.55458e+02 0.00000e+00
2.55915e+02 0.00000e+00
2.56372e+02 0.00000e+00
2.56829e+02 0.00000e+00
2.57286e+02 0.00000e+00
2.57743e+02 0.00000e+00
2.58200e+02 0.00000e+00
2.58656e+02 0.00000e+00
2.59113e+02 0.00000e+00
2.59570e+02 0.00000e+00
2.60027e+02 0.00000e+00
2.60484e+02 0.00000e+00
2.60941e+02 0.00000e+00
2.61398e+02 0.00000e+00
2.61854e+02 0.00000e+00
2.62311e+02 0.00000e+00
2.62768e+02 0.00000e+00
2.63225e+02 0.00000e+00
2.63681e+02 0.00000e+00
2.64138e+02 0.00000e+00
2.64595e+02 0.00000e+00
2.65051e+02 0.00000e+00
2.65508e+02 0.00000e+00
2.65965e+02 0.00000e+00
2.66421e+02 0.00000e+00
2.66878e+02 0.00000e+00
2.67334e+02 0.00000e+00
2.67791e+02 0.00000e+00
2.68248e+02 0.00000e+00
2.68704e+02 0.00000e+00
2.69161e+02 0.00000e+00
2.69617e+02 0.00000e+00
2.70074e+02 0.00000e+00
2.70530e+02 0.00000e+00
2.70987e+02 0.00000e+00
2.71443e+02 0.00000e+00
2.71899e+02 0.00000e+00
2.72356e+02 0.00000e+00
2.72812e+02 0.00000e+00
2.73269e+02 0.00000e+00
2.73725e+02 0.00000e+00
2.74181e+02 0.00000e+00
2.74638e+02 0.00000e+00
2.75094e+02 0.00000e+00
2.75550e+02 0.00000e+00
2.76007e+02 0.00000e+00
2.76463e+02 0.00000e+00
2.76919e+02 0.00000e+00
2.77375e+02 0.00000e+00
2.77831e+02 0.00000e+00
2.78288e+02 0.00000e+00
2.78744e+02 0.00000e+00
2.79200e+02 0.00000e+00
2.79656e+02 0.00000e+00
2.80112e+02 0.00000e+00
2.80568e+02 0.00000e+00
2.81024e+02 0.00000e+00
2.81481e+02 0.00000e+00
2.81937e+02 0.00000e+00
2.82393e+02 0.00000e+00
2.82849e+02 0.00000e+00
2.83305e+02 0.00000e+00
2.83761e+02 0.00000e+00
2.84217e+02 0.00000e+00
2.84673e+02 0.00000e+00
2.85129e+02 0.00000e+00
2.85584e+02 0.00000e+00
2.86040e+02 0.00000e+00
2.86496e+02 0.00000e+00
2.86952e+02 0.00000e+00
2.87408e+02 0.00000e+00
2.87864e+02 0.00000e+00
2.88320e+02 0.00000e+00
2.88775e+02 0.00000e+00
2.89231e+02 0.00000e+00
2.89687e+02 0.00000e+00
2.90143e+02 0.00000e+00
2.90598e+02 0.00000e+00
2.91054e+02 0.00000e+00
2.91510e+02 0.00000e+00
2.91966e+02 0.00000e+00
2.92421e+02 0.00000e+00
2.92877e+02 0.00000e+00
2.93332e+02 0.00000e+00
2.93788e+02 0.00000e+00
2.94244e+02 0.00000e+00
2.94699e+02 0.00000e+00
2.95155e+02 0.00000e+00
2.95610e+02 0.00000e+00
2.96066e+02 0.00000e+00
2.96521e+02 0.00000e+00
2.96977e+02 0.00000e+00
2.97432e+02 0.00000e+00
2.97888e+02 0.00000e+00
2.98343e+02 0.00000e+00
2.98799e+02 0.00000e+00
2.99254e+02 0.00000e+00
2.99709e+02 0.00000e+00
3.00165e+02 0.00000e+00
3.00620e+02 0.00000e+00
3.01075e+02 0.00000e+00
3.01531e+02 0.00000e+00
3.01986e+02 0.00000e+00
3.02441e+02 0.00000e+00
3.02897e+02 0.00000e+00
3.03352e+02 0.00000e+00
3.03807e+02 0.00000e+00
3.04262e+02 0.00000e+00
3.04718e+02 0.00000e+00
3.05173e+02 0.00000e+00
3.05628e+02 0.00000e+00
3.06083e+02 0.00000e+00
3.06538e+02 0.00000e+00
3.06993e+02 0.00000e+00
3.07448e+02 0.00000e+00
3.07903e+02 0.00000e+00
3.08358e+02 0.00000e+00
3.08813e+02 0.00000e+00
3.09268e+02 0.00000e+00
3.09723e+02 0.00000e+00
3.10178e+02 0.00000e+00
3.10633e+02 0.00000e+00
3.11088e+02 0.00000e+00
3.11543e+02 0.00000e+00
3.11998e+02 0.00000e+00
3.12453e+02 0.00000e+00
3.12908e+02 0.00000e+00
3.13363e+02 0.00000e+00
3.13818e+02 0.00000e+00
3.14272e+02 0.00000e+00
3.14727e+02 0.00000e+00
3.15182e+02 0.00000e+00
3.15637e+02 0.00000e+00
3.16092e+02 0.00000e+00
3.16546e+02 0.00000e+00
3.17001e+02 0.00000e+00
3.17456e+02 0.00000e+00
3.17910e+02 0.00000e+00
3.18365e+02 0.00000e+00
3.18820e+02 0.00000e+00
3.19274e+02 0.00000e+00
3.19729e+02 0.00000e+00
3.20183e+02 0.00000e+00
3.20638e+02 0.00000e+00
3.21093e+02 0.00000e+00
3.21547e+02 0.00000e+00
3.22002e+02 0.00000e+00
3.22456e+02 0.00000e+00
3.22911e+02 0.00000e+00
3.23365e+02 0.00000e+00
3.23819e+02 0.00000e+00
3.24274e+02 0.00000e+00
3.24728e+02 0.00000e+00
3.25183e+02 0.00000e+00
3.25637e+02 0.00000e+00
3.26091e+02 0.00000e+00
3.26546e+02 0.00000e+00
3.27000e+02 0.00000e+00
3.27454e+02 0.00000e+00
3.27909e+02 0.00000e+00
3.28363e+02 0.00000e+00
3.28817e+02 0.00000e+00
3.29271e+02 0.00000e+00
3.29725e+02 0.00000e+00
3.30180e+02 0.00000e+00
3.30634e+02 0.00000e+00
3.31088e+02 0.00000e+00
3.31542e+02 0.00000e+00
3.31996e+02 0.00000e+00
3.32450e+02 0.00000e+00
3.32904e+02 0.00000e+00
3.33358e+02 0.00000e+00
3.33812e+02 0.00000e+00
3.34266e+02 0.00000e+00
3.34720e+02 0.00000e+00
3.35174e+02 0.00000e+00
3.35628e+02 0.00000e+00
3.36082e+02 0.00000e+00
3.36536e+02 0.00000e+00
3.36990e+02 0.00000e+00
3.37444e+02 0.00000e+00
3.37898e+02 0.00000e+00
3.38352e+02 0.00000e+00
3.38806e+02 0.00000e+00
3.39259e+02 0.00000e+00
3.39713e+02 0.00000e+00
3.40167e+02 0.00000e+00
3.40621e+02 0.00000e+00
3.41074e+02 0.00000e+00
3.41528e+02 0.00000e+00
3.41982e+02 0.00000e+00
3.42435e+02 0.00000e+00
3.42889e+02 0.00000e+00
3.43343e+02 0.00000e+00
3.43796e+02 0.00000e+00
3.44250e+02 0.00000e+00
3.44704e+02 0.00000e+00
3.45157e+02 0.00000e+00
3.45611e+02 0.00000e+00
3.46064e+02 0.00000e+00
3.46518e+02 0.00000e+00
3.46971e+02 0.00000e+00
3.47425e+02 0.00000e+00
3.47878e+02 0.00000e+00
3.48332e+02 0.00000e+00
3.48785e+02 0.00000e+00
3.49238e+02 0.00000e+00
3.49692e+02 0.00000e+00
3.50145e+02 3.93062e-01
3.50598e+02 3.87996e-01
3.51052e+02 3.83369e-01
3.51505e+02 3.80330e-01
3.51958e+02 3.75402e-01
3.52412e+02 3.70680e-01
3.52865e+02 3.65982e-01
3.53318e+02 3.63171e-01
3.53771e+02 3.59039e-01
3.54224e+02 3.55315e-01
3.54678e+02 3.52127e-01
3.55131e+02 3.47450e-01
3.55584e+02 3.44238e-01
3.56037e+02 3.41554e-01
3.56490e+02 3.38909e-01
3.56943e+02 3.35412e-01
3.57396e+02 3.32908e-01
3.57849e+02 3.29325e-01
3.58302e+02 3.26727e-01
3.58755e+02 3.23637e-01
3.59208e+02 3.21281e-01
3.59661e+02 3.18685e-01
3.60114e+02 3.14975e-01
3.60567e+02 3.12339e-01
3.61020e+02 3.09608e-01
3.61473e+02 3.07008e-01
3.61926e+02 3.04235e-01
3.62378e+02 3.01757e-01
3.62831e+02 2.99241e-01
3.63284e+02 2.96466e-01
3.63737e+02 2.93799e-01
3.64190e+02 2.91362e-01
3.64642e+02 2.88749e-01
3.65095e+02 2.86297e-01
3.65548e+02 2.84154e-01
3.66000e+02 2.81878e-01
3.66453e+02 2.79689e-01
3.66906e+02 2.77415e-01
3.67358e+02 2.75476e-01
3.67811e+02 2.73453e-01
3.68263e+02 2.71387e-01
3.68716e+02 2.69448e-01
3.69169e+02 2.67237e-01
3.69621e+02 2.65115e-01
3.70074e+02 2.62698e-01
3.70526e+02 2.60648e-01
3.70979e+02 2.58340e-01
3.71431e+02 2.56043e-01
3.71883e+02 2.53516e-01
3.72336e+02 2.51105e-01
3.72788e+02 2.48840e-01
3.73241e+02 2.46424e-01
3.73693e+02 2.43873e-01
3.74145e+02 2.41718e-01
3.74598e+02 2.39515e-01
3.75050e+02 2.37339e-01
3.75502e+02 2.35184e-01
3.75954e+02 2.33190e-01
3.76407e+02 2.30995e-01
3.76859e+02 2.28860e-01
3.77311e+02 2.26734e-01
3.77763e+02 2.24752e-01
3.78215e+02 2.22745e-01
3.78667e+02 2.20924e-01
3.79119e+02 2.18809e-01
3.79572e+02 2.16916e-01
3.80024e+02 2.15168e-01
3.80476e+02 2.13327e-01
3.80928e+02 2.11474e-01
3.81380e+02 2.09827e-01
3.81832e+02 2.08082e-01
3.82284e+02 2.06370e-01
3.82736e+02 2.04724e-01
3.83187e+02 2.03045e-01
3.83639e+02 2.01393e-01
3.84091e+02 1.99612e-01
3.84543e+02 1.97981e-01
3.84995e+02 1.96437e-01
3.85447e+02 1.94931e-01
3.85899e+02 1.93370e-01
3.86350e+02 1.91751e-01
3.86802e+02 1.90150e-01
3.87254e+02 1.88641e-01
3.87706e+02 1.87011e-01
3.88157e+02 1.85566e-01
3.88609e+02 1.83906e-01
3.89061e+02 1.82394e-01
3.89512e+02 1.81021e-01
3.89964e+02 1.79750e-01
3.90416e+02 1.78478e-01
3.90867e+02 1.77198e-01
3.91319e+02 1.75945e-01
3.91770e+02 1.74815e-01
3.92222e+02 1.73541e-01
3.92673e+02 1.72388e-01
3.93125e+02 1.71215e-01
3.93576e+02 1.69998e-01
3.94028e+02 1.68908e-01
3.94479e+02 1.67775e-01
3.94930e+02 1.66727e-01
3.95382e+02 1.65612e-01
3.95833e+02 1.64487e-01
3.96284e+02 1.63288e-01
3.96736e+02 1.62253e-01
3.97187e+02 1.61170e-01
3.97638e+02 1.60134e-01
3.98090e+02 1.59150e-01
3.98541e+02 1.58193e-01
3.98992e+02 1.57152e-01
3.99443e+02 1.56159e-01
3.99894e+02 1.55129e-01
4.00346e+02 1.54184e-01
4.00797e+02 1.53189e-01
4.01248e+02 1.52191e-01
4.01699e+02 1.51219e-01
4.02150e+02 1.50334e-01
4.02601e+02 1.49378e-01
4.03052e+02 1.48545e-01
4.03503e+02 1.47665e-01
4.03954e+02 1.46850e-01
4.04405e+02 1.46006e-01
4.04856e+02 1.45235e-01
4.05307e+02 1.44444e-01
4.05758e+02 1.43687e-01
4.06209e+02 1.42857e-01
4.06659e+02 1.42093e-01
4.07110e+02 1.41377e-01
4.07561e+02 1.40664e-01
4.08012e+02 1.39934e-01
4.08463e+02 1.39210e-01
4.08913e+02 1.38522e-01
4.09364e+02 1.37835e-01
4.09815e+02 1.37167e-01
4.10266e+02 1.36506e-01
4.10716e+02 1.35815e-01
4.11167e+02 1.35177e-01
4.11617e+02 1.34523e-01
4.12068e+02 1.33874e-01
4.12519e+02 1.33235e-01
4.12969e+02 1.32575e-01
4.13420e+02 1.31937e-01
4.13870e+02 1.31343e-01
4.14321e+02 1.30800e-01
4.14771e+02 1.30201e-01
4.15222e+02 1.29624e-01
4.15672e+02 1.29028e-01
4.16123e+02 1.28448e-01
4.16573e+02 1.27848e-01
4.17023e+02 1.27276e-01
4.17474e+02 1.26700e-01
4.17924e+02 1.26138e-01
4.18374e+02 1.25619e-01
4.18825e+02 1.25028e-01
4.19275e+02 1.24481e-01
4.19725e+02 1.23923e-01
4.20175e+02 1.23391e-01
4.20626e+02 1.22820e-01
4.21076e+02 1.22300e-01
4.21526e+02 1.21783e-01
4.21976e+02 1.21289e-01
4.22426e+02 1.20811e-01
4.22876e+02 1.20312e-01
4.23326e+02 1.19792e-01
4.23776e+02 1.19330e-01
4.24226e+02 1.18849e-01
4.24676e+02 1.18366e-01
4.25126e+02 1.17891e-01
4.25576e+02 1.17417e-01
4.26026e+02 1.16969e-01
4.26476e+02 1.16526e-01
4.26926e+02 1.16068e-01
4.27376e+02 1.15685e-01
4.27826e+02 1.15236e-01
4.28276e+02 1.14853e-01
4.28726e+02 1.14468e-01
4.29175e+02 1.14082e-01
4.29625e+02 1.13688e-01
4.30075e+02 1.13292e-01
4.30525e+02 1.12887e-01
4.30974e+02 1.12511e-01
4.31424e+02 1.12165e-01
4.31874e+02 1.11781e-01
4.32323e+02 1.11435e-01
4.32773e+02 1.11073e-01
4.33223e+02 1.10742e-01
4.33672e+02 1.10413e-01
4.34122e+02 1.10068e-01
4.34571e+02 1.09727e-01
4.35021e+02 1.09404e-01
4.35470e+02 1.09110e-01
4.35920e+02 1.08796e-01
4.36369e+02 1.08501e-01
4.36819e+02 1.08181e-01
4.37268e+02 1.07892e-01
4.37717e+02 1.07596e-01
4.38167e+02 1.07305e-01
4.38616e+02 1.07020e-01
4.39065e+02 1.06724e-01
4.39515e+02 1.06440e-01
4.39964e+02 1.06127e-01
4.40413e+02 1.05843e-01
4.40862e+02 1.05565e-01
4.41312e+02 1.05298e-01
4.41761e+02 1.05012e-01
4.42210e+02 1.04743e-01
4.42659e+02 1.04459e-01
4.43108e+02 1.04187e-01
4.43557e+02 1.03927e-01
4.44006e+02 1.03641e-01
4.44455e+02 1.03374e-01
4.44904e+02 1.03092e-01
4.45353e+02 1.02817e-01
4.45802e+02 1.02566e-01
4.46251e+02 1.02311e-01
4.46700e+02 1.02052e-01
4.47149e+02 1.01799e-01
4.47598e+02 1.01544e-01
4.48047e+02 1.01309e-01
4.48496e+02 1.01048e-01
4.48945e+02 1.00790e-01
4.49394e+02 1.00547e-01
4.49842e+02 1.00310e-01
4.50291e+02 1.00076e-01
4.50740e+02 9.98268e-02
4.51189e+02 9.96046e-02
4.51637e+02 9.93687e-02
4.52086e+02 9.91336e-02
4.52535e+02 9.89168e-02
4.52983e+02 9.86981e-02
4.53432e+02 9.84870e-02
4.53880e+02 9.82601e-02
4.54329e+02 9.80385e-02
4.54777e+02 9.78299e-02
4.55226e+02 9.76333e-02
4.55674e+02 9.74394e-02
4.56123e+02 9.72435e-02
4.56571e+02 9.70541e-02
4.57020e+02 9.68613e-02
4.57468e+02 9.66783e-02
4.57917e+02 9.64815e-02
4.58365e+02 9.63000e-02
4.58813e+02 9.61159e-02
4.59262e+02 9.59403e-02
4.59710e+02 9.57614e-02
4.60158e+02 9.55728e-02
4.60606e+02 9.53782e-02
4.61055e+02 9.51909e-02
4.61503e+02 9.50227e-02
4.61951e+02 9.48247e-02
4.62399e+02 9.46337e-02
4.62847e+02 9.44506e-02
4.63295e+02 9.42496e-02
4.63744e+02 9.40537e-02
4.64192e+02 9.38490e-02
4.64640e+02 9.36678e-02
4.65088e+02 9.34874e-02
4.65536e+02 9.32964e-02
4.65984e+02 9.30961e-02
4.66432e+02 9.29191e-02
4.66880e+02 9.27363e-02
4.67327e+02 9.25725e-02
4.67775e+02 9.23907e-02
4.68223e+02 9.22111e-02
4.68671e+02 9.20320e-02
4.69119e+02 9.18624e-02
4.69567e+02 9.16943e-02
4.70014e+02 9.15470e-02
4.70462e+02 9.13794e-02
4.70910e+02 9.12189e-02
4.71358e+02 9.10614e-02
4.71805e+02 9.09010e-02
4.72253e+02 9.07494e-02
4.72701e+02 9.06070e-02
4.73148e+02 9.04623e-02
4.73596e+02 9.03255e-02
4.74043e+02 9.02004e-02
4.74491e+02 9.00678e-02
4.74938e+02 8.99419e-02
4.75386e+02 8.98141e-02
4.75833e+02 8.96769e-02
4.76281e+02 8.95509e-02
4.76728e+02 8.94089e-02
4.77176e+02 8.92786e-02
4.77623e+02 8.91388e-02
4.78070e+02 8.89925e-02
4.78518e+02 8.88601e-02
4.78965e+02 8.87238e-02
4.79412e+02 8.85857e-02
4.79860e+02 8.84483e-02
4.80307e+02 8.83190e-02
4.80754e+02 8.81824e-02
4.81201e+02 8.80633e-02
4.81648e+02 8.79220e-02
4.82096e+02 8.77880e-02
4.82543e+02 8.76616e-02
4.82990e+02 8.75306e-02
4.83437e+02 8.73983e-02
4.83884e+02 8.72628e-02
4.84331e+02 8.71333e-02
4.84778e+02 8.70060e-02
4.85225e+02 8.68871e-02
4.85672e+02 8.67635e-02
4.86119e+02 8.66391e-02
4.86566e+02 8.65160e-02
4.87013e+02 8.63949e-02
4.87459e+02 8.62655e-02
4.87906e+02 8.61505e-02
4.88353e+02 8.60362e-02
4.88800e+02 8.59205e-02
4.89247e+02 8.57987e-02
4.89693e+02 8.56755e-02
4.90140e+02 8.55570e-02
4.90587e+02 8.54388e-02
4.91034e+02 8.53245e-02
4.91480e+02 8.52064e-02
4.91927e+02 8.50856e-02
4.92373e+02 8.49673e-02
4.92820e+02 8.48495e-02
4.93267e+02 8.47289e-02
4.93713e+02 8.46073e-02
4.94160e+02 8.44965e-02
4.94606e+02 8.43708e-02
4.95053e+02 8.42453e-02
4.95499e+02 8.41204e-02
4.95945e+02 8.39965e-02
4.96392e+02 8.38716e-02
4.96838e+02 8.37471e-02
4.97285e+02 8.36148e-02
4.97731e+02 8.34863e-02
4.98177e+02 8.33676e-02
4.98623e+02 8.32476e-02
4.99070e+02 8.31308e-02
4.99516e+02 8.30007e-02
4.99962e+02 8.28679e-02
5.00408e+02 8.27329e-02
5.00854e+02 8.25976e-02
5.01301e+02 8.24700e-02
5.01747e+02 8.23416e-02
5.02193e+02 8.22118e-02
5.02639e+02 8.20901e-02
5.03085e+02 8.19673e-02
5.03531e+02 8.18529e-02
5.03977e+02 8.17429e-02
5.04423e+02 8.16375e-02
5.04869e+02 8.15258e-02
5.05315e+02 8.14097e-02
5.05761e+02 8.12868e-02
5.06206e+02 8.11800e-02
5.06652e+02 8.10669e-02
5.07098e+02 8.09542e-02
5.07544e+02 8.08426e-02
5.07990e+02 8.07270e-02
5.08435e+02 8.06143e-02
5.08881e+02 8.05030e-02
5.09327e+02 8.03975e-02
5.09773e+02 8.02895e-02
5.10218e+02 8.01892e-02
5.10664e+02 8.00806e-02
5.11109e+02 7.99771e-02
5.11555e+02 7.98613e-02
5.12001e+02 7.97570e-02
5.12446e+02 7.96535e-02
5.12892e+02 7.95414e-02
5.13337e+02 7.94368e-02
5.13783e+02 7.93276e-02
5.14228e+02 7.92247e-02
5.14673e+02 7.91051e-02
5.15119e+02 7.89864e-02
5.15564e+02 7.88765e-02
5.16009e+02 7.87582e-02
5.16455e+02 7.86424e-02
5.16900e+02 7.85290e-02
5.17345e+02 7.84151e-02
5.17791e+02 7.83084e-02
5.18236e+02 7.82103e-02
5.18681e+02 7.81002e-02
5.19126e+02 7.79909e-02
5.19571e+02 7.78883e-02
5.20016e+02 7.77914e-02
5.20461e+02 7.76925e-02
5.20907e+02 7.75985e-02
5.21352e+02 7.75062e-02
5.21797e+02 7.74153e-02
5.22242e+02 7.73307e-02
5.22687e+02 7.72415e-02
5.23131e+02 7.71530e-02
5.23576e+02 7.70552e-02
5.24021e+02 7.69644e-02
5.24466e+02 7.68810e-02
5.24911e+02 7.67991e-02
5.25356e+02 7.67154e-02
5.25801e+02 7.66388e-02
5.26245e+02 7.65587e-02
5.26690e+02 7.64871e-02
5.27135e+02 7.64115e-02
5.27580e+02 7.63423e-02
5.28024e+02 7.62775e-02
5.28469e+02 7.62025e-02
5.28914e+02 7.61214e-02
5.29358e+02 7.60444e-02
5.29803e+02 7.59695e-02
5.30247e+02 7.58993e-02
5.30692e+02 7.58224e-02
5.31136e+02 7.57489e-02
5.31581e+02 7.56765e-02
5.32025e+02 7.56068e-02
5.32470e+02 7.55382e-02
5.32914e+02 7.54717e-02
5.33358e+02 7.54108e-02
5.33803e+02 7.53485e-02
5.34247e+02 7.52893e-02
5.34691e+02 7.52249e-02
5.35136e+02 7.51564e-02
5.35580e+02 7.50935e-02
5.36024e+02 7.50412e-02
5.36468e+02 7.49888e-02
5.36912e+02 7.49334e-02
5.37357e+02 7.48788e-02
5.37801e+02 7.48222e-02
5.38245e+02 7.47685e-02
5.38689e+02 7.47074e-02
5.39133e+02 7.46606e-02
5.39577e+02 7.46187e-02
5.40021e+02 7.45694e-02
5.40465e+02 7.45256e-02
5.40909e+02 7.44815e-02
5.41353e+02 7.44417e-02
5.41797e+02 7.44025e-02
5.42241e+02 7.43657e-02
5.42684e+02 7.43241e-02
5.43128e+02 7.42912e-02
5.43572e+02 7.42599e-02
5.44016e+02 7.42321e-02
5.44460e+02 7.41949e-02
5.44903e+02 7.41665e-02
5.45347e+02 7.41273e-02
5.45791e+02 7.40902e-02
5.46234e+02 7.40538e-02
5.46678e+02 7.40167e-02
5.47121e+02 7.39804e-02
5.47565e+02 7.39455e-02
5.48009e+02 7.39162e-02
5.48452e+02 7.38874e-02
5.48896e+02 7.38538e-02
5.49339e+02 7.38131e-02
5.49783e+02 7.37814e-02
5.50226e+02 7.37438e-02
5.50669e+02 7.37087e-02
5.51113e+02 7.36737e-02
5.51556e+02 7.36443e-02
5.51999e+02 7.36176e-02
5.52443e+02 7.35800e-02
5.52886e+02 7.35439e-02
5.53329e+02 7.35077e-02
5.53772e+02 7.34717e-02
5.54216e+02 7.34382e-02
5.54659e+02 7.34069e-02
5.55102e+02 7.33766e-02
5.55545e+02 7.33496e-02
5.55988e+02 7.33258e-02
5.56431e+02 7.33006e-02
5.56874e+02 7.32799e-02
5.57317e+02 7.32616e-02
5.57760e+02 7.32380e-02
5.58203e+02 7.32183e-02
5.58646e+02 7.31903e-02
5.59089e+02 7.31633e-02
5.59532e+02 7.31417e-02
5.59975e+02 7.31253e-02
5.60417e+02 7.31066e-02
5.60860e+02 7.30782e-02
5.61303e+02 7.30491e-02
5.61746e+02 7.30234e-02
5.62188e+02 7.29905e-02
5.62631e+02 7.29590e-02
5.63074e+02 7.29375e-02
5.63516e+02 7.29096e-02
5.63959e+02 7.28774e-02
5.64402e+02 7.28407e-02
5.64844e+02 7.28060e-02
5.65287e+02 7.27736e-02
5.65729e+02 7.27438e-02
5.66172e+02 7.27144e-02
5.66614e+02 7.26807e-02
5.67057e+02 7.26528e-02
5.67499e+02 7.26211e-02
5.67942e+02 7.25903e-02
5.68384e+02 7.25579e-02
5.68826e+02 7.25308e-02
5.69268e+02 7.24970e-02
5.69711e+02 7.24693e-02
5.70153e+02 7.24474e-02
5.70595e+02 7.24309e-02
5.71037e+02 7.24168e-02
5.71480e+02 7.24118e-02
5.71922e+02 7.24014e-02
5.72364e+02 7.23919e-02
5.72806e+02 7.23809e-02
5.73248e+02 7.23717e-02
5.73690e+02 7.23677e-02
5.74132e+02 7.23616e-02
5.74574e+02 7.23541e-02
5.75016e+02 7.23539e-02
5.75458e+02 7.23528e-02
5.75900e+02 7.23571e-02
5.76342e+02 7.23554e-02
5.76784e+02 7.23529e-02
5.77226e+02 7.23531e-02
5.77667e+02 7.23584e-02
5.78109e+02 7.23589e-02
5.78551e+02 7.23642e-02
5.78993e+02 7.23681e-02
5.79434e+02 7.23730e-02
5.79876e+02 7.23774e-02
5.80318e+02 7.23833e-02
5.80759e+02 7.23908e-02
5.81201e+02 7.23900e-02
5.81642e+02 7.23893e-02
5.82084e+02 7.23876e-02
5.82525e+02 7.23860e-02
5.82967e+02 7.23806e-02
5.83408e+02 7.23702e-02
5.83850e+02 7.23656e-02
5.84291e+02 7.23542e-02
5.84733e+02 7.23387e-02
5.85174e+02 7.23216e-02
5.85615e+02 7.23034e-02
5.86057e+02 7.22796e-02
5.86498e+02 7.22632e-02
5.86939e+02 7.22447e-02
5.87380e+02 7.22200e-02
5.87822e+02 7.21905e-02
5.88263e+02 7.21605e-02
5.88704e+02 7.21368e-02
5.89145e+02 7.21074e-02
5.89586e+02 7.20781e-02
5.90027e+02 7.20491e-02
5.90468e+02 7.20135e-02
5.90909e+02 7.19759e-02
5.91350e+02 7.19360e-02
5.91791e+02 7.18967e-02
5.92232e+02 7.18587e-02
5.92673e+02 7.18207e-02
5.93114e+02 7.17833e-02
5.93555e+02 7.17468e-02
5.93996e+02 7.17148e-02
5.94436e+02 7.16807e-02
5.94877e+02 7.16454e-02
5.95318e+02 7.16156e-02
5.95759e+02 7.15778e-02
5.96199e+02 7.15432e-02
5.96640e+02 7.15131e-02
5.97081e+02 7.14819e-02
5.97521e+02 7.14546e-02
5.97962e+02 7.14250e-02
5.98402e+02 7.13962e-02
5.98843e+02 7.13696e-02
5.99283e+02 7.13427e-02
5.99724e+02 7.13200e-02
6.00164e+02 7.13022e-02
6.00605e+02 7.12793e-02
6.01045e+02 7.12606e-02
6.01485e+02 7.12420e-02
6.01926e+02 7.12244e-02
6.02366e+02 7.12091e-02
6.02806e+02 7.12002e-02
6.03247e+02 7.11892e-02
6.03687e+02 7.11752e-02
6.04127e+02 7.11621e-02
6.04567e+02 7.11475e-02
6.05007e+02 7.11343e-02
6.05447e+02 7.11280e-02
6.05888e+02 7.11230e-02
6.06328e+02 7.11189e-02
6.06768e+02 7.11047e-02
6.07208e+02 7.10933e-02
6.07648e+02 7.10840e-02
6.08088e+02 7.10719e-02
6.08527e+02 7.10631e-02
6.08967e+02 7.10474e-02
6.09407e+02 7.10389e-02
6.09847e+02 7.10275e-02
6.10287e+02 7.10191e-02
6.10727e+02 7.10090e-02
6.11166e+02 7.09973e-02
6.11606e+02 7.09846e-02
6.12046e+02 7.09774e-02
6.12486e+02 7.09722e-02
6.12925e+02 7.09612e-02
6.13365e+02 7.09514e-02
6.13804e+02 7.09415e-02
6.14244e+02 7.09298e-02
6.14684e+02 7.09134e-02
6.15123e+02 7.09014e-02
6.15563e+02 7.08931e-02
6.16002e+02 7.08851e-02
6.16441e+02 7.08809e-02
6.16881e+02 7.08787e-02
6.17320e+02 7.08757e-02
6.17760e+02 7.08717e-02
6.18199e+02 7.08683e-02
6.18638e+02 7.08632e-02
6.19077e+02 7.08574e-02
6.19517e+02 7.08510e-02
6.19956e+02 7.08442e-02
6.20395e+02 7.08415e-02
6.20834e+02 7.08408e-02
6.21273e+02 7.08431e-02
6.21712e+02 7.08410e-02
6.22152e+02 7.08416e-02
6.22591e+02 7.08408e-02
6.23030e+02 7.08423e-02
6.23469e+02 7.08486e-02
6.23908e+02 7.08549e-02
6.24346e+02 7.08522e-02
6.24785e+02 7.08594e-02
6.25224e+02 7.08678e-02
6.25663e+02 7.08787e-02
6.26102e+02 7.08880e-02
6.26541e+02 7.08994e-02
6.26979e+02 7.09056e-02
6.27418e+02 7.09091e-02
6.27857e+02 7.09156e-02
6.28296e+02 7.09224e-02
6.28734e+02 7.09323e-02
6.29173e+02 7.09400e-02
6.29611e+02 7.09485e-02
6.30050e+02 7.09535e-02
6.30489e+02 7.09600e-02
6.30927e+02 7.09641e-02
6.31366e+02 7.09683e-02
6.31804e+02 7.09704e-02
6.32242e+02 7.09765e-02
6.32681e+02 7.09799e-02
6.33119e+02 7.09884e-02
6.33558e+02 7.09962e-02
6.33996e+02 7.10078e-02
6.34434e+02 7.10193e-02
6.34872e+02 7.10306e-02
6.35311e+02 7.10448e-02
6.35749e+02 7.10655e-02
6.36187e+02 7.10864e-02
6.36625e+02 7.11114e-02
6.37063e+02 7.11377e-02
6.37501e+02 7.11675e-02
6.37939e+02 7.11994e-02
6.38377e+02 7.12276e-02
6.38815e+02 7.12615e-02
6.39253e+02 7.12962e-02
6.39691e+02 7.13282e-02
6.40129e+02 7.13636e-02
6.40567e+02 7.13968e-02
6.41005e+02 7.14295e-02
6.41443e+02 7.14608e-02
6.41881e+02 7.14866e-02
6.42318e+02 7.15066e-02
6.42756e+02 7.15237e-02
6.43194e+02 7.15422e-02
6.43632e+02 7.15536e-02
6.44069e+02 7.15686e-02
6.44507e+02 7.15779e-02
6.44945e+02 7.15855e-02
6.45382e+02 7.15920e-02
6.45820e+02 7.15908e-02
6.46257e+02 7.15887e-02
6.46695e+02 7.15807e-02
6.47132e+02 7.15780e-02
6.47570e+02 7.15698e-02
6.48007e+02 7.15598e-02
6.48444e+02 7.15567e-02
6.48882e+02 7.15509e-02
6.49319e+02 7.15432e-02
6.49756e+02 7.15288e-02
6.50194e+02 7.15188e-02
6.50631e+02 7.15133e-02
6.51068e+02 7.15064e-02
6.51505e+02 7.15038e-02
6.51942e+02 7.14984e-02
6.52379e+02 7.14971e-02
6.52817e+02 7.14979e-02
6.53254e+02 7.15060e-02
6.53691e+02 7.15172e-02
6.54128e+02 7.15289e-02
6.54565e+02 7.15396e-02
6.55002e+02 7.15527e-02
6.55438e+02 7.15694e-02
6.55875e+02 7.15867e-02
6.56312e+02 7.16003e-02
6.56749e+02 7.16141e-02
6.57186e+02 7.16263e-02
6.57623e+02 7.16390e-02
6.58059e+02 7.16535e-02
6.58496e+02 7.16713e-02
6.58933e+02 7.16875e-02
6.59369e+02 7.17093e-02
6.59806e+02 7.17346e-02
6.60243e+02 7.17663e-02
6.60679e+02 7.17979e-02
6.61116e+02 7.18304e-02
6.61552e+02 7.18637e-02
6.61989e+02 7.18931e-02
6.62425e+02 7.19248e-02
6.62862e+02 7.19574e-02
6.63298e+02 7.19883e-02
6.63734e+02 7.20217e-02
6.64171e+02 7.20536e-02
6.64607e+02 7.20869e-02
6.65043e+02 7.21165e-02
6.65479e+02 7.21452e-02
6.65916e+02 7.21749e-02
6.66352e+02 7.22034e-02
6.66788e+02 7.22319e-02
6.67224e+02 7.22548e-02
6.67660e+02 7.22806e-02
6.68096e+02 7.23069e-02
6.68532e+02 7.23395e-02
6.68968e+02 7.23655e-02
6.69404e+02 7.23859e-02
6.69840e+02 7.24108e-02
6.70276e+02 7.24324e-02
6.70712e+02 7.24620e-02
6.71148e+02 7.24893e-02
6.71584e+02 7.25155e-02
6.72020e+02 7.25431e-02
6.72455e+02 7.25708e-02
6.72891e+02 7.25931e-02
6.73327e+02 7.26167e-02
6.73763e+02 7.26476e-02
6.74198e+02 7.26827e-02
6.74634e+02 7.27181e-02
6.75069e+02 7.27520e-02
6.75505e+02 7.27869e-02
6.75941e+02 7.28277e-02
6.76376e+02 7.28691e-02
6.76812e+02 7.29099e-02
6.77247e+02 7.29529e-02
6.77682e+02 7.29931e-02
6.78118e+02 7.30380e-02
6.78553e+02 7.30807e-02
6.78989e+02 7.31258e-02
6.79424e+02 7.31636e-02
6.79859e+02 7.32039e-02
6.80294e+02 7.32388e-02
6.80730e+02 7.32776e-02
6.81165e+02 7.33164e-02
6.81600e+02 7.33565e-02
6.82035e+02 7.33943e-02
6.82470e+02 7.34330e-02
6.82905e+02 7.34702e-02
6.83340e+02 7.35053e-02
6.83775e+02 7.35394e-02
6.84210e+02 7.35675e-02
6.84645e+02 7.35930e-02
6.85080e+02 7.36201e-02
6.85515e+02 7.36400e-02
6.85950e+02 7.36604e-02
6.86385e+02 7.36853e-02
6.86819e+02 7.37065e-02
6.87254e+02 7.37258e-02
6.87689e+02 7.37413e-02
6.88124e+02 7.37570e-02
6.88558e+02 7.37723e-02
6.88993e+02 7.37879e-02
6.89428e+02 7.37976e-02
6.89862e+02 7.38091e-02
6.90297e+02 7.38204e-02
6.90731e+02 7.38273e-02
6.91166e+02 7.38428e-02
6.91600e+02 7.38570e-02
6.92035e+02 7.38648e-02
6.92469e+02 7.38675e-02
6.92903e+02 7.38754e-02
6.93338e+02 7.38867e-02
6.93772e+02 7.38971e-02
6.94206e+02 7.39079e-02
6.94641e+02 7.39214e-02
6.95075e+02 7.39313e-02
6.95509e+02 7.39432e-02
6.95943e+02 7.39551e-02
6.96377e+02 7.39612e-02
6.96811e+02 7.39750e-02
6.97245e+02 7.39945e-02
6.97679e+02 7.40201e-02
6.98114e+02 7.40457e-02
6.98547e+02 7.40710e-02
6.98981e+02 7.40986e-02
6.99415e+02 7.41277e-02
6.99849e+02 7.41558e-02
7.00283e+02 7.41834e-02
7.00717e+02 7.42126e-02
7.01151e+02 7.42457e-02
7.01585e+02 7.42812e-02
7.02018e+02 7.43163e-02
7.02452e+02 7.43513e-02
7.02886e+02 7.43863e-02
7.03319e+02 7.44247e-02
7.03753e+02 7.44620e-02
7.04186e+02 7.45047e-02
7.04620e+02 7.45441e-02
7.05054e+02 7.45809e-02
7.05487e+02 7.46107e-02
7.05921e+02 7.46358e-02
7.06354e+02 7.46520e-02
7.06787e+02 7.46695e-02
7.07221e+02 7.46912e-02
7.07654e+02 7.47186e-02
7.08087e+02 7.47514e-02
7.08521e+02 7.47976e-02
7.08954e+02 7.48414e-02
7.09387e+02 7.48839e-02
7.09820e+02 7.49284e-02
7.10253e+02 7.49721e-02
7.10687e+02 7.50199e-02
7.11120e+02 7.50692e-02
7.11553e+02 7.51246e-02
7.11986e+02 7.51813e-02
7.12419e+02 7.52382e-02
7.12852e+02 7.53012e-02
7.13285e+02 7.53716e-02
7.13718e+02 7.54407e-02
7.14151e+02 7.55123e-02
7.14583e+02 7.55948e-02
7.15016e+02 7.56703e-02
7.15449e+02 7.57468e-02
7.15882e+02 7.58293e-02
7.16314e+02 7.59116e-02
7.16747e+02 7.59955e-02
7.17180e+02 7.60762e-02
7.17612e+02 7.61549e-02
7.18045e+02 7.62311e-02
7.18478e+02 7.62964e-02
7.18910e+02 7.63613e-02
7.19343e+02 7.64181e-02
7.19775e+02 7.64720e-02
7.20208e+02 7.65289e-02
7.20640e+02 7.65828e-02
7.21072e+02 7.66327e-02
7.21505e+02 7.66727e-02
7.21937e+02 7.67044e-02
7.22369e+02 7.67284e-02
7.22802e+02 7.67465e-02
7.23234e+02 7.67541e-02
7.23666e+02 7.67577e-02
7.24098e+02 7.67567e-02
7.24530e+02 7.67568e-02
7.24962e+02 7.67548e-02
7.25395e+02 7.67541e-02
7.25827e+02 7.67496e-02
7.26259e+02 7.67516e-02
7.26691e+02 7.67563e-02
7.27123e+02 7.67598e-02
7.27554e+02 7.67585e-02
7.27986e+02 7.67537e-02
7.28418e+02 7.67407e-02
7.28850e+02 7.67181e-02
7.29282e+02 7.66983e-02
7.29714e+02 7.66812e-02
7.30145e+02 7.66700e-02
7.30577e+02 7.66625e-02
7.31009e+02 7.66647e-02
7.31440e+02 7.66731e-02
7.31872e+02 7.66843e-02
7.32303e+02 7.66846e-02
7.32735e+02 7.66834e-02
7.33166e+02 7.66833e-02
7.33598e+02 7.66904e-02
7.34029e+02 7.66950e-02
7.34461e+02 7.67041e-02
7.34892e+02 7.67135e-02
7.35324e+02 7.67220e-02
7.35755e+02 7.67343e-02
7.36186e+02 7.67545e-02
7.36617e+02 7.67722e-02
7.37049e+02 7.67907e-02
7.37480e+02 7.68080e-02
7.37911e+02 7.68252e-02
7.38342e+02 7.68360e-02
7.38773e+02 7.68506e-02
7.39204e+02 7.68682e-02
7.39635e+02 7.68859e-02
7.40066e+02 7.69119e-02
7.40497e+02 7.69377e-02
7.40928e+02 7.69660e-02
7.41359e+02 7.69886e-02
7.41790e+02 7.70129e-02
7.42221e+02 7.70406e-02
7.42652e+02 7.70681e-02
7.43082e+02 7.70976e-02
7.43513e+02 7.71318e-02
7.43944e+02 7.71685e-02
7.44375e+02 7.72082e-02
7.44805e+02 7.72468e-02
7.45236e+02 7.72896e-02
7.45666e+02 7.73343e-02
7.46097e+02 7.73765e-02
7.46528e+02 7.74179e-02
7.46958e+02 7.74597e-02
7.47389e+02 7.74973e-02
7.47819e+02 7.75345e-02
7.48249e+02 7.75771e-02
7.48680e+02 7.76198e-02
7.49110e+02 7.76634e-02
7.49540e+02 7.77149e-02
7.49971e+02 7.77710e-02
7.50401e+02 7.78259e-02
7.50831e+02 7.78856e-02
7.51261e+02 7.79490e-02
7.51691e+02 7.80092e-02
7.52121e+02 7.80708e-02
7.52552e+02 7.81321e-02
7.52982e+02 7.81892e-02
7.53412e+02 7.82492e-02
7.53842e+02 7.83110e-02
7.54272e+02 7.83750e-02
7.54701e+02 7.84438e-02
7.55131e+02 7.85101e-02
7.55561e+02 7.85835e-02
7.55991e+02 7.86624e-02
7.56421e+02 7.87445e-02
7.56851e+02 7.88295e-02
7.57280e+02 7.89151e-02
7.57710e+02 7.90038e-02
7.58140e+02 7.90902e-02
7.58569e+02 7.91760e-02
7.58999e+02 7.92644e-02
7.59428e+02 7.93518e-02
7.59858e+02 7.94377e-02
7.60287e+02 7.95245e-02
7.60717e+02 7.96164e-02
7.61146e+02 7.97096e-02
7.61576e+02 7.98053e-02
7.62005e+02 7.99071e-02
7.62434e+02 8.00127e-02
7.62864e+02 8.01191e-02
7.63293e+02 8.02298e-02
7.63722e+02 8.03339e-02
7.64151e+02 8.04377e-02
7.64581e+02 8.05377e-02
7.65010e+02 8.06363e-02
7.65439e+02 8.07334e-02
7.65868e+02 8.08316e-02
7.66297e+02 8.09292e-02
7.66726e+02 8.10352e-02
7.67155e+02 8.11444e-02
7.67584e+02 8.12540e-02
7.68013e+02 8.13634e-02
7.68442e+02 8.14754e-02
7.68871e+02 8.15830e-02
7.69299e+02 8.16793e-02
7.69728e+02 8.17668e-02
7.70157e+02 8.18479e-02
7.70586e+02 8.19250e-02
7.71014e+02 8.20022e-02
7.71443e+02 8.20785e-02
7.71872e+02 8.21573e-02
7.72300e+02 8.22376e-02
7.72729e+02 8.23185e-02
7.73157e+02 8.24016e-02
7.73586e+02 8.24839e-02
7.74014e+02 8.25683e-02
7.74443e+02 8.26506e-02
7.74871e+02 8.27213e-02
7.75299e+02 8.27906e-02
7.75728e+02 8.28543e-02
7.76156e+02 8.29171e-02
7.76584e+02 8.29834e-02
7.77012e+02 8.30518e-02
7.77441e+02 8.31312e-02
7.77869e+02 8.32192e-02
7.78297e+02 8.33149e-02
7.78725e+02 8.34178e-02
7.79153e+02 8.35281e-02
7.79581e+02 8.36345e-02
7.80009e+02 8.37403e-02
7.80437e+02 8.38414e-02
7.80865e+02 8.39349e-02
7.81293e+02 8.40336e-02
7.81721e+02 8.41323e-02
7.82149e+02 8.42390e-02
7.82576e+02 8.43470e-02
7.83004e+02 8.44654e-02
7.83432e+02 8.45917e-02
7.83860e+02 8.47265e-02
7.84287e+02 8.48593e-02
7.84715e+02 8.50019e-02
7.85142e+02 8.51475e-02
7.85570e+02 8.52852e-02
7.85997e+02 8.54247e-02
7.86425e+02 8.55608e-02
7.86852e+02 8.56871e-02
7.87280e+02 8.58150e-02
7.87707e+02 8.59446e-02
7.88135e+02 8.60719e-02
7.88562e+02 8.62092e-02
7.88989e+02 8.63510e-02
7.89416e+02 8.64970e-02
7.89844e+02 8.66487e-02
7.90271e+02 8.68052e-02
7.90698e+02 8.69668e-02
7.91125e+02 8.71293e-02
7.91552e+02 8.72924e-02
7.91979e+02 8.74485e-02
7.92406e+02 8.75972e-02
7.92833e+02 8.77528e-02
7.93260e+02 8.79133e-02
7.93687e+02 8.80780e-02
7.94114e+02 8.82468e-02
7.94541e+02 8.84197e-02
7.94968e+02 8.86007e-02
7.95395e+02 8.87723e-02
7.95821e+02 8.89452e-02
7.96248e+02 8.91132e-02
7.96675e+02 8.92823e-02
7.97101e+02 8.94479e-02
7.97528e+02 8.96170e-02
7.97955e+02 8.97764e-02
7.98381e+02 8.99378e-02
7.98808e+02 9.00990e-02
7.99234e+02 9.02510e-02
7.99661e+02 9.04066e-02
8.00087e+02 9.05700e-02
8.00514e+02 9.07369e-02
8.00940e+02 9.09017e-02
8.01366e+02 9.10736e-02
8.01793e+02 9.12462e-02
8.02219e+02 9.14264e-02
8.02645e+02 9.15986e-02
8.03071e+02 9.17632e-02
8.03497e+02 9.19213e-02
8.03923e+02 9.20753e-02
8.04350e+02 9.22378e-02
8.04776e+02 9.24012e-02
8.05202e+02 9.25742e-02
8.05628e+02 9.27390e-02
8.06054e+02 9.29107e-02
8.06479e+02 9.30801e-02
8.06905e+02 9.32558e-02
8.07331e+02 9.34410e-02
8.07757e+02 9.36341e-02
8.08183e+02 9.38280e-02
8.08608e+02 9.40171e-02
8.09034e+02 9.42105e-02
8.09460e+02 9.43943e-02
8.09886e+02 9.45764e-02
8.10311e+02 9.47577e-02
8.10737e+02 9.49411e-02
8.11162e+02 9.51182e-02
8.11588e+02 9.52970e-02
8.12013e+02 9.54668e-02
8.12439e+02 9.56378e-02
8.12864e+02 9.58131e-02
8.13289e+02 9.59921e-02
8.13715e+02 9.61753e-02
8.14140e+02 9.63559e-02
8.14565e+02 9.65318e-02
8.14991e+02 9.67042e-02
8.15416e+02 9.68764e-02
8.15841e+02 9.70543e-02
8.16266e+02 9.72341e-02
8.16691e+02 9.74137e-02
8.17116e+02 9.75911e-02
8.17541e+02 9.77654e-02
8.17966e+02 9.79400e-02
8.18391e+02 9.81056e-02
8.18816e+02 9.82761e-02
8.19241e+02 9.84448e-02
8.19666e+02 9.86231e-02
8.20091e+02 9.88065e-02
8.20516e+02 9.89940e-02
8.20940e+02 9.91745e-02
8.21365e+02 9.93582e-02
8.21790e+02 9.95395e-02
8.22214e+02 9.97117e-02
8.22639e+02 9.98872e-02
8.23064e+02 1.00067e-01
8.23488e+02 1.00241e-01
8.23913e+02 1.00420e-01
8.24337e+02 1.00600e-01
8.24761e+02 1.00787e-01
8.25186e+02 1.00978e-01
8.25610e+02 1.01163e-01
8.26035e+02 1.01342e-01
8.26459e+02 1.01531e-01
8.26883e+02 1.01719e-01
8.27307e+02 1.01912e-01
8.27732e+02 1.02104e-01
8.28156e+02 1.02295e-01
8.28580e+02 1.02476e-01
8.29004e+02 1.02658e-01
8.29428e+02 1.02832e-01
8.29852e+02 1.03014e-01
8.30276e+02 1.03193e-01
8.30700e+02 1.03368e-01
8.31124e+02 1.03541e-01
8.31548e+02 1.03711e-01
8.31972e+02 1.03881e-01
8.32396e+02 1.04051e-01
8.32819e+02 1.04220e-01
8.33243e+02 1.04388e-01
8.33667e+02 1.04552e-01
8.34090e+02 1.04707e-01
8.34514e+02 1.04857e-01
8.34938e+02 1.05000e-01
8.35361e+02 1.05148e-01
8.35785e+02 1.05297e-01
8.36208e+02 1.05448e-01
8.36632e+02 1.05598e-01
8.37055e+02 1.05745e-01
8.37479e+02 1.05894e-01
8.37902e+02 1.06041e-01
8.38325e+02 1.06184e-01
8.38749e+02 1.06335e-01
8.39172e+02 1.06487e-01
8.39595e+02 1.06632e-01
8.40018e+02 1.06775e-01
8.40441e+02 1.06911e-01
8.40865e+02 1.07056e-01
8.41288e+02 1.07197e-01
8.41711e+02 1.07353e-01
8.42134e+02 1.07511e-01
8.42557e+02 1.07666e-01
8.42980e+02 1.07816e-01
8.43403e+02 1.07959e-01
8.43825e+02 1.08099e-01
8.44248e+02 1.08238e-01
8.44671e+02 1.08374e-01
8.45094e+02 1.08503e-01
8.45517e+02 1.08629e-01
8.45939e+02 1.08749e-01
8.46362e+02 1.08858e-01
8.46785e+02 1.08967e-01
8.47207e+02 1.09075e-01
8.47630e+02 1.09186e-01
8.48052e+02 1.09296e-01
8.48475e+02 1.09414e-01
8.48897e+02 1.09544e-01
8.49320e+02 1.09675e-01
8.49742e+02 1.09802e-01
8.50164e+02 1.09924e-01
8.50587e+02 1.10056e-01
8.51009e+02 1.10190e-01
8.51431e+02 1.10321e-01
8.51853e+02 1.10447e-01
8.52275e+02 1.10565e-01
8.52698e+02 1.10690e-01
8.53120e+02 1.10814e-01
8.53542e+02 1.10935e-01
8.53964e+02 1.11061e-01
8.54386e+02 1.11189e-01
8.54808e+02 1.11323e-01
8.55230e+02 1.11465e-01
8.55652e+02 1.11616e-01
8.56073e+02 1.11769e-01
8.56495e+02 1.11915e-01
8.56917e+02 1.12060e-01
8.57339e+02 1.12195e-01
8.57760e+02 1.12332e-01
8.58182e+02 1.12467e-01
8.58604e+02 1.12600e-01
8.59025e+02 1.12730e-01
8.59447e+02 1.12861e-01
8.59868e+02 1.12994e-01
8.60290e+02 1.13128e-01
8.60711e+02 1.13252e-01
8.61133e+02 1.13379e-01
8.61554e+02 1.13509e-01
8.61975e+02 1.13634e-01
8.62397e+02 1.13749e-01
8.62818e+02 1.13858e-01
8.63239e+02 1.13964e-01
8.63660e+02 1.14086e-01
8.64082e+02 1.14205e-01
8.64503e+02 1.14342e-01
8.64924e+02 1.14469e-01
8.65345e+02 1.14601e-01
8.65766e+02 1.14738e-01
8.66187e+02 1.14893e-01
8.66608e+02 1.15074e-01
8.67029e+02 1.15269e-01
8.67450e+02 1.15478e-01
8.67871e+02 1.15688e-01
8.68291e+02 1.15901e-01
8.68712e+02 1.16123e-01
8.69133e+02 1.16354e-01
8.69554e+02 1.16592e-01
8.69974e+02 1.16837e-01
8.70395e+02 1.17087e-01
8.70815e+02 1.17348e-01
8.71236e+02 1.17615e-01
8.71657e+02 1.17886e-01
8.72077e+02 1.18149e-01
8.72497e+02 1.18399e-01
8.72918e+02 1.18649e-01
8.73338e+02 1.18897e-01
8.73759e+02 1.19132e-01
8.74179e+02 1.19344e-01
8.74599e+02 1.19539e-01
8.75019e+02 1.19716e-01
8.75440e+02 1.19887e-01
8.75860e+02 1.20038e-01
8.76280e+02 1.20171e-01
8.76700e+02 1.20293e-01
8.77120e+02 1.20394e-01
8.77540e+02 1.20500e-01
8.77960e+02 1.20601e-01
8.78380e+02 1.20698e-01
8.78800e+02 1.20782e-01
8.79220e+02 1.20864e-01
8.79639e+02 1.20935e-01
8.80059e+02 1.21004e-01
8.80479e+02 1.21074e-01
8.80899e+02 1.21151e-01
8.81318e+02 1.21233e-01
8.81738e+02 1.21326e-01
8.82158e+02 1.21427e-01
8.82577e+02 1.21527e-01
8.82997e+02 1.21633e-01
8.83416e+02 1.21747e-01
8.83836e+02 1.21860e-01
8.84255e+02 1.21970e-01
8.84675e+02 1.22076e-01
8.85094e+02 1.22175e-01
8.85513e+02 1.22282e-01
8.85933e+02 1.22397e-01
8.86352e+02 1.22517e-01
8.86771e+02 1.22636e-01
8.87190e+02 1.22761e-01
8.87609e+02 1.22882e-01
8.88028e+02 1.23015e-01
8.88447e+02 1.23149e-01
8.88866e+02 1.23305e-01
8.89285e+02 1.23471e-01
8.89704e+02 1.23634e-01
8.90123e+02 1.23790e-01
8.90542e+02 1.23942e-01
8.90961e+02 1.24083e-01
8.91380e+02 1.24226e-01
8.91799e+02 1.24367e-01
8.92217e+02 1.24502e-01
8.92636e+02 1.24650e-01
8.93055e+02 1.24799e-01
8.93473e+02 1.24952e-01
8.93892e+02 1.25120e-01
8.94310e+02 1.25307e-01
8.94729e+02 1.25501e-01
8.95147e+02 1.25710e-01
8.95566e+02 1.25925e-01
8.95984e+02 1.26145e-01
8.96403e+02 1.26360e-01
8.96821e+02 1.26571e-01
8.97239e+02 1.26780e-01
8.97658e+02 1.26989e-01
8.98076e+02 1.27199e-01
8.98494e+02 1.27395e-01
8.98912e+02 1.27592e-01
8.99330e+02 1.27780e-01
8.99748e+02 1.27958e-01
9.00166e+02 1.28145e-01
9.00584e+02 1.28333e-01
9.01002e+02 1.28522e-01
9.01420e+02 1.28713e-01
9.01838e+02 1.28914e-01
9.02256e+02 1.29119e-01
9.02674e+02 1.29345e-01
9.03091e+02 1.29581e-01
9.03509e+02 1.29829e-01
9.03927e+02 1.30071e-01
9.04344e+02 1.30308e-01
9.04762e+02 1.30542e-01
9.05180e+02 1.30777e-01
9.05597e+02 1.31006e-01
9.06015e+02 1.31226e-01
9.06432e+02 1.31436e-01
9.06850e+02 1.31649e-01
9.07267e+02 1.31855e-01
9.07684e+02 1.32054e-01
9.08102e+02 1.32257e-01
9.08519e+02 1.32463e-01
9.08936e+02 1.32668e-01
9.09353e+02 1.32886e-01
9.09771e+02 1.33116e-01
9.10188e+02 1.33365e-01
9.10605e+02 1.33622e-01
9.11022e+02 1.33889e-01
9.11439e+02 1.34178e-01
9.11856e+02 1.34470e-01
9.12273e+02 1.34765e-01
9.12690e+02 1.35057e-01
9.13107e+02 1.35341e-01
9.13523e+02 1.35603e-01
9.13940e+02 1.35869e-01
9.14357e+02 1.36137e-01
9.14774e+02 1.36400e-01
9.15190e+02 1.36669e-01
9.15607e+02 1.36940e-01
9.16024e+02 1.37221e-01
9.16440e+02 1.37518e-01
9.16857e+02 1.37830e-01
9.17273e+02 1.38162e-01
9.17690e+02 1.38511e-01
9.18106e+02 1.38863e-01
9.18522e+02 1.39231e-01
9.18939e+02 1.39609e-01
9.19355e+02 1.40018e-01
9.19771e+02 1.40437e-01
9.20188e+02 1.40869e-01
9.20604e+02 1.41305e-01
9.21020e+02 1.41744e-01
9.21436e+02 1.42180e-01
9.21852e+02 1.42614e-01
9.22268e+02 1.43044e-01
9.22684e+02 1.43471e-01
9.23100e+02 1.43911e-01
9.23516e+02 1.44355e-01
9.23932e+02 1.44812e-01
9.24348e+02 1.45274e-01
9.24764e+02 1.45749e-01
9.25179e+02 1.46237e-01
9.25595e+02 1.46729e-01
9.26011e+02 1.47220e-01
9.26427e+02 1.47731e-01
9.26842e+02 1.48263e-01
9.27258e+02 1.48828e-01
9.27673e+02 1.49422e-01
9.28089e+02 1.50040e-01
9.28504e+02 1.50691e-01
9.28920e+02 1.51387e-01
9.29335e+02 1.52121e-01
9.29750e+02 1.52890e-01
9.30166e+02 1.53697e-01
9.30581e+02 1.54562e-01
9.30996e+02 1.55507e-01
9.31411e+02 1.56538e-01
9.31827e+02 1.57672e-01
9.32242e+02 1.58892e-01
9.32657e+02 1.60227e-01
9.33072e+02 1.61667e-01
9.33487e+02 1.63226e-01
9.33902e+02 1.64894e-01
9.34317e+02 1.66665e-01
9.34732e+02 1.68537e-01
9.35147e+02 1.70487e-01
9.35561e+02 1.72512e-01
9.35976e+02 1.74617e-01
9.36391e+02 1.76815e-01
9.36806e+02 1.79074e-01
9.37220e+02 1.81373e-01
9.37635e+02 1.83697e-01
9.38049e+02 1.86027e-01
9.38464e+02 1.88324e-01
9.38879e+02 1.90596e-01
9.39293e+02 1.92817e-01
9.39707e+02 1.94957e-01
9.40122e+02 1.97030e-01
9.40536e+02 1.99002e-01
9.40951e+02 2.00849e-01
9.41365e+02 2.02590e-01
9.41779e+02 2.04187e-01
9.42193e+02 2.05626e-01
9.42607e+02 2.06896e-01
9.43022e+02 2.07973e-01
9.43436e+02 2.08894e-01
9.43850e+02 2.09640e-01
9.44264e+02 2.10232e-01
9.44678e+02 2.10698e-01
9.45092e+02 2.11016e-01
9.45506e+02 2.11213e-01
9.45919e+02 2.11297e-01
9.46333e+02 2.11255e-01
9.46747e+02 2.11112e-01
9.47161e+02 2.10904e-01
9.47574e+02 2.10622e-01
9.47988e+02 2.10262e-01
9.48402e+02 2.09851e-01
9.48815e+02 2.09421e-01
9.49229e+02 2.08955e-01
9.49642e+02 2.08468e-01
9.50056e+02 2.07943e-01
9.50469e+02 2.07377e-01
9.50883e+02 2.06770e-01
9.51296e+02 2.06151e-01
9.51709e+02 2.05503e-01
9.52123e+02 2.04811e-01
9.52536e+02 2.04084e-01
9.52949e+02 2.03349e-01
9.53362e+02 2.02620e-01
9.53775e+02 2.01894e-01
9.54188e+02 2.01173e-01
9.54601e+02 2.00442e-01
9.55014e+02 1.99748e-01
9.55427e+02 1.99070e-01
9.55840e+02 1.98414e-01
9.56253e+02 1.97778e-01
9.56666e+02 1.97176e-01
9.57079e+02 1.96590e-01
9.57492e+02 1.96035e-01
9.57904e+02 1.95534e-01
9.58317e+02 1.95115e-01
9.58730e+02 1.94778e-01
9.59142e+02 1.94480e-01
9.59555e+02 1.94239e-01
9.59967e+02 1.94046e-01
9.60380e+02 1.93904e-01
9.60792e+02 1.93793e-01
9.61205e+02 1.93729e-01
9.61617e+02 1.93697e-01
9.62029e+02 1.93713e-01
9.62442e+02 1.93784e-01
9.62854e+02 1.93899e-01
9.63266e+02 1.94044e-01
9.63678e+02 1.94243e-01
9.64091e+02 1.94460e-01
9.64503e+02 1.94710e-01
9.64915e+02 1.94975e-01
9.65327e+02 1.95258e-01
9.65739e+02 1.95586e-01
9.66151e+02 1.95913e-01
9.66563e+02 1.96252e-01
9.66974e+02 1.96620e-01
9.67386e+02 1.96972e-01
9.67798e+02 1.97343e-01
9.68210e+02 1.97716e-01
9.68622e+02 1.98099e-01
9.69033e+02 1.98499e-01
9.69445e+02 1.98902e-01
9.69856e+02 1.99312e-01
9.70268e+02 1.99717e-01
9.70679e+02 2.00151e-01
9.71091e+02 2.00590e-01
9.71502e+02 2.01038e-01
9.71914e+02 2.01483e-01
9.72325e+02 2.01920e-01
9.72736e+02 2.02375e-01
9.73148e+02 2.02831e-01
9.73559e+02 2.03307e-01
9.73970e+02 2.03780e-01
9.74381e+02 2.04248e-01
9.74792e+02 2.04729e-01
9.75203e+02 2.05206e-01
9.75614e+02 2.05712e-01
9.76025e+02 2.06228e-01
9.76436e+02 2.06751e-01
9.76847e+02 2.07271e-01
9.77258e+02 2.07793e-01
9.77669e+02 2.08340e-01
9.78080e+02 2.08887e-01
9.78491e+02 2.09440e-01
9.78901e+02 2.10012e-01
9.79312e+02 2.10595e-01
9.79723e+02 2.11208e-01
9.80133e+02 2.11866e-01
9.80544e+02 2.12579e-01
9.80954e+02 2.13307e-01
9.81365e+02 2.14031e-01
9.81775e+02 2.14785e-01
9.82186e+02 2.15557e-01
9.82596e+02 2.16346e-01
9.83006e+02 2.17127e-01
9.83417e+02 2.17923e-01
9.83827e+02 2.18740e-01
9.84237e+02 2.19577e-01
9.84647e+02 2.20432e-01
9.85057e+02 2.21313e-01
9.85467e+02 2.22202e-01
9.85877e+02 2.23132e-01
9.86287e+02 2.24065e-01
9.86697e+02 2.25022e-01
9.87107e+02 2.25995e-01
9.87517e+02 2.26983e-01
9.87927e+02 2.27997e-01
9.88337e+02 2.29011e-01
9.88746e+02 2.30045e-01
9.89156e+02 2.31113e-01
9.89566e+02 2.32211e-01
9.89976e+02 2.33367e-01
9.90385e+02 2.34538e-01
9.90795e+02 2.35751e-01
9.91204e+02 2.37006e-01
9.91614e+02 2.38288e-01
9.92023e+02 2.39606e-01
9.92432e+02 2.40943e-01
9.92842e+02 2.42308e-01
9.93251e+02 2.43689e-01
9.93660e+02 2.45083e-01
9.94070e+02 2.46495e-01
9.94479e+02 2.47940e-01
9.94888e+02 2.49407e-01
9.95297e+02 2.50885e-01
9.95706e+02 2.52368e-01
9.96115e+02 2.53876e-01
9.96524e+02 2.55395e-01
9.96933e+02 2.56916e-01
9.97342e+02 2.58435e-01
9.97751e+02 2.59978e-01
9.98160e+02 2.61507e-01
9.98569e+02 2.63048e-01
9.98977e+02 2.64603e-01
9.99386e+02 2.66173e-01
9.99795e+02 2.67792e-01
1.00020e+03 2.69429e-01
1.00061e+03 2.71107e-01
1.00102e+03 2.72858e-01
1.00143e+03 2.74649e-01
1.00184e+03 2.76498e-01
1.00225e+03 2.78392e-01
1.00265e+03 2.80322e-01
1.00306e+03 2.82276e-01
1.00347e+03 2.84271e-01
1.00388e+03 2.86312e-01
1.00429e+03 2.88393e-01
1.00470e+03 2.90498e-01
1.00510e+03 2.92619e-01
1.00551e+03 2.94773e-01
1.00592e+03 2.96948e-01
1.00633e+03 2.99167e-01
1.00674e+03 3.01410e-01
1.00714e+03 3.03627e-01
1.00755e+03 3.05878e-01
1.00796e+03 3.08134e-01
1.00837e+03 3.10370e-01
1.00877e+03 3.12622e-01
1.00918e+03 3.14851e-01
1.00959e+03 3.17100e-01
1.01000e+03 3.19335e-01
1.01041e+03 3.21572e-01
1.01081e+03 3.23819e-01
1.01122e+03 3.26106e-01
1.01163e+03 3.28436e-01
1.01204e+03 3.30846e-01
1.01244e+03 3.33298e-01
1.01285e+03 3.35814e-01
1.01326e+03 3.38453e-01
1.01366e+03 3.41128e-01
1.01407e+03 3.43876e-01
1.01448e+03 3.46728e-01
1.01489e+03 3.49657e-01
1.01529e+03 3.52673e-01
1.01570e+03 3.55756e-01
1.01611e+03 3.58940e-01
1.01651e+03 3.62189e-01
1.01692e+03 3.65464e-01
1.01733e+03 3.68812e-01
1.01774e+03 3.72156e-01
1.01814e+03 3.75549e-01
1.01855e+03 3.78918e-01
1.01896e+03 3.82253e-01
1.01936e+03 3.85571e-01
1.01977e+03 3.88839e-01
1.02018e+03 3.92060e-01
1.02058e+03 3.95259e-01
1.02099e+03 3.98442e-01
1.02140e+03 4.01624e-01
1.02180e+03 4.04780e-01
1.02221e+03 4.07974e-01
1.02261e+03 4.11168e-01
1.02302e+03 4.14460e-01
1.02343e+03 4.17803e-01
1.02383e+03 4.21228e-01
1.02424e+03 4.24735e-01
1.02465e+03 4.28340e-01
1.02505e+03 4.32115e-01
1.02546e+03 4.35961e-01
1.02586e+03 4.39994e-01
1.02627e+03 4.44165e-01
1.02668e+03 4.48503e-01
1.02708e+03 4.52987e-01
1.02749e+03 4.57665e-01
1.02789e+03 4.62492e-01
1.02830e+03 4.67497e-01
1.02871e+03 4.72661e-01
1.02911e+03 4.77871e-01
1.02952e+03 4.83291e-01
1.02992e+03 4.88672e-01
1.03033e+03 4.94155e-01
1.03073e+03 4.99627e-01
1.03114e+03 5.05149e-01
1.03154e+03 5.10673e-01
1.03195e+03 5.16090e-01
1.03236e+03 5.21577e-01
1.03276e+03 5.26955e-01
1.03317e+03 5.32231e-01
1.03357e+03 5.37515e-01
1.03398e+03 5.42808e-01
1.03438e+03 5.48152e-01
1.03479e+03 5.53487e-01
1.03519e+03 5.58918e-01
1.03560e+03 5.64393e-01
1.03600e+03 5.70037e-01
1.03641e+03 5.75765e-01
1.03681e+03 5.81578e-01
1.03722e+03 5.87544e-01
1.03762e+03 5.93717e-01
1.03803e+03 6.00117e-01
1.03843e+03 6.06777e-01
1.03884e+03 6.13612e-01
1.03924e+03 6.20674e-01
1.03964e+03 6.27980e-01
1.04005e+03 6.35554e-01
1.04045e+03 6.43381e-01
1.04086e+03 6.51378e-01
1.04126e+03 6.59577e-01
1.04167e+03 6.67867e-01
1.04207e+03 6.76270e-01
1.04248e+03 6.84884e-01
1.04288e+03 6.93547e-01
1.04328e+03 7.02394e-01
1.04369e+03 7.11211e-01
1.04409e+03 7.20211e-01
1.04450e+03 7.29187e-01
1.04490e+03 7.38206e-01
1.04530e+03 7.47315e-01
1.04571e+03 7.56377e-01
1.04611e+03 7.65407e-01
1.04652e+03 7.74457e-01
1.04692e+03 7.83616e-01
1.04732e+03 7.92728e-01
1.04773e+03 8.02065e-01
1.04813e+03 8.11445e-01
1.04854e+03 8.20981e-01
1.04894e+03 8.30696e-01
1.04934e+03 8.40767e-01
1.04975e+03 8.51082e-01
1.05015e+03 8.61916e-01
1.05055e+03 8.73272e-01
1.05096e+03 8.85012e-01
1.05136e+03 8.97391e-01
1.05176e+03 9.10223e-01
1.05217e+03 9.23839e-01
1.05257e+03 9.38076e-01
1.05297e+03 9.53162e-01
1.05338e+03 9.68829e-01
1.05378e+03 9.85311e-01
1.05418e+03 1.00281e+00
1.05459e+03 1.02095e+00
1.05499e+03 1.04003e+00
1.05539e+03 1.06018e+00
1.05579e+03 1.08132e+00
1.05620e+03 1.10373e+00
1.05660e+03 1.12703e+00
1.05700e+03 1.15160e+00
1.05741e+03 1.17729e+00
1.05781e+03 1.20399e+00
1.05821e+03 1.23157e+00
1.05861e+03 1.26055e+00
1.05902e+03 1.29065e+00
1.05942e+03 1.32201e+00
1.05982e+03 1.35519e+00
1.06022e+03 1.38956e+00
1.06063e+03 1.42522e+00
1.06103e+03 1.46230e+00
1.06143e+03 1.50113e+00
1.06183e+03 1.54175e+00
1.06224e+03 1.58395e+00
1.06264e+03 1.62736e+00
1.06304e+03 1.67252e+00
1.06344e+03 1.71918e+00
1.06384e+03 1.76781e+00
1.06425e+03 1.81840e+00
1.06465e+03 1.87118e+00
1.06505e+03 1.92596e+00
1.06545e+03 1.98294e+00
1.06585e+03 2.04221e+00
1.06626e+03 2.10336e+00
1.06666e+03 2.16712e+00
1.06706e+03 2.23421e+00
1.06746e+03 2.30306e+00
1.06786e+03 2.37484e+00
1.06826e+03 2.44996e+00
1.06867e+03 2.52862e+00
1.06907e+03 2.60929e+00
1.06947e+03 2.69283e+00
1.06987e+03 2.77999e+00
1.07027e+03 2.86906e+00
1.07067e+03 2.96236e+00
1.07107e+03 3.05996e+00
1.07148e+03 3.16073e+00
1.07188e+03 3.26691e+00
1.07228e+03 3.37684e+00
1.07268e+03 3.49121e+00
1.07308e+03 3.61083e+00
1.07348e+03 3.73676e+00
1.07388e+03 3.86693e+00
1.07428e+03 4.00421e+00
1.07468e+03 4.14692e+00
1.07508e+03 4.29795e+00
1.07549e+03 4.45733e+00
1.07589e+03 4.62493e+00
1.07629e+03 4.80021e+00
1.07669e+03 4.98470e+00
1.07709e+03 5.17806e+00
1.07749e+03 5.38110e+00
1.07789e+03 5.59520e+00
1.07829e+03 5.81693e+00
1.07869e+03 6.04890e+00
1.07909e+03 6.29110e+00
1.07949e+03 6.54499e+00
1.07989e+03 6.80811e+00
1.08029e+03 7.08633e+00
1.08069e+03 7.37491e+00
1.08109e+03 7.68016e+00
1.08149e+03 8.00072e+00
1.08189e+03 8.32934e+00
1.08229e+03 8.67600e+00
1.08269e+03 9.03046e+00
1.08309e+03 9.40564e+00
1.08349e+03 9.79792e+00
1.08389e+03 1.01935e+01
1.08429e+03 1.06033e+01
1.08469e+03 1.10341e+01
1.08509e+03 1.14821e+01
1.08549e+03 1.19396e+01
1.08589e+03 1.24076e+01
1.08629e+03 1.28831e+01
1.08669e+03 1.33590e+01
1.08709e+03 1.38535e+01
1.08749e+03 1.43363e+01
1.08789e+03 1.48182e+01
1.08829e+03 1.52969e+01
1.08869e+03 1.57697e+01
1.08909e+03 1.62342e+01
1.08949e+03 1.66878e+01
1.08989e+03 1.71284e+01
1.09029e+03 1.75538e+01
1.09068e+03 1.79624e+01
1.09108e+03 1.83529e+01
1.09148e+03 1.87244e+01
1.09188e+03 1.90766e+01
1.09228e+03 1.94097e+01
1.09268e+03 1.97247e+01
1.09308e+03 2.00230e+01
1.09348e+03 2.03066e+01
1.09388e+03 2.05784e+01
1.09428e+03 2.08417e+01
1.09467e+03 2.11005e+01
1.09507e+03 2.13594e+01
1.09547e+03 2.16237e+01
1.09587e+03 2.18995e+01
1.09627e+03 2.21936e+01
1.09667e+03 2.25138e+01
1.09707e+03 2.28691e+01
1.09746e+03 2.32697e+01
1.09786e+03 2.37278e+01
