2.03102e+02 -4.33927e-04
2.03565e+02 -5.27223e-04
2.04028e+02 -6.25323e-04
2.04491e+02 -7.27153e-04
2.04954e+02 -8.31703e-04
2.05416e+02 -9.37843e-04
2.05879e+02 -1.04528e-03
2.06342e+02 -1.15320e-03
2.06805e+02 -1.26118e-03
2.07268e+02 -1.36895e-03
2.07731e+02 -1.47637e-03
2.08193e+02 -1.58318e-03
2.08656e+02 -1.69001e-03
2.09119e+02 -1.79679e-03
2.09582e+02 -1.90378e-03
2.10044e+02 -2.01100e-03
2.10507e+02 -2.11936e-03
2.10970e+02 -2.22896e-03
2.11432e+02 -2.33992e-03
2.11895e+02 -2.45320e-03
2.12357e+02 -2.56866e-03
2.12820e+02 -2.68728e-03
2.13282e+02 -2.80891e-03
2.13745e+02 -2.93450e-03
2.14207e+02 -3.06387e-03
2.14670e+02 -3.19796e-03
2.15132e+02 -3.33650e-03
2.15594e+02 -3.48008e-03
2.16057e+02 -3.67355e-03
2.16519e+02 -3.83072e-03
2.16981e+02 -4.03546e-03
2.17444e+02 -4.14425e-03
2.17906e+02 -4.29364e-03
2.18368e+02 -4.43382e-03
2.18830e+02 -4.56717e-03
2.19292e+02 -4.77217e-03
2.19755e+02 -4.91254e-03
2.20217e+02 -4.99581e-03
2.20679e+02 -5.16287e-03
2.21141e+02 -5.41114e-03
2.21603e+02 -5.50593e-03
2.22065e+02 -5.77700e-03
2.22527e+02 -5.86137e-03
2.22989e+02 -6.11094e-03
2.23451e+02 -6.12771e-03
2.23913e+02 -6.27204e-03
2.24375e+02 -6.38178e-03
2.24837e+02 -6.33637e-03
2.25299e+02 -6.35744e-03
2.25760e+02 -6.36531e-03
2.26222e+02 -6.33781e-03
2.26684e+02 -6.32139e-03
2.27146e+02 -6.39644e-03
2.27607e+02 -6.53091e-03
2.28069e+02 -6.61125e-03
2.28531e+02 -6.76030e-03
2.28992e+02 -6.77973e-03
2.29454e+02 -7.04705e-03
2.29916e+02 -7.07222e-03
2.30377e+02 -7.05356e-03
2.30839e+02 -7.19244e-03
2.31300e+02 -7.12811e-03
2.31762e+02 -7.07649e-03
2.32223e+02 -6.93287e-03
2.32685e+02 -6.90220e-03
2.33146e+02 -6.90373e-03
2.33608e+02 -6.95448e-03
2.34069e+02 -7.21586e-03
2.34530e+02 -7.24868e-03
2.34992e+02 -7.18076e-03
2.35453e+02 -7.22384e-03
2.35914e+02 -7.17484e-03
2.36376e+02 -6.94134e-03
2.36837e+02 -6.78508e-03
2.37298e+02 -6.66632e-03
2.37759e+02 -6.47489e-03
2.38220e+02 -6.24708e-03
2.38681e+02 -6.14431e-03
2.39143e+02 -5.98475e-03
2.39604e+02 -5.89329e-03
2.40065e+02 -5.82209e-03
2.40526e+02 -5.58193e-03
2.40987e+02 -5.54385e-03
2.41448e+02 -5.28318e-03
2.41909e+02 -4.93416e-03
2.42370e+02 -4.69857e-03
2.42831e+02 -4.46834e-03
2.43291e+02 -4.34076e-03
2.43752e+02 -4.23965e-03
2.44213e+02 -4.01970e-03
2.44674e+02 -3.82428e-03
2.45135e+02 -3.55405e-03
2.45595e+02 -3.36353e-03
2.46056e+02 -3.05568e-03
2.46517e+02 -2.77380e-03
2.46978e+02 -2.43413e-03
2.47438e+02 -2.10784e-03
2.47899e+02 -1.81853e-03
2.48359e+02 -1.42754e-03
2.48820e+02 -1.06150e-03
2.49281e+02 -6.64097e-04
2.49741e+02 -2.42936e-04
2.50202e+02 1.91834e-04
2.50662e+02 6.30563e-04
2.51123e+02 1.07903e-03
2.51583e+02 1.52790e-03
2.52043e+02 2.04056e-03
2.52504e+02 2.54269e-03
2.52964e+02 2.98720e-03
2.53425e+02 3.42362e-03
2.53885e+02 3.88507e-03
2.54345e+02 4.35480e-03
2.54805e+02 4.91064e-03
2.55266e+02 5.30578e-03
2.55726e+02 5.80653e-03
2.56186e+02 6.09818e-03
2.56646e+02 6.52149e-03
2.57106e+02 6.76858e-03
2.57566e+02 7.24433e-03
2.58026e+02 7.55746e-03
2.58487e+02 8.04039e-03
2.58947e+02 8.49267e-03
2.59407e+02 8.67125e-03
2.59867e+02 8.81131e-03
2.60327e+02 9.00371e-03
2.60786e+02 8.99496e-03
2.61246e+02 8.78532e-03
2.61706e+02 8.77348e-03
2.62166e+02 8.69125e-03
2.62626e+02 8.69429e-03
2.63086e+02 8.48819e-03
2.63546e+02 8.53635e-03
2.64005e+02 8.39091e-03
2.64465e+02 8.07750e-03
2.64925e+02 7.81496e-03
2.65384e+02 7.43244e-03
2.65844e+02 6.95465e-03
2.66304e+02 6.41112e-03
2.66763e+02 5.74146e-03
2.67223e+02 5.21452e-03
2.67682e+02 4.57153e-03
2.68142e+02 3.82468e-03
2.68602e+02 3.02847e-03
2.69061e+02 2.11896e-03
2.69520e+02 1.14802e-03
2.69980e+02 4.96158e-05
2.70439e+02 -1.14048e-03
2.70899e+02 -2.39292e-03
2.71358e+02 -3.70512e-03
2.71817e+02 -4.99530e-03
2.72277e+02 -6.46258e-03
2.72736e+02 -7.98127e-03
2.73195e+02 -9.52283e-03
2.73654e+02 -1.10986e-02
2.74114e+02 -1.29862e-02
2.74573e+02 -1.49663e-02
2.75032e+02 -1.68128e-02
2.75491e+02 -1.85312e-02
2.75950e+02 -2.02140e-02
2.76409e+02 -2.18923e-02
2.76868e+02 -2.39138e-02
2.77327e+02 -2.53318e-02
2.77786e+02 -2.70430e-02
2.78245e+02 -2.89400e-02
2.78704e+02 -3.08145e-02
2.79163e+02 -3.23645e-02
2.79622e+02 -3.50920e-02
2.80081e+02 -3.60340e-02
2.80540e+02 -3.81526e-02
2.80999e+02 -3.92749e-02
2.81458e+02 -4.11689e-02
2.81916e+02 -4.26017e-02
2.82375e+02 -4.43070e-02
2.82834e+02 -4.53879e-02
2.83292e+02 -4.73509e-02
2.83751e+02 -4.79741e-02
2.84210e+02 -4.92175e-02
2.84668e+02 -4.94303e-02
2.85127e+02 -5.02990e-02
2.85586e+02 -5.01522e-02
2.86044e+02 -5.04285e-02
2.86503e+02 -5.08336e-02
2.86961e+02 -5.04089e-02
2.87420e+02 -5.10228e-02
2.87878e+02 -4.96845e-02
2.88337e+02 -5.07819e-02
2.88795e+02 -5.09104e-02
2.89253e+02 -5.06836e-02
2.89712e+02 -5.14155e-02
2.90170e+02 -5.03015e-02
2.90628e+02 -4.93015e-02
2.91087e+02 -4.87719e-02
2.91545e+02 -4.78261e-02
2.92003e+02 -4.65448e-02
2.92461e+02 -4.61482e-02
2.92919e+02 -4.44524e-02
2.93378e+02 -4.30626e-02
2.93836e+02 -4.26477e-02
2.94294e+02 -4.08588e-02
2.94752e+02 -3.89356e-02
2.95210e+02 -3.69359e-02
2.95668e+02 -3.42007e-02
2.96126e+02 -3.15526e-02
2.96584e+02 -2.86882e-02
2.97042e+02 -2.52885e-02
2.97500e+02 -2.18915e-02
2.97958e+02 -1.84326e-02
2.98415e+02 -1.45907e-02
2.98873e+02 -1.09287e-02
2.99331e+02 -6.66936e-03
2.99789e+02 -2.12899e-03
3.00247e+02 2.49991e-03
3.00704e+02 7.20099e-03
3.01162e+02 1.19522e-02
3.01620e+02 1.64659e-02
3.02077e+02 2.16705e-02
3.02535e+02 2.72336e-02
3.02993e+02 3.33123e-02
3.03450e+02 3.92678e-02
3.03908e+02 4.50085e-02
3.04365e+02 5.21010e-02
3.04823e+02 5.78744e-02
3.05280e+02 6.41196e-02
3.05738e+02 6.86178e-02
3.06195e+02 7.46960e-02
3.06653e+02 8.16622e-02
3.07110e+02 8.83692e-02
3.07567e+02 9.74819e-02
3.08025e+02 1.06740e-01
3.08482e+02 1.16136e-01
3.08939e+02 1.26536e-01
3.09397e+02 1.34636e-01
3.09854e+02 1.42511e-01
3.10311e+02 1.49508e-01
3.10768e+02 1.56874e-01
3.11225e+02 1.67579e-01
3.11683e+02 1.73695e-01
3.12140e+02 1.81800e-01
3.12597e+02 1.88809e-01
3.13054e+02 2.02832e-01
3.13511e+02 2.11621e-01
3.13968e+02 2.21525e-01
3.14425e+02 2.31175e-01
3.14882e+02 2.39015e-01
3.15339e+02 2.47324e-01
3.15796e+02 2.60098e-01
3.16252e+02 2.64740e-01
3.16709e+02 2.71293e-01
3.17166e+02 2.83911e-01
3.17623e+02 2.91400e-01
3.18080e+02 3.02094e-01
3.18536e+02 3.13538e-01
3.18993e+02 3.18566e-01
3.19450e+02 3.33078e-01
3.19906e+02 3.41050e-01
3.20363e+02 3.48584e-01
3.20820e+02 3.62211e-01
3.21276e+02 3.69943e-01
3.21733e+02 3.78718e-01
3.22189e+02 3.91044e-01
3.22646e+02 3.96554e-01
3.23102e+02 4.02509e-01
3.23559e+02 4.15500e-01
3.24015e+02 4.20067e-01
3.24472e+02 4.33395e-01
3.24928e+02 4.41622e-01
3.25385e+02 4.47818e-01
3.25841e+02 4.59198e-01
3.26297e+02 4.64880e-01
3.26753e+02 4.75157e-01
3.27210e+02 4.79712e-01
3.27666e+02 4.89050e-01
3.28122e+02 4.93287e-01
3.28578e+02 5.00506e-01
3.29035e+02 5.06630e-01
3.29491e+02 5.03662e-01
3.29947e+02 5.07024e-01
3.30403e+02 5.07400e-01
3.30859e+02 5.15135e-01
3.31315e+02 5.23468e-01
3.31771e+02 5.29208e-01
3.32227e+02 5.41521e-01
3.32683e+02 5.54486e-01
3.33139e+02 5.63305e-01
3.33595e+02 5.72975e-01
3.34051e+02 5.74568e-01
3.34506e+02 5.80285e-01
3.34962e+02 5.88596e-01
3.35418e+02 5.96284e-01
3.35874e+02 6.03888e-01
3.36330e+02 6.07676e-01
3.36785e+02 6.15588e-01
3.37241e+02 6.27274e-01
3.37697e+02 6.34673e-01
3.38152e+02 6.40188e-01
3.38608e+02 6.49545e-01
3.39064e+02 6.60926e-01
3.39519e+02 6.65110e-01
3.39975e+02 6.73980e-01
3.40430e+02 6.81285e-01
3.40886e+02 6.83656e-01
3.41341e+02 6.91861e-01
3.41797e+02 6.96723e-01
3.42252e+02 6.97718e-01
3.42707e+02 7.05499e-01
3.43163e+02 7.06611e-01
3.43618e+02 7.09558e-01
3.44073e+02 7.13321e-01
3.44529e+02 7.16549e-01
3.44984e+02 7.16992e-01
3.45439e+02 7.21851e-01
3.45894e+02 7.19195e-01
3.46350e+02 7.21157e-01
3.46805e+02 7.28515e-01
3.47260e+02 7.32404e-01
3.47715e+02 7.40877e-01
3.48170e+02 7.50825e-01
3.48625e+02 7.56617e-01
3.49080e+02 7.66675e-01
3.49535e+02 7.74799e-01
3.49990e+02 7.81969e-01
3.50445e+02 7.90841e-01
3.50900e+02 7.94205e-01
3.51355e+02 7.96364e-01
3.51810e+02 7.98140e-01
3.52265e+02 8.03888e-01
3.52719e+02 8.07997e-01
3.53174e+02 8.15023e-01
3.53629e+02 8.15512e-01
3.54084e+02 8.18150e-01
3.54538e+02 8.13349e-01
3.54993e+02 8.08174e-01
3.55448e+02 8.10489e-01
3.55902e+02 8.10106e-01
3.56357e+02 8.13249e-01
3.56812e+02 8.19519e-01
3.57266e+02 8.25906e-01
3.57721e+02 8.23688e-01
3.58175e+02 8.21854e-01
3.58630e+02 8.21098e-01
3.59084e+02 8.22436e-01
3.59539e+02 8.19859e-01
3.59993e+02 8.17475e-01
3.60447e+02 8.12455e-01
3.60902e+02 8.05848e-01
3.61356e+02 8.02732e-01
3.61810e+02 7.99430e-01
3.62265e+02 7.91270e-01
3.62719e+02 7.81766e-01
3.63173e+02 7.79055e-01
3.63627e+02 7.78233e-01
3.64082e+02 7.72351e-01
3.64536e+02 7.66309e-01
3.64990e+02 7.53395e-01
3.65444e+02 7.46304e-01
3.65898e+02 7.39374e-01
3.66352e+02 7.32482e-01
3.66806e+02 7.25866e-01
3.67260e+02 7.20623e-01
3.67714e+02 7.12312e-01
3.68168e+02 7.03550e-01
3.68622e+02 6.95015e-01
3.69076e+02 6.85528e-01
3.69530e+02 6.75596e-01
3.69984e+02 6.67508e-01
3.70437e+02 6.59238e-01
3.70891e+02 6.51615e-01
3.71345e+02 6.43724e-01
3.71799e+02 6.34676e-01
3.72252e+02 6.26577e-01
3.72706e+02 6.19489e-01
3.73160e+02 6.12980e-01
3.73613e+02 6.06455e-01
3.74067e+02 5.99881e-01
3.74521e+02 5.93209e-01
3.74974e+02 5.85408e-01
3.75428e+02 5.77978e-01
3.75881e+02 5.71062e-01
3.76335e+02 5.65120e-01
3.76788e+02 5.60383e-01
3.77241e+02 5.55824e-01
3.77695e+02 5.52154e-01
3.78148e+02 5.47144e-01
3.78602e+02 5.42669e-01
3.79055e+02 5.37808e-01
3.79508e+02 5.33686e-01
3.79961e+02 5.28608e-01
3.80415e+02 5.24004e-01
3.80868e+02 5.20332e-01
3.81321e+02 5.16815e-01
3.81774e+02 5.12452e-01
3.82227e+02 5.08208e-01
3.82681e+02 5.03378e-01
3.83134e+02 4.98867e-01
3.83587e+02 4.95188e-01
3.84040e+02 4.91352e-01
3.84493e+02 4.88454e-01
3.84946e+02 4.85147e-01
3.85399e+02 4.82095e-01
3.85852e+02 4.78149e-01
3.86304e+02 4.73550e-01
3.86757e+02 4.69313e-01
3.87210e+02 4.65454e-01
3.87663e+02 4.62062e-01
3.88116e+02 4.58665e-01
3.88569e+02 4.55074e-01
3.89021e+02 4.51564e-01
3.89474e+02 4.47584e-01
3.89927e+02 4.44308e-01
3.90379e+02 4.40978e-01
3.90832e+02 4.37739e-01
3.91285e+02 4.34908e-01
3.91737e+02 4.31941e-01
3.92190e+02 4.28275e-01
3.92642e+02 4.24654e-01
3.93095e+02 4.20664e-01
3.93547e+02 4.17183e-01
3.94000e+02 4.13630e-01
3.94452e+02 4.10197e-01
3.94905e+02 4.06877e-01
3.95357e+02 4.03775e-01
3.95809e+02 4.00605e-01
3.96262e+02 3.97484e-01
3.96714e+02 3.94364e-01
3.97166e+02 3.90893e-01
3.97619e+02 3.87839e-01
3.98071e+02 3.84962e-01
3.98523e+02 3.82067e-01
3.98975e+02 3.79013e-01
3.99427e+02 3.76366e-01
3.99879e+02 3.73997e-01
4.00332e+02 3.71695e-01
4.00784e+02 3.69370e-01
4.01236e+02 3.67024e-01
4.01688e+02 3.64514e-01
4.02140e+02 3.62277e-01
4.02592e+02 3.59804e-01
4.03044e+02 3.57372e-01
4.03495e+02 3.55086e-01
4.03947e+02 3.53125e-01
4.04399e+02 3.50929e-01
4.04851e+02 3.49093e-01
4.05303e+02 3.47044e-01
4.05755e+02 3.45051e-01
4.06206e+02 3.42777e-01
4.06658e+02 3.40885e-01
4.07110e+02 3.38993e-01
4.07562e+02 3.37380e-01
4.08013e+02 3.35875e-01
4.08465e+02 3.34261e-01
4.08916e+02 3.32613e-01
4.09368e+02 3.31033e-01
4.09819e+02 3.29271e-01
4.10271e+02 3.27671e-01
4.10722e+02 3.26053e-01
4.11174e+02 3.24601e-01
4.11625e+02 3.23240e-01
4.12077e+02 3.21772e-01
4.12528e+02 3.20342e-01
4.12980e+02 3.18864e-01
4.13431e+02 3.17294e-01
4.13882e+02 3.15644e-01
4.14333e+02 3.14301e-01
4.14785e+02 3.12869e-01
4.15236e+02 3.11337e-01
4.15687e+02 3.09993e-01
4.16138e+02 3.08513e-01
4.16589e+02 3.07107e-01
4.17041e+02 3.05901e-01
4.17492e+02 3.04479e-01
4.17943e+02 3.03257e-01
4.18394e+02 3.01983e-01
4.18845e+02 3.00599e-01
4.19296e+02 2.99175e-01
4.19747e+02 2.97982e-01
4.20198e+02 2.96901e-01
4.20649e+02 2.95697e-01
4.21100e+02 2.94337e-01
4.21550e+02 2.93046e-01
4.22001e+02 2.91918e-01
4.22452e+02 2.90866e-01
4.22903e+02 2.89646e-01
4.23354e+02 2.88412e-01
4.23804e+02 2.87368e-01
4.24255e+02 2.86311e-01
4.24706e+02 2.85297e-01
4.25156e+02 2.84351e-01
4.25607e+02 2.83428e-01
4.26058e+02 2.82553e-01
4.26508e+02 2.81686e-01
4.26959e+02 2.80577e-01
4.27409e+02 2.79607e-01
4.27860e+02 2.78545e-01
4.28310e+02 2.77665e-01
4.28761e+02 2.76650e-01
4.29211e+02 2.75971e-01
4.29661e+02 2.75112e-01
4.30112e+02 2.74143e-01
4.30562e+02 2.73160e-01
4.31012e+02 2.72357e-01
4.31463e+02 2.71403e-01
4.31913e+02 2.70441e-01
4.32363e+02 2.69530e-01
4.32813e+02 2.68689e-01
4.33263e+02 2.67848e-01
4.33714e+02 2.66913e-01
4.34164e+02 2.65944e-01
4.34614e+02 2.65000e-01
4.35064e+02 2.64061e-01
4.35514e+02 2.63111e-01
4.35964e+02 2.62273e-01
4.36414e+02 2.61441e-01
4.36864e+02 2.60551e-01
4.37314e+02 2.59639e-01
4.37764e+02 2.58712e-01
4.38214e+02 2.57835e-01
4.38664e+02 2.56978e-01
4.39113e+02 2.56113e-01
4.39563e+02 2.55355e-01
4.40013e+02 2.54663e-01
4.40463e+02 2.53984e-01
4.40912e+02 2.53276e-01
4.41362e+02 2.52638e-01
4.41812e+02 2.51975e-01
4.42261e+02 2.51299e-01
4.42711e+02 2.50646e-01
4.43161e+02 2.49990e-01
4.43610e+02 2.49273e-01
4.44060e+02 2.48672e-01
4.44509e+02 2.48057e-01
4.44959e+02 2.47425e-01
4.45408e+02 2.46809e-01
4.45858e+02 2.46270e-01
4.46307e+02 2.45665e-01
4.46756e+02 2.45104e-01
4.47206e+02 2.44519e-01
4.47655e+02 2.43979e-01
4.48104e+02 2.43455e-01
4.48554e+02 2.43020e-01
4.49003e+02 2.42539e-01
4.49452e+02 2.42021e-01
4.49901e+02 2.41572e-01
4.50350e+02 2.41135e-01
4.50800e+02 2.40691e-01
4.51249e+02 2.40259e-01
4.51698e+02 2.39894e-01
4.52147e+02 2.39470e-01
4.52596e+02 2.39093e-01
4.53045e+02 2.38668e-01
4.53494e+02 2.38293e-01
4.53943e+02 2.37867e-01
4.54392e+02 2.37434e-01
4.54841e+02 2.37022e-01
4.55290e+02 2.36619e-01
4.55738e+02 2.36111e-01
4.56187e+02 2.35628e-01
4.56636e+02 2.35223e-01
4.57085e+02 2.34737e-01
4.57533e+02 2.34242e-01
4.57982e+02 2.33730e-01
4.58431e+02 2.33269e-01
4.58880e+02 2.32822e-01
4.59328e+02 2.32345e-01
4.59777e+02 2.31769e-01
4.60225e+02 2.31269e-01
4.60674e+02 2.30672e-01
4.61122e+02 2.30028e-01
4.61571e+02 2.29458e-01
4.62019e+02 2.28978e-01
4.62468e+02 2.28406e-01
4.62916e+02 2.27800e-01
4.63365e+02 2.27187e-01
4.63813e+02 2.26639e-01
4.64261e+02 2.26050e-01
4.64710e+02 2.25470e-01
4.65158e+02 2.24871e-01
4.65606e+02 2.24328e-01
4.66054e+02 2.23810e-01
4.66503e+02 2.23283e-01
4.66951e+02 2.22744e-01
4.67399e+02 2.22196e-01
4.67847e+02 2.21625e-01
4.68295e+02 2.21051e-01
4.68743e+02 2.20431e-01
4.69191e+02 2.19831e-01
4.69639e+02 2.19277e-01
4.70087e+02 2.18707e-01
4.70535e+02 2.18172e-01
4.70983e+02 2.17700e-01
4.71431e+02 2.17217e-01
4.71879e+02 2.16676e-01
4.72327e+02 2.16120e-01
4.72775e+02 2.15627e-01
4.73223e+02 2.15106e-01
4.73670e+02 2.14579e-01
4.74118e+02 2.14061e-01
4.74566e+02 2.13526e-01
4.75014e+02 2.13015e-01
4.75461e+02 2.12508e-01
4.75909e+02 2.11995e-01
4.76356e+02 2.11482e-01
4.76804e+02 2.10964e-01
4.77252e+02 2.10453e-01
4.77699e+02 2.09907e-01
4.78147e+02 2.09386e-01
4.78594e+02 2.08876e-01
4.79042e+02 2.08354e-01
4.79489e+02 2.07842e-01
4.79936e+02 2.07360e-01
4.80384e+02 2.06867e-01
4.80831e+02 2.06425e-01
4.81279e+02 2.05963e-01
4.81726e+02 2.05545e-01
4.82173e+02 2.05084e-01
4.82620e+02 2.04663e-01
4.83068e+02 2.04264e-01
4.83515e+02 2.03824e-01
4.83962e+02 2.03421e-01
4.84409e+02 2.03074e-01
4.84856e+02 2.02670e-01
4.85303e+02 2.02314e-01
4.85750e+02 2.01962e-01
4.86197e+02 2.01591e-01
4.86644e+02 2.01231e-01
4.87091e+02 2.00870e-01
4.87538e+02 2.00490e-01
4.87985e+02 2.00121e-01
4.88432e+02 1.99731e-01
4.88879e+02 1.99363e-01
4.89326e+02 1.99016e-01
4.89773e+02 1.98643e-01
4.90219e+02 1.98247e-01
4.90666e+02 1.97872e-01
4.91113e+02 1.97437e-01
4.91560e+02 1.97045e-01
4.92006e+02 1.96648e-01
4.92453e+02 1.96242e-01
4.92899e+02 1.95791e-01
4.93346e+02 1.95341e-01
4.93793e+02 1.94912e-01
4.94239e+02 1.94423e-01
4.94686e+02 1.93946e-01
4.95132e+02 1.93475e-01
4.95579e+02 1.93000e-01
4.96025e+02 1.92568e-01
4.96472e+02 1.92130e-01
4.96918e+02 1.91646e-01
4.97364e+02 1.91176e-01
4.97811e+02 1.90703e-01
4.98257e+02 1.90237e-01
4.98703e+02 1.89786e-01
4.99149e+02 1.89352e-01
4.99596e+02 1.88894e-01
5.00042e+02 1.88420e-01
5.00488e+02 1.87964e-01
5.00934e+02 1.87536e-01
5.01380e+02 1.87037e-01
5.01826e+02 1.86563e-01
5.02272e+02 1.86106e-01
5.02718e+02 1.85643e-01
5.03164e+02 1.85172e-01
5.03610e+02 1.84705e-01
5.04056e+02 1.84254e-01
5.04502e+02 1.83747e-01
5.04948e+02 1.83317e-01
5.05394e+02 1.82893e-01
5.05840e+02 1.82457e-01
5.06286e+02 1.82000e-01
5.06731e+02 1.81594e-01
5.07177e+02 1.81193e-01
5.07623e+02 1.80764e-01
5.08069e+02 1.80383e-01
5.08514e+02 1.79985e-01
5.08960e+02 1.79582e-01
5.09406e+02 1.79192e-01
5.09851e+02 1.78785e-01
5.10297e+02 1.78373e-01
5.10742e+02 1.78020e-01
5.11188e+02 1.77660e-01
5.11633e+02 1.77303e-01
5.12079e+02 1.76956e-01
5.12524e+02 1.76611e-01
5.12970e+02 1.76286e-01
5.13415e+02 1.75980e-01
5.13860e+02 1.75627e-01
5.14306e+02 1.75301e-01
5.14751e+02 1.75026e-01
5.15196e+02 1.74739e-01
5.15642e+02 1.74485e-01
5.16087e+02 1.74229e-01
5.16532e+02 1.73981e-01
5.16977e+02 1.73766e-01
5.17422e+02 1.73537e-01
5.17867e+02 1.73297e-01
5.18312e+02 1.73069e-01
5.18758e+02 1.72842e-01
5.19203e+02 1.72614e-01
5.19648e+02 1.72387e-01
5.20093e+02 1.72189e-01
5.20537e+02 1.72007e-01
5.20982e+02 1.71824e-01
5.21427e+02 1.71640e-01
5.21872e+02 1.71472e-01
5.22317e+02 1.71316e-01
5.22762e+02 1.71160e-01
5.23207e+02 1.70986e-01
5.23651e+02 1.70842e-01
5.24096e+02 1.70721e-01
5.24541e+02 1.70609e-01
5.24985e+02 1.70483e-01
5.25430e+02 1.70382e-01
5.25875e+02 1.70292e-01
5.26319e+02 1.70161e-01
5.26764e+02 1.70035e-01
5.27208e+02 1.69901e-01
5.27653e+02 1.69783e-01
5.28097e+02 1.69680e-01
5.28542e+02 1.69543e-01
5.28986e+02 1.69434e-01
5.29431e+02 1.69317e-01
5.29875e+02 1.69182e-01
5.30319e+02 1.69056e-01
5.30764e+02 1.68942e-01
5.31208e+02 1.68819e-01
5.31652e+02 1.68695e-01
5.32097e+02 1.68592e-01
5.32541e+02 1.68466e-01
5.32985e+02 1.68355e-01
5.33429e+02 1.68236e-01
5.33873e+02 1.68104e-01
5.34317e+02 1.67981e-01
5.34761e+02 1.67851e-01
5.35205e+02 1.67723e-01
5.35649e+02 1.67599e-01
5.36093e+02 1.67476e-01
5.36537e+02 1.67349e-01
5.36981e+02 1.67242e-01
5.37425e+02 1.67142e-01
5.37869e+02 1.67006e-01
5.38313e+02 1.66884e-01
5.38757e+02 1.66769e-01
5.39201e+02 1.66648e-01
5.39644e+02 1.66525e-01
5.40088e+02 1.66403e-01
5.40532e+02 1.66270e-01
5.40976e+02 1.66143e-01
5.41419e+02 1.66009e-01
5.41863e+02 1.65862e-01
5.42307e+02 1.65742e-01
5.42750e+02 1.65600e-01
5.43194e+02 1.65451e-01
5.43637e+02 1.65314e-01
5.44081e+02 1.65193e-01
5.44524e+02 1.65071e-01
5.44968e+02 1.64950e-01
5.45411e+02 1.64806e-01
5.45854e+02 1.64686e-01
5.46298e+02 1.64568e-01
5.46741e+02 1.64444e-01
5.47184e+02 1.64335e-01
5.47628e+02 1.64231e-01
5.48071e+02 1.64138e-01
5.48514e+02 1.64070e-01
5.48957e+02 1.63990e-01
5.49401e+02 1.63924e-01
5.49844e+02 1.63853e-01
5.50287e+02 1.63800e-01
5.50730e+02 1.63726e-01
5.51173e+02 1.63643e-01
5.51616e+02 1.63576e-01
5.52059e+02 1.63501e-01
5.52502e+02 1.63431e-01
5.52945e+02 1.63359e-01
5.53388e+02 1.63307e-01
5.53831e+02 1.63237e-01
5.54274e+02 1.63180e-01
5.54717e+02 1.63129e-01
5.55159e+02 1.63070e-01
5.55602e+02 1.63010e-01
5.56045e+02 1.62959e-01
5.56488e+02 1.62906e-01
5.56930e+02 1.62851e-01
5.57373e+02 1.62795e-01
5.57816e+02 1.62732e-01
5.58258e+02 1.62688e-01
5.58701e+02 1.62641e-01
5.59144e+02 1.62582e-01
5.59586e+02 1.62505e-01
5.60029e+02 1.62430e-01
5.60471e+02 1.62352e-01
5.60914e+02 1.62284e-01
5.61356e+02 1.62214e-01
5.61798e+02 1.62123e-01
5.62241e+02 1.62045e-01
5.62683e+02 1.61980e-01
5.63125e+02 1.61900e-01
5.63568e+02 1.61836e-01
5.64010e+02 1.61771e-01
5.64452e+02 1.61708e-01
5.64894e+02 1.61641e-01
5.65337e+02 1.61599e-01
5.65779e+02 1.61538e-01
5.66221e+02 1.61480e-01
5.66663e+02 1.61409e-01
5.67105e+02 1.61343e-01
5.67547e+02 1.61283e-01
5.67989e+02 1.61227e-01
5.68431e+02 1.61191e-01
5.68873e+02 1.61179e-01
5.69315e+02 1.61163e-01
5.69757e+02 1.61145e-01
5.70199e+02 1.61124e-01
5.70641e+02 1.61116e-01
5.71083e+02 1.61118e-01
5.71524e+02 1.61116e-01
5.71966e+02 1.61132e-01
5.72408e+02 1.61148e-01
5.72850e+02 1.61171e-01
5.73291e+02 1.61196e-01
5.73733e+02 1.61246e-01
5.74175e+02 1.61292e-01
5.74616e+02 1.61335e-01
5.75058e+02 1.61368e-01
5.75499e+02 1.61391e-01
5.75941e+02 1.61418e-01
5.76382e+02 1.61449e-01
5.76824e+02 1.61490e-01
5.77265e+02 1.61539e-01
5.77707e+02 1.61570e-01
5.78148e+02 1.61606e-01
5.78589e+02 1.61640e-01
5.79031e+02 1.61664e-01
5.79472e+02 1.61688e-01
5.79913e+02 1.61705e-01
5.80355e+02 1.61721e-01
5.80796e+02 1.61735e-01
5.81237e+02 1.61752e-01
5.81678e+02 1.61771e-01
5.82119e+02 1.61781e-01
5.82560e+02 1.61785e-01
5.83002e+02 1.61800e-01
5.83443e+02 1.61797e-01
5.83884e+02 1.61800e-01
5.84325e+02 1.61795e-01
5.84766e+02 1.61792e-01
5.85207e+02 1.61784e-01
5.85647e+02 1.61790e-01
5.86088e+02 1.61803e-01
5.86529e+02 1.61817e-01
5.86970e+02 1.61803e-01
5.87411e+02 1.61812e-01
5.87852e+02 1.61828e-01
5.88292e+02 1.61846e-01
5.88733e+02 1.61863e-01
5.89174e+02 1.61884e-01
5.89614e+02 1.61894e-01
5.90055e+02 1.61906e-01
5.90496e+02 1.61906e-01
5.90936e+02 1.61912e-01
5.91377e+02 1.61931e-01
5.91817e+02 1.61945e-01
5.92258e+02 1.61947e-01
5.92698e+02 1.61950e-01
5.93139e+02 1.61946e-01
5.93579e+02 1.61938e-01
5.94020e+02 1.61949e-01
5.94460e+02 1.61960e-01
5.94900e+02 1.61975e-01
5.95341e+02 1.61992e-01
5.95781e+02 1.62003e-01
5.96221e+02 1.62013e-01
5.96661e+02 1.62026e-01
5.97102e+02 1.62038e-01
5.97542e+02 1.62042e-01
5.97982e+02 1.62047e-01
5.98422e+02 1.62074e-01
5.98862e+02 1.62094e-01
5.99302e+02 1.62105e-01
5.99742e+02 1.62123e-01
6.00182e+02 1.62132e-01
6.00622e+02 1.62144e-01
6.01062e+02 1.62157e-01
6.01502e+02 1.62170e-01
6.01942e+02 1.62174e-01
6.02382e+02 1.62186e-01
6.02822e+02 1.62187e-01
6.03261e+02 1.62192e-01
6.03701e+02 1.62192e-01
6.04141e+02 1.62195e-01
6.04581e+02 1.62192e-01
6.05020e+02 1.62193e-01
6.05460e+02 1.62198e-01
6.05900e+02 1.62193e-01
6.06339e+02 1.62192e-01
6.06779e+02 1.62186e-01
6.07218e+02 1.62170e-01
6.07658e+02 1.62156e-01
6.08097e+02 1.62133e-01
6.08537e+02 1.62104e-01
6.08976e+02 1.62100e-01
6.09416e+02 1.62118e-01
6.09855e+02 1.62127e-01
6.10294e+02 1.62123e-01
6.10734e+02 1.62115e-01
6.11173e+02 1.62124e-01
6.11612e+02 1.62136e-01
6.12052e+02 1.62154e-01
6.12491e+02 1.62167e-01
6.12930e+02 1.62174e-01
6.13369e+02 1.62188e-01
6.13808e+02 1.62201e-01
6.14247e+02 1.62231e-01
6.14687e+02 1.62257e-01
6.15126e+02 1.62296e-01
6.15565e+02 1.62324e-01
6.16004e+02 1.62349e-01
6.16443e+02 1.62364e-01
6.16882e+02 1.62387e-01
6.17320e+02 1.62428e-01
6.17759e+02 1.62477e-01
6.18198e+02 1.62502e-01
6.18637e+02 1.62532e-01
6.19076e+02 1.62551e-01
6.19515e+02 1.62580e-01
6.19953e+02 1.62617e-01
6.20392e+02 1.62650e-01
6.20831e+02 1.62694e-01
6.21269e+02 1.62725e-01
6.21708e+02 1.62763e-01
6.22147e+02 1.62802e-01
6.22585e+02 1.62830e-01
6.23024e+02 1.62843e-01
6.23462e+02 1.62870e-01
6.23901e+02 1.62899e-01
6.24339e+02 1.62937e-01
6.24778e+02 1.62972e-01
6.25216e+02 1.63011e-01
6.25655e+02 1.63041e-01
6.26093e+02 1.63072e-01
6.26531e+02 1.63109e-01
6.26969e+02 1.63151e-01
6.27408e+02 1.63195e-01
6.27846e+02 1.63240e-01
6.28284e+02 1.63280e-01
6.28722e+02 1.63318e-01
6.29161e+02 1.63355e-01
6.29599e+02 1.63394e-01
6.30037e+02 1.63431e-01
6.30475e+02 1.63468e-01
6.30913e+02 1.63508e-01
6.31351e+02 1.63548e-01
6.31789e+02 1.63584e-01
6.32227e+02 1.63621e-01
6.32665e+02 1.63680e-01
6.33103e+02 1.63753e-01
6.33541e+02 1.63829e-01
6.33978e+02 1.63900e-01
6.34416e+02 1.63985e-01
6.34854e+02 1.64080e-01
6.35292e+02 1.64181e-01
6.35730e+02 1.64290e-01
6.36167e+02 1.64409e-01
6.36605e+02 1.64533e-01
6.37043e+02 1.64669e-01
6.37480e+02 1.64812e-01
6.37918e+02 1.64964e-01
6.38355e+02 1.65095e-01
6.38793e+02 1.65245e-01
6.39230e+02 1.65393e-01
6.39668e+02 1.65549e-01
6.40105e+02 1.65687e-01
6.40543e+02 1.65820e-01
6.40980e+02 1.65944e-01
6.41418e+02 1.66054e-01
6.41855e+02 1.66157e-01
6.42292e+02 1.66255e-01
6.42730e+02 1.66339e-01
6.43167e+02 1.66417e-01
6.43604e+02 1.66485e-01
6.44041e+02 1.66555e-01
6.44478e+02 1.66617e-01
6.44916e+02 1.66665e-01
6.45353e+02 1.66700e-01
6.45790e+02 1.66727e-01
6.46227e+02 1.66760e-01
6.46664e+02 1.66799e-01
6.47101e+02 1.66834e-01
6.47538e+02 1.66859e-01
6.47975e+02 1.66878e-01
6.48412e+02 1.66897e-01
6.48849e+02 1.66927e-01
6.49285e+02 1.66939e-01
6.49722e+02 1.66960e-01
6.50159e+02 1.67022e-01
6.50596e+02 1.67084e-01
6.51033e+02 1.67151e-01
6.51469e+02 1.67226e-01
6.51906e+02 1.67310e-01
6.52343e+02 1.67389e-01
6.52779e+02 1.67476e-01
6.53216e+02 1.67583e-01
6.53652e+02 1.67683e-01
6.54089e+02 1.67780e-01
6.54526e+02 1.67880e-01
6.54962e+02 1.67979e-01
6.55399e+02 1.68083e-01
6.55835e+02 1.68191e-01
6.56271e+02 1.68302e-01
6.56708e+02 1.68402e-01
6.57144e+02 1.68501e-01
6.57580e+02 1.68612e-01
6.58017e+02 1.68735e-01
6.58453e+02 1.68857e-01
6.58889e+02 1.68986e-01
6.59325e+02 1.69108e-01
6.59762e+02 1.69233e-01
6.60198e+02 1.69345e-01
6.60634e+02 1.69453e-01
6.61070e+02 1.69562e-01
6.61506e+02 1.69657e-01
6.61942e+02 1.69749e-01
6.62378e+02 1.69863e-01
6.62814e+02 1.69976e-01
6.63250e+02 1.70090e-01
6.63686e+02 1.70169e-01
6.64122e+02 1.70237e-01
6.64558e+02 1.70312e-01
6.64994e+02 1.70396e-01
6.65429e+02 1.70501e-01
6.65865e+02 1.70619e-01
6.66301e+02 1.70745e-01
6.66737e+02 1.70862e-01
6.67172e+02 1.70960e-01
6.67608e+02 1.71057e-01
6.68044e+02 1.71160e-01
6.68479e+02 1.71265e-01
6.68915e+02 1.71377e-01
6.69351e+02 1.71506e-01
6.69786e+02 1.71664e-01
6.70222e+02 1.71819e-01
6.70657e+02 1.71966e-01
6.71093e+02 1.72085e-01
6.71528e+02 1.72189e-01
6.71963e+02 1.72310e-01
6.72399e+02 1.72441e-01
6.72834e+02 1.72576e-01
6.73269e+02 1.72739e-01
6.73705e+02 1.72932e-01
6.74140e+02 1.73119e-01
6.74575e+02 1.73305e-01
6.75010e+02 1.73468e-01
6.75445e+02 1.73616e-01
6.75881e+02 1.73766e-01
6.76316e+02 1.73932e-01
6.76751e+02 1.74102e-01
6.77186e+02 1.74288e-01
6.77621e+02 1.74497e-01
6.78056e+02 1.74711e-01
6.78491e+02 1.74920e-01
6.78926e+02 1.75119e-01
6.79361e+02 1.75314e-01
6.79796e+02 1.75503e-01
6.80230e+02 1.75685e-01
6.80665e+02 1.75880e-01
6.81100e+02 1.76099e-01
6.81535e+02 1.76331e-01
6.81969e+02 1.76573e-01
6.82404e+02 1.76786e-01
6.82839e+02 1.76970e-01
6.83274e+02 1.77132e-01
6.83708e+02 1.77266e-01
6.84143e+02 1.77409e-01
6.84577e+02 1.77565e-01
6.85012e+02 1.77739e-01
6.85446e+02 1.77919e-01
6.85881e+02 1.78111e-01
6.86315e+02 1.78286e-01
6.86750e+02 1.78445e-01
6.87184e+02 1.78571e-01
6.87618e+02 1.78690e-01
6.88053e+02 1.78818e-01
6.88487e+02 1.78948e-01
6.88921e+02 1.79091e-01
6.89356e+02 1.79244e-01
6.89790e+02 1.79395e-01
6.90224e+02 1.79530e-01
6.90658e+02 1.79662e-01
6.91092e+02 1.79803e-01
6.91526e+02 1.79918e-01
6.91961e+02 1.80025e-01
6.92395e+02 1.80152e-01
6.92829e+02 1.80281e-01
6.93263e+02 1.80413e-01
6.93697e+02 1.80550e-01
6.94131e+02 1.80703e-01
6.94564e+02 1.80847e-01
6.94998e+02 1.81008e-01
6.95432e+02 1.81196e-01
6.95866e+02 1.81364e-01
6.96300e+02 1.81540e-01
6.96734e+02 1.81706e-01
6.97167e+02 1.81855e-01
6.97601e+02 1.81997e-01
6.98035e+02 1.82149e-01
6.98468e+02 1.82295e-01
6.98902e+02 1.82463e-01
6.99336e+02 1.82645e-01
6.99769e+02 1.82828e-01
7.00203e+02 1.82993e-01
7.00636e+02 1.83132e-01
7.01070e+02 1.83264e-01
7.01503e+02 1.83382e-01
7.01937e+02 1.83501e-01
7.02370e+02 1.83641e-01
7.02803e+02 1.83785e-01
7.03237e+02 1.83933e-01
7.03670e+02 1.84093e-01
7.04103e+02 1.84255e-01
7.04536e+02 1.84383e-01
7.04970e+02 1.84490e-01
7.05403e+02 1.84592e-01
7.05836e+02 1.84699e-01
7.06269e+02 1.84831e-01
7.06702e+02 1.84972e-01
7.07135e+02 1.85144e-01
7.07568e+02 1.85364e-01
7.08001e+02 1.85606e-01
7.08434e+02 1.85844e-01
7.08867e+02 1.86061e-01
7.09300e+02 1.86264e-01
7.09733e+02 1.86438e-01
7.10166e+02 1.86594e-01
7.10599e+02 1.86773e-01
7.11032e+02 1.86981e-01
7.11465e+02 1.87232e-01
7.11897e+02 1.87533e-01
7.12330e+02 1.87866e-01
7.12763e+02 1.88206e-01
7.13195e+02 1.88532e-01
7.13628e+02 1.88834e-01
7.14061e+02 1.89098e-01
7.14493e+02 1.89333e-01
7.14926e+02 1.89555e-01
7.15358e+02 1.89810e-01
7.15791e+02 1.90091e-01
7.16223e+02 1.90401e-01
7.16656e+02 1.90721e-01
7.17088e+02 1.91042e-01
7.17521e+02 1.91347e-01
7.17953e+02 1.91608e-01
7.18385e+02 1.91806e-01
7.18818e+02 1.91947e-01
7.19250e+02 1.92021e-01
7.19682e+02 1.92090e-01
7.20114e+02 1.92147e-01
7.20547e+02 1.92203e-01
7.20979e+02 1.92257e-01
7.21411e+02 1.92331e-01
7.21843e+02 1.92407e-01
7.22275e+02 1.92436e-01
7.22707e+02 1.92386e-01
7.23139e+02 1.92287e-01
7.23571e+02 1.92121e-01
7.24003e+02 1.91923e-01
7.24435e+02 1.91737e-01
7.24867e+02 1.91581e-01
7.25299e+02 1.91464e-01
7.25731e+02 1.91379e-01
7.26162e+02 1.91288e-01
7.26594e+02 1.91184e-01
7.27026e+02 1.91062e-01
7.27458e+02 1.90894e-01
7.27889e+02 1.90687e-01
7.28321e+02 1.90466e-01
7.28753e+02 1.90259e-01
7.29184e+02 1.90096e-01
7.29616e+02 1.89969e-01
7.30047e+02 1.89886e-01
7.30479e+02 1.89843e-01
7.30910e+02 1.89828e-01
7.31342e+02 1.89821e-01
7.31773e+02 1.89783e-01
7.32205e+02 1.89701e-01
7.32636e+02 1.89595e-01
7.33067e+02 1.89465e-01
7.33499e+02 1.89344e-01
7.33930e+02 1.89258e-01
7.34361e+02 1.89202e-01
7.34793e+02 1.89190e-01
7.35224e+02 1.89217e-01
7.35655e+02 1.89248e-01
7.36086e+02 1.89288e-01
7.36517e+02 1.89309e-01
7.36948e+02 1.89295e-01
7.37379e+02 1.89258e-01
7.37810e+02 1.89202e-01
7.38241e+02 1.89139e-01
7.38672e+02 1.89083e-01
7.39103e+02 1.89025e-01
7.39534e+02 1.88996e-01
7.39965e+02 1.88989e-01
7.40396e+02 1.89005e-01
7.40827e+02 1.89027e-01
7.41258e+02 1.89046e-01
7.41688e+02 1.89039e-01
7.42119e+02 1.89011e-01
7.42550e+02 1.88947e-01
7.42980e+02 1.88868e-01
7.43411e+02 1.88776e-01
7.43842e+02 1.88681e-01
7.44272e+02 1.88589e-01
7.44703e+02 1.88523e-01
7.45133e+02 1.88461e-01
7.45564e+02 1.88423e-01
7.45994e+02 1.88411e-01
7.46425e+02 1.88407e-01
7.46855e+02 1.88382e-01
7.47286e+02 1.88364e-01
7.47716e+02 1.88341e-01
7.48146e+02 1.88297e-01
7.48577e+02 1.88241e-01
7.49007e+02 1.88177e-01
7.49437e+02 1.88121e-01
7.49867e+02 1.88076e-01
7.50298e+02 1.88050e-01
7.50728e+02 1.88041e-01
7.51158e+02 1.88058e-01
7.51588e+02 1.88093e-01
7.52018e+02 1.88135e-01
7.52448e+02 1.88179e-01
7.52878e+02 1.88210e-01
7.53308e+02 1.88251e-01
7.53738e+02 1.88273e-01
7.54168e+02 1.88289e-01
7.54598e+02 1.88295e-01
7.55028e+02 1.88293e-01
7.55458e+02 1.88316e-01
7.55887e+02 1.88364e-01
7.56317e+02 1.88426e-01
7.56747e+02 1.88518e-01
7.57177e+02 1.88631e-01
7.57606e+02 1.88771e-01
7.58036e+02 1.88934e-01
7.58466e+02 1.89086e-01
7.58895e+02 1.89219e-01
7.59325e+02 1.89340e-01
7.59754e+02 1.89448e-01
7.60184e+02 1.89542e-01
7.60613e+02 1.89636e-01
7.61043e+02 1.89735e-01
7.61472e+02 1.89864e-01
7.61902e+02 1.90029e-01
7.62331e+02 1.90230e-01
7.62760e+02 1.90470e-01
7.63190e+02 1.90740e-01
7.63619e+02 1.91013e-01
7.64048e+02 1.91245e-01
7.64478e+02 1.91434e-01
7.64907e+02 1.91555e-01
7.65336e+02 1.91626e-01
7.65765e+02 1.91671e-01
7.66194e+02 1.91708e-01
7.66623e+02 1.91758e-01
7.67052e+02 1.91849e-01
7.67481e+02 1.92005e-01
7.67910e+02 1.92217e-01
7.68339e+02 1.92458e-01
7.68768e+02 1.92688e-01
7.69197e+02 1.92876e-01
7.69626e+02 1.93003e-01
7.70055e+02 1.93057e-01
7.70484e+02 1.93056e-01
7.70912e+02 1.93007e-01
7.71341e+02 1.92944e-01
7.71770e+02 1.92909e-01
7.72199e+02 1.92926e-01
7.72627e+02 1.93008e-01
7.73056e+02 1.93153e-01
7.73485e+02 1.93354e-01
7.73913e+02 1.93593e-01
7.74342e+02 1.93820e-01
7.74770e+02 1.94020e-01
7.75199e+02 1.94174e-01
7.75627e+02 1.94281e-01
7.76056e+02 1.94349e-01
7.76484e+02 1.94418e-01
7.76912e+02 1.94487e-01
7.77341e+02 1.94601e-01
7.77769e+02 1.94767e-01
7.78197e+02 1.95002e-01
7.78626e+02 1.95288e-01
7.79054e+02 1.95622e-01
7.79482e+02 1.95981e-01
7.79910e+02 1.96326e-01
7.80338e+02 1.96622e-01
7.80767e+02 1.96871e-01
7.81195e+02 1.97059e-01
7.81623e+02 1.97203e-01
7.82051e+02 1.97317e-01
7.82479e+02 1.97422e-01
7.82907e+02 1.97580e-01
7.83335e+02 1.97805e-01
7.83763e+02 1.98123e-01
7.84190e+02 1.98519e-01
7.84618e+02 1.98952e-01
7.85046e+02 1.99408e-01
7.85474e+02 1.99831e-01
7.85902e+02 2.00227e-01
7.86329e+02 2.00565e-01
7.86757e+02 2.00821e-01
7.87185e+02 2.00998e-01
7.87612e+02 2.01128e-01
7.88040e+02 2.01250e-01
7.88468e+02 2.01394e-01
7.88895e+02 2.01626e-01
7.89323e+02 2.01940e-01
7.89750e+02 2.02345e-01
7.90178e+02 2.02808e-01
7.90605e+02 2.03321e-01
7.91033e+02 2.03832e-01
7.91460e+02 2.04292e-01
7.91887e+02 2.04673e-01
7.92315e+02 2.04987e-01
7.92742e+02 2.05234e-01
7.93169e+02 2.05446e-01
7.93596e+02 2.05641e-01
7.94024e+02 2.05860e-01
7.94451e+02 2.06140e-01
7.94878e+02 2.06488e-01
7.95305e+02 2.06891e-01
7.95732e+02 2.07341e-01
7.96159e+02 2.07806e-01
7.96586e+02 2.08241e-01
7.97013e+02 2.08655e-01
7.97440e+02 2.09019e-01
7.97867e+02 2.09339e-01
7.98294e+02 2.09588e-01
7.98721e+02 2.09812e-01
7.99148e+02 2.10017e-01
7.99575e+02 2.10238e-01
8.00001e+02 2.10475e-01
8.00428e+02 2.10762e-01
8.00855e+02 2.11103e-01
8.01282e+02 2.11502e-01
8.01708e+02 2.11957e-01
8.02135e+02 2.12454e-01
8.02562e+02 2.12953e-01
8.02988e+02 2.13416e-01
8.03415e+02 2.13822e-01
8.03841e+02 2.14138e-01
8.04268e+02 2.14360e-01
8.04694e+02 2.14543e-01
8.05121e+02 2.14690e-01
8.05547e+02 2.14835e-01
8.05973e+02 2.15018e-01
8.06400e+02 2.15272e-01
8.06826e+02 2.15618e-01
8.07252e+02 2.16046e-01
8.07679e+02 2.16536e-01
8.08105e+02 2.17057e-01
8.08531e+02 2.17543e-01
8.08957e+02 2.17995e-01
8.09383e+02 2.18358e-01
8.09810e+02 2.18629e-01
8.10236e+02 2.18815e-01
8.10662e+02 2.18971e-01
8.11088e+02 2.19117e-01
8.11514e+02 2.19290e-01
8.11940e+02 2.19518e-01
8.12366e+02 2.19805e-01
8.12792e+02 2.20147e-01
8.13217e+02 2.20556e-01
8.13643e+02 2.21028e-01
8.14069e+02 2.21519e-01
8.14495e+02 2.21999e-01
8.14921e+02 2.22455e-01
8.15346e+02 2.22868e-01
8.15772e+02 2.23198e-01
8.16198e+02 2.23490e-01
8.16623e+02 2.23713e-01
8.17049e+02 2.23933e-01
8.17475e+02 2.24162e-01
8.17900e+02 2.24402e-01
8.18326e+02 2.24668e-01
8.18751e+02 2.24966e-01
8.19177e+02 2.25328e-01
8.19602e+02 2.25747e-01
8.20027e+02 2.26210e-01
8.20453e+02 2.26691e-01
8.20878e+02 2.27148e-01
8.21303e+02 2.27544e-01
8.21729e+02 2.27885e-01
8.22154e+02 2.28127e-01
8.22579e+02 2.28288e-01
8.23004e+02 2.28410e-01
8.23430e+02 2.28560e-01
8.23855e+02 2.28734e-01
8.24280e+02 2.28963e-01
8.24705e+02 2.29267e-01
8.25130e+02 2.29626e-01
8.25555e+02 2.30022e-01
8.25980e+02 2.30439e-01
8.26405e+02 2.30852e-01
8.26830e+02 2.31228e-01
8.27255e+02 2.31549e-01
8.27680e+02 2.31838e-01
8.28104e+02 2.32065e-01
8.28529e+02 2.32280e-01
8.28954e+02 2.32468e-01
8.29379e+02 2.32656e-01
8.29803e+02 2.32873e-01
8.30228e+02 2.33111e-01
8.30653e+02 2.33372e-01
8.31077e+02 2.33618e-01
8.31502e+02 2.33816e-01
8.31927e+02 2.34002e-01
8.32351e+02 2.34179e-01
8.32776e+02 2.34354e-01
8.33200e+02 2.34551e-01
8.33625e+02 2.34789e-01
8.34049e+02 2.35038e-01
8.34473e+02 2.35302e-01
8.34898e+02 2.35548e-01
8.35322e+02 2.35813e-01
8.35746e+02 2.36085e-01
8.36171e+02 2.36372e-01
8.36595e+02 2.36647e-01
8.37019e+02 2.36919e-01
8.37443e+02 2.37191e-01
8.37868e+02 2.37442e-01
8.38292e+02 2.37649e-01
8.38716e+02 2.37836e-01
8.39140e+02 2.38025e-01
8.39564e+02 2.38165e-01
8.39988e+02 2.38307e-01
8.40412e+02 2.38454e-01
8.40836e+02 2.38607e-01
8.41260e+02 2.38800e-01
8.41684e+02 2.39028e-01
8.42107e+02 2.39323e-01
8.42531e+02 2.39661e-01
8.42955e+02 2.40028e-01
8.43379e+02 2.40390e-01
8.43803e+02 2.40691e-01
8.44226e+02 2.40924e-01
8.44650e+02 2.41087e-01
8.45074e+02 2.41168e-01
8.45497e+02 2.41206e-01
8.45921e+02 2.41211e-01
8.46344e+02 2.41204e-01
8.46768e+02 2.41229e-01
8.47191e+02 2.41302e-01
8.47615e+02 2.41446e-01
8.48038e+02 2.41672e-01
8.48462e+02 2.41986e-01
8.48885e+02 2.42381e-01
8.49308e+02 2.42807e-01
8.49732e+02 2.43245e-01
8.50155e+02 2.43643e-01
8.50578e+02 2.43981e-01
8.51001e+02 2.44256e-01
8.51425e+02 2.44466e-01
8.51848e+02 2.44615e-01
8.52271e+02 2.44706e-01
8.52694e+02 2.44762e-01
8.53117e+02 2.44773e-01
8.53540e+02 2.44785e-01
8.53963e+02 2.44775e-01
8.54386e+02 2.44835e-01
8.54809e+02 2.44963e-01
8.55232e+02 2.45176e-01
8.55655e+02 2.45491e-01
8.56078e+02 2.45898e-01
8.56501e+02 2.46353e-01
8.56924e+02 2.46779e-01
8.57346e+02 2.47164e-01
8.57769e+02 2.47492e-01
8.58192e+02 2.47772e-01
8.58614e+02 2.47979e-01
8.59037e+02 2.48131e-01
8.59460e+02 2.48243e-01
8.59882e+02 2.48335e-01
8.60305e+02 2.48409e-01
8.60727e+02 2.48486e-01
8.61150e+02 2.48579e-01
8.61572e+02 2.48712e-01
8.61995e+02 2.48892e-01
8.62417e+02 2.49121e-01
8.62840e+02 2.49404e-01
8.63262e+02 2.49798e-01
8.63684e+02 2.50308e-01
8.64107e+02 2.50912e-01
8.64529e+02 2.51534e-01
8.64951e+02 2.52175e-01
8.65373e+02 2.52774e-01
8.65796e+02 2.53335e-01
8.66218e+02 2.53853e-01
8.66640e+02 2.54338e-01
8.67062e+02 2.54809e-01
8.67484e+02 2.55261e-01
8.67906e+02 2.55726e-01
8.68328e+02 2.56225e-01
8.68750e+02 2.56754e-01
8.69172e+02 2.57318e-01
8.69594e+02 2.57955e-01
8.70016e+02 2.58635e-01
8.70438e+02 2.59368e-01
8.70859e+02 2.60154e-01
8.71281e+02 2.60963e-01
8.71703e+02 2.61798e-01
8.72125e+02 2.62596e-01
8.72546e+02 2.63325e-01
8.72968e+02 2.63948e-01
8.73390e+02 2.64439e-01
8.73811e+02 2.64832e-01
8.74233e+02 2.65105e-01
8.74654e+02 2.65291e-01
8.75076e+02 2.65399e-01
8.75497e+02 2.65484e-01
8.75919e+02 2.65508e-01
8.76340e+02 2.65531e-01
8.76762e+02 2.65534e-01
8.77183e+02 2.65573e-01
8.77604e+02 2.65634e-01
8.78026e+02 2.65771e-01
8.78447e+02 2.65991e-01
8.78868e+02 2.66251e-01
8.79289e+02 2.66516e-01
8.79711e+02 2.66738e-01
8.80132e+02 2.66951e-01
8.80553e+02 2.67104e-01
8.80974e+02 2.67222e-01
8.81395e+02 2.67293e-01
8.81816e+02 2.67333e-01
8.82237e+02 2.67334e-01
8.82658e+02 2.67325e-01
8.83079e+02 2.67305e-01
8.83500e+02 2.67278e-01
8.83921e+02 2.67280e-01
8.84342e+02 2.67269e-01
8.84762e+02 2.67260e-01
8.85183e+02 2.67311e-01
8.85604e+02 2.67447e-01
8.86025e+02 2.67705e-01
8.86445e+02 2.68068e-01
8.86866e+02 2.68490e-01
8.87287e+02 2.68918e-01
8.87707e+02 2.69335e-01
8.88128e+02 2.69683e-01
8.88549e+02 2.69986e-01
8.88969e+02 2.70225e-01
8.89390e+02 2.70419e-01
8.89810e+02 2.70576e-01
8.90230e+02 2.70702e-01
8.90651e+02 2.70869e-01
8.91071e+02 2.71033e-01
8.91492e+02 2.71217e-01
8.91912e+02 2.71454e-01
8.92332e+02 2.71734e-01
8.92752e+02 2.72059e-01
8.93173e+02 2.72457e-01
8.93593e+02 2.72960e-01
8.94013e+02 2.73542e-01
8.94433e+02 2.74218e-01
8.94853e+02 2.74920e-01
8.95273e+02 2.75618e-01
8.95693e+02 2.76260e-01
8.96113e+02 2.76817e-01
8.96533e+02 2.77284e-01
8.96953e+02 2.77658e-01
8.97373e+02 2.77974e-01
8.97793e+02 2.78250e-01
8.98213e+02 2.78514e-01
8.98633e+02 2.78757e-01
8.99052e+02 2.79009e-01
8.99472e+02 2.79272e-01
8.99892e+02 2.79558e-01
9.00312e+02 2.79889e-01
9.00731e+02 2.80263e-01
9.01151e+02 2.80679e-01
9.01571e+02 2.81142e-01
9.01990e+02 2.81661e-01
9.02410e+02 2.82222e-01
9.02829e+02 2.82807e-01
9.03249e+02 2.83402e-01
9.03668e+02 2.83980e-01
9.04088e+02 2.84495e-01
9.04507e+02 2.84936e-01
9.04926e+02 2.85291e-01
9.05346e+02 2.85579e-01
9.05765e+02 2.85783e-01
9.06184e+02 2.85953e-01
9.06604e+02 2.86138e-01
9.07023e+02 2.86303e-01
9.07442e+02 2.86504e-01
9.07861e+02 2.86773e-01
9.08280e+02 2.87137e-01
9.08699e+02 2.87540e-01
9.09118e+02 2.88022e-01
9.09537e+02 2.88552e-01
9.09956e+02 2.89139e-01
9.10375e+02 2.89780e-01
9.10794e+02 2.90454e-01
9.11213e+02 2.91164e-01
9.11632e+02 2.91855e-01
9.12051e+02 2.92511e-01
9.12470e+02 2.93094e-01
9.12889e+02 2.93601e-01
9.13307e+02 2.94065e-01
9.13726e+02 2.94472e-01
9.14145e+02 2.94841e-01
9.14563e+02 2.95208e-01
9.14982e+02 2.95633e-01
9.15401e+02 2.96186e-01
9.15819e+02 2.96829e-01
9.16238e+02 2.97590e-01
9.16656e+02 2.98408e-01
9.17075e+02 2.99310e-01
9.17493e+02 3.00294e-01
9.17912e+02 3.01302e-01
9.18330e+02 3.02331e-01
9.18748e+02 3.03403e-01
9.19167e+02 3.04495e-01
9.19585e+02 3.05585e-01
9.20003e+02 3.06665e-01
9.20422e+02 3.07746e-01
9.20840e+02 3.08811e-01
9.21258e+02 3.09858e-01
9.21676e+02 3.10871e-01
9.22094e+02 3.11872e-01
9.22512e+02 3.12876e-01
9.22930e+02 3.13944e-01
9.23348e+02 3.15111e-01
9.23766e+02 3.16361e-01
9.24184e+02 3.17782e-01
9.24602e+02 3.19361e-01
9.25020e+02 3.21059e-01
9.25438e+02 3.22831e-01
9.25856e+02 3.24672e-01
9.26274e+02 3.26564e-01
9.26692e+02 3.28499e-01
9.27109e+02 3.30516e-01
9.27527e+02 3.32593e-01
9.27945e+02 3.34835e-01
9.28362e+02 3.37303e-01
9.28780e+02 3.39974e-01
9.29198e+02 3.42918e-01
9.29615e+02 3.46131e-01
9.30033e+02 3.49688e-01
9.30450e+02 3.53556e-01
9.30868e+02 3.57817e-01
9.31285e+02 3.62463e-01
9.31703e+02 3.67643e-01
9.32120e+02 3.73295e-01
9.32537e+02 3.79571e-01
9.32955e+02 3.86395e-01
9.33372e+02 3.93799e-01
9.33789e+02 4.01789e-01
9.34206e+02 4.10169e-01
9.34624e+02 4.18897e-01
9.35041e+02 4.27864e-01
9.35458e+02 4.37100e-01
9.35875e+02 4.46593e-01
9.36292e+02 4.56353e-01
9.36709e+02 4.66304e-01
9.37126e+02 4.76381e-01
9.37543e+02 4.86509e-01
9.37960e+02 4.96400e-01
9.38377e+02 5.05837e-01
9.38794e+02 5.14604e-01
9.39211e+02 5.22591e-01
9.39628e+02 5.29828e-01
9.40044e+02 5.36128e-01
9.40461e+02 5.41525e-01
9.40878e+02 5.46054e-01
9.41295e+02 5.49697e-01
9.41711e+02 5.52225e-01
9.42128e+02 5.53606e-01
9.42545e+02 5.53752e-01
9.42961e+02 5.52633e-01
9.43378e+02 5.50391e-01
9.43794e+02 5.47226e-01
9.44211e+02 5.43296e-01
9.44627e+02 5.38831e-01
9.45044e+02 5.34004e-01
9.45460e+02 5.28973e-01
9.45876e+02 5.23798e-01
9.46293e+02 5.18482e-01
9.46709e+02 5.13124e-01
9.47125e+02 5.07680e-01
9.47542e+02 5.02199e-01
9.47958e+02 4.96755e-01
9.48374e+02 4.91370e-01
9.48790e+02 4.86044e-01
9.49206e+02 4.80848e-01
9.49622e+02 4.75854e-01
9.50038e+02 4.70961e-01
9.50454e+02 4.66247e-01
9.50870e+02 4.61685e-01
9.51286e+02 4.57209e-01
9.51702e+02 4.52984e-01
9.52118e+02 4.48792e-01
9.52534e+02 4.44836e-01
9.52950e+02 4.40926e-01
9.53366e+02 4.37175e-01
9.53782e+02 4.33571e-01
9.54197e+02 4.30162e-01
9.54613e+02 4.27066e-01
9.55029e+02 4.24318e-01
9.55444e+02 4.21900e-01
9.55860e+02 4.19727e-01
9.56276e+02 4.17700e-01
9.56691e+02 4.15838e-01
9.57107e+02 4.14101e-01
9.57522e+02 4.12449e-01
9.57938e+02 4.10957e-01
9.58353e+02 4.09655e-01
9.58769e+02 4.08559e-01
9.59184e+02 4.07645e-01
9.59599e+02 4.06900e-01
9.60015e+02 4.06295e-01
9.60430e+02 4.05780e-01
9.60845e+02 4.05323e-01
9.61261e+02 4.04876e-01
9.61676e+02 4.04495e-01
9.62091e+02 4.04141e-01
9.62506e+02 4.03856e-01
9.62921e+02 4.03639e-01
9.63336e+02 4.03548e-01
9.63751e+02 4.03560e-01
9.64166e+02 4.03670e-01
9.64581e+02 4.03862e-01
9.64996e+02 4.04103e-01
9.65411e+02 4.04398e-01
9.65826e+02 4.04766e-01
9.66241e+02 4.05093e-01
9.66656e+02 4.05396e-01
9.67071e+02 4.05700e-01
9.67485e+02 4.06024e-01
9.67900e+02 4.06351e-01
9.68315e+02 4.06715e-01
9.68729e+02 4.07122e-01
9.69144e+02 4.07599e-01
9.69559e+02 4.08158e-01
9.69973e+02 4.08790e-01
9.70388e+02 4.09477e-01
9.70802e+02 4.10175e-01
9.71217e+02 4.10879e-01
9.71631e+02 4.11613e-01
9.72046e+02 4.12328e-01
9.72460e+02 4.13069e-01
9.72874e+02 4.13803e-01
9.73289e+02 4.14523e-01
9.73703e+02 4.15190e-01
9.74117e+02 4.15890e-01
9.74532e+02 4.16582e-01
9.74946e+02 4.17254e-01
9.75360e+02 4.17910e-01
9.75774e+02 4.18616e-01
9.76188e+02 4.19424e-01
9.76602e+02 4.20311e-01
9.77016e+02 4.21309e-01
9.77430e+02 4.22391e-01
9.77844e+02 4.23499e-01
9.78258e+02 4.24630e-01
9.78672e+02 4.25730e-01
9.79086e+02 4.26864e-01
9.79500e+02 4.28051e-01
9.79914e+02 4.29304e-01
9.80328e+02 4.30721e-01
9.80742e+02 4.32301e-01
9.81155e+02 4.33999e-01
9.81569e+02 4.35844e-01
9.81983e+02 4.37729e-01
9.82396e+02 4.39596e-01
9.82810e+02 4.41419e-01
9.83224e+02 4.43159e-01
9.83637e+02 4.44834e-01
9.84051e+02 4.46476e-01
9.84464e+02 4.48013e-01
9.84878e+02 4.49553e-01
9.85291e+02 4.51093e-01
9.85704e+02 4.52706e-01
9.86118e+02 4.54440e-01
9.86531e+02 4.56269e-01
9.86944e+02 4.58145e-01
9.87358e+02 4.60042e-01
9.87771e+02 4.61969e-01
9.88184e+02 4.63889e-01
9.88597e+02 4.65730e-01
9.89011e+02 4.67527e-01
9.89424e+02 4.69330e-01
9.89837e+02 4.71214e-01
9.90250e+02 4.73209e-01
9.90663e+02 4.75342e-01
9.91076e+02 4.77606e-01
9.91489e+02 4.80021e-01
9.91902e+02 4.82540e-01
9.92315e+02 4.85193e-01
9.92728e+02 4.87937e-01
9.93140e+02 4.90660e-01
9.93553e+02 4.93361e-01
9.93966e+02 4.95991e-01
9.94379e+02 4.98552e-01
9.94791e+02 5.00999e-01
9.95204e+02 5.03326e-01
9.95617e+02 5.05623e-01
9.96029e+02 5.08005e-01
9.96442e+02 5.10462e-01
9.96855e+02 5.12958e-01
9.97267e+02 5.15526e-01
9.97680e+02 5.18182e-01
9.98092e+02 5.20896e-01
9.98504e+02 5.23612e-01
9.98917e+02 5.26316e-01
9.99329e+02 5.29030e-01
9.99742e+02 5.31767e-01
1.00015e+03 5.34590e-01
1.00057e+03 5.37497e-01
1.00098e+03 5.40547e-01
1.00139e+03 5.43852e-01
1.00180e+03 5.47418e-01
1.00222e+03 5.51304e-01
1.00263e+03 5.55460e-01
1.00304e+03 5.59895e-01
1.00345e+03 5.64476e-01
1.00386e+03 5.69169e-01
1.00427e+03 5.73815e-01
1.00469e+03 5.78445e-01
1.00510e+03 5.82965e-01
1.00551e+03 5.87419e-01
1.00592e+03 5.91866e-01
1.00634e+03 5.96267e-01
1.00675e+03 6.00601e-01
1.00716e+03 6.04870e-01
1.00757e+03 6.09208e-01
1.00798e+03 6.13601e-01
1.00839e+03 6.18014e-01
1.00880e+03 6.22490e-01
1.00922e+03 6.26935e-01
1.00963e+03 6.31350e-01
1.01004e+03 6.35781e-01
1.01045e+03 6.40162e-01
1.01086e+03 6.44588e-01
1.01127e+03 6.48958e-01
1.01169e+03 6.53497e-01
1.01210e+03 6.58149e-01
1.01251e+03 6.62983e-01
1.01292e+03 6.68032e-01
1.01333e+03 6.73373e-01
1.01374e+03 6.79084e-01
1.01415e+03 6.85061e-01
1.01457e+03 6.91544e-01
1.01498e+03 6.98389e-01
1.01539e+03 7.05491e-01
1.01580e+03 7.12801e-01
1.01621e+03 7.20310e-01
1.01662e+03 7.27955e-01
1.01703e+03 7.35615e-01
1.01744e+03 7.43368e-01
1.01785e+03 7.51173e-01
1.01826e+03 7.58913e-01
1.01868e+03 7.66543e-01
1.01909e+03 7.73919e-01
1.01950e+03 7.81134e-01
1.01991e+03 7.88010e-01
1.02032e+03 7.94460e-01
1.02073e+03 8.00537e-01
1.02114e+03 8.06360e-01
1.02155e+03 8.11858e-01
1.02196e+03 8.17298e-01
1.02237e+03 8.22601e-01
1.02278e+03 8.28023e-01
1.02319e+03 8.33568e-01
1.02360e+03 8.39487e-01
1.02401e+03 8.45733e-01
1.02442e+03 8.52503e-01
1.02484e+03 8.59682e-01
1.02525e+03 8.67582e-01
1.02566e+03 8.76036e-01
1.02607e+03 8.84957e-01
1.02648e+03 8.94367e-01
1.02689e+03 9.04291e-01
1.02730e+03 9.14542e-01
1.02771e+03 9.25201e-01
1.02812e+03 9.36224e-01
1.02853e+03 9.47725e-01
1.02894e+03 9.59435e-01
1.02935e+03 9.71409e-01
1.02976e+03 9.83777e-01
1.03017e+03 9.96460e-01
1.03058e+03 1.00913e+00
1.03099e+03 1.02196e+00
1.03140e+03 1.03469e+00
1.03181e+03 1.04704e+00
1.03222e+03 1.05912e+00
1.03263e+03 1.07070e+00
1.03304e+03 1.08184e+00
1.03345e+03 1.09237e+00
1.03386e+03 1.10269e+00
1.03427e+03 1.11272e+00
1.03468e+03 1.12256e+00
1.03509e+03 1.13227e+00
1.03550e+03 1.14163e+00
1.03590e+03 1.15112e+00
1.03632e+03 1.16092e+00
1.03672e+03 1.17133e+00
1.03713e+03 1.18226e+00
1.03754e+03 1.19395e+00
1.03795e+03 1.20646e+00
1.03836e+03 1.21961e+00
1.03877e+03 1.23366e+00
1.03918e+03 1.24848e+00
1.03959e+03 1.26432e+00
1.04000e+03 1.28100e+00
1.04041e+03 1.29820e+00
1.04082e+03 1.31614e+00
1.04123e+03 1.33463e+00
1.04164e+03 1.35356e+00
1.04205e+03 1.37288e+00
1.04245e+03 1.39236e+00
1.04286e+03 1.41205e+00
1.04327e+03 1.43169e+00
1.04368e+03 1.45136e+00
1.04409e+03 1.47113e+00
1.04450e+03 1.49095e+00
1.04491e+03 1.51032e+00
1.04532e+03 1.52906e+00
1.04573e+03 1.54777e+00
1.04613e+03 1.56578e+00
1.04654e+03 1.58369e+00
1.04695e+03 1.60149e+00
1.04736e+03 1.61928e+00
1.04777e+03 1.63717e+00
1.04818e+03 1.65537e+00
1.04859e+03 1.67385e+00
1.04899e+03 1.69309e+00
1.04940e+03 1.71308e+00
1.04981e+03 1.73395e+00
1.05022e+03 1.75633e+00
1.05063e+03 1.77996e+00
1.05104e+03 1.80491e+00
1.05145e+03 1.83164e+00
1.05185e+03 1.86009e+00
1.05226e+03 1.89087e+00
1.05267e+03 1.92353e+00
1.05308e+03 1.95828e+00
1.05349e+03 1.99474e+00
1.05389e+03 2.03291e+00
1.05430e+03 2.07294e+00
1.05471e+03 2.11516e+00
1.05512e+03 2.15940e+00
1.05553e+03 2.20573e+00
1.05594e+03 2.25486e+00
1.05634e+03 2.30575e+00
1.05675e+03 2.35854e+00
1.05716e+03 2.41226e+00
1.05757e+03 2.46704e+00
1.05798e+03 2.52403e+00
1.05838e+03 2.58314e+00
1.05879e+03 2.64435e+00
1.05920e+03 2.70691e+00
1.05961e+03 2.77166e+00
1.06002e+03 2.83700e+00
1.06042e+03 2.90344e+00
1.06083e+03 2.97310e+00
1.06124e+03 3.04354e+00
1.06164e+03 3.11588e+00
1.06205e+03 3.18996e+00
1.06246e+03 3.26621e+00
1.06287e+03 3.34442e+00
1.06328e+03 3.42492e+00
1.06368e+03 3.50863e+00
1.06409e+03 3.60323e+00
1.06450e+03 3.70472e+00
1.06490e+03 3.81159e+00
1.06531e+03 3.92290e+00
1.06572e+03 4.04130e+00
1.06613e+03 4.16489e+00
1.06653e+03 4.29515e+00
1.06694e+03 4.42813e+00
1.06735e+03 4.56568e+00
1.06776e+03 4.70817e+00
1.06816e+03 4.85557e+00
1.06857e+03 5.01043e+00
1.06898e+03 5.17044e+00
1.06938e+03 5.33448e+00
1.06979e+03 5.50841e+00
1.07020e+03 5.68782e+00
1.07060e+03 5.87463e+00
1.07101e+03 6.06973e+00
1.07142e+03 6.27319e+00
1.07182e+03 6.47994e+00
1.07223e+03 6.70146e+00
1.07264e+03 6.92521e+00
1.07305e+03 7.15742e+00
1.07345e+03 7.39747e+00
1.07386e+03 7.64814e+00
1.07426e+03 7.90856e+00
1.07467e+03 8.18985e+00
1.07508e+03 8.48735e+00
1.07548e+03 8.79519e+00
1.07589e+03 9.12396e+00
1.07630e+03 9.46861e+00
1.07670e+03 9.84958e+00
1.07711e+03 1.02461e+01
1.07752e+03 1.06656e+01
1.07792e+03 1.11206e+01
1.07833e+03 1.15947e+01
1.07873e+03 1.20958e+01
1.07914e+03 1.26257e+01
1.07955e+03 1.31799e+01
1.07995e+03 1.37783e+01
1.08036e+03 1.44163e+01
1.08077e+03 1.50998e+01
1.08117e+03 1.58154e+01
1.08158e+03 1.65881e+01
1.08198e+03 1.73986e+01
1.08239e+03 1.82485e+01
1.08280e+03 1.91641e+01
1.08320e+03 2.00590e+01
1.08361e+03 2.10091e+01
1.08401e+03 2.20202e+01
1.08442e+03 2.30568e+01
1.08483e+03 2.41362e+01
1.08523e+03 2.52497e+01
1.08564e+03 2.64204e+01
1.08604e+03 2.76255e+01
1.08645e+03 2.88318e+01
1.08685e+03 3.00910e+01
1.08726e+03 3.13592e+01
1.08766e+03 3.26426e+01
1.08807e+03 3.39349e+01
1.08847e+03 3.52295e+01
1.08888e+03 3.65190e+01
1.08929e+03 3.77965e+01
1.08969e+03 3.90548e+01
1.09010e+03 4.02872e+01
1.09050e+03 4.14877e+01
1.09091e+03 4.26509e+01
1.09131e+03 4.37731e+01
1.09172e+03 4.48517e+01
1.09212e+03 4.58857e+01
1.09253e+03 4.68761e+01
1.09293e+03 4.78257e+01
1.09334e+03 4.87399e+01
1.09374e+03 4.96257e+01
1.09415e+03 5.04924e+01
1.09455e+03 5.13520e+01
1.09496e+03 5.22186e+01
1.09536e+03 5.31090e+01
1.09577e+03 5.40428e+01
1.09617e+03 5.50434e+01
1.09658e+03 5.61374e+01
1.09698e+03 5.73571e+01
1.09739e+03 5.87408e+01
1.09779e+03 6.03356e+01
