2.11055e+02 0.00000e+00
2.11513e+02 0.00000e+00
2.11972e+02 0.00000e+00
2.12430e+02 0.00000e+00
2.12889e+02 0.00000e+00
2.13347e+02 0.00000e+00
2.13805e+02 0.00000e+00
2.14264e+02 0.00000e+00
2.14722e+02 0.00000e+00
2.15181e+02 0.00000e+00
2.15639e+02 0.00000e+00
2.16097e+02 0.00000e+00
2.16556e+02 0.00000e+00
2.17014e+02 0.00000e+00
2.17472e+02 0.00000e+00
2.17930e+02 0.00000e+00
2.18389e+02 0.00000e+00
2.18847e+02 0.00000e+00
2.19305e+02 0.00000e+00
2.19763e+02 0.00000e+00
2.20222e+02 0.00000e+00
2.20680e+02 0.00000e+00
2.21138e+02 0.00000e+00
2.21596e+02 0.00000e+00
2.22054e+02 0.00000e+00
2.22513e+02 0.00000e+00
2.22971e+02 0.00000e+00
2.23429e+02 0.00000e+00
2.23887e+02 0.00000e+00
2.24345e+02 0.00000e+00
2.24803e+02 0.00000e+00
2.25261e+02 0.00000e+00
2.25719e+02 0.00000e+00
2.26177e+02 0.00000e+00
2.26635e+02 0.00000e+00
2.27093e+02 0.00000e+00
2.27551e+02 0.00000e+00
2.28009e+02 0.00000e+00
2.28467e+02 0.00000e+00
2.28925e+02 0.00000e+00
2.29383e+02 0.00000e+00
2.29841e+02 0.00000e+00
2.30299e+02 0.00000e+00
2.30756e+02 0.00000e+00
2.31214e+02 0.00000e+00
2.31672e+02 0.00000e+00
2.32130e+02 0.00000e+00
2.32588e+02 0.00000e+00
2.33045e+02 0.00000e+00
2.33503e+02 0.00000e+00
2.33961e+02 0.00000e+00
2.34419e+02 0.00000e+00
2.34876e+02 0.00000e+00
2.35334e+02 0.00000e+00
2.35792e+02 0.00000e+00
2.36250e+02 0.00000e+00
2.36707e+02 0.00000e+00
2.37165e+02 0.00000e+00
2.37622e+02 0.00000e+00
2.38080e+02 0.00000e+00
2.38538e+02 0.00000e+00
2.38995e+02 0.00000e+00
2.39453e+02 0.00000e+00
2.39910e+02 0.00000e+00
2.40368e+02 0.00000e+00
2.40825e+02 0.00000e+00
2.41283e+02 0.00000e+00
2.41740e+02 0.00000e+00
2.42198e+02 0.00000e+00
2.42655e+02 0.00000e+00
2.43113e+02 0.00000e+00
2.43570e+02 0.00000e+00
2.44028e+02 0.00000e+00
2.44485e+02 0.00000e+00
2.44942e+02 0.00000e+00
2.45400e+02 0.00000e+00
2.45857e+02 0.00000e+00
2.46315e+02 0.00000e+00
2.46772e+02 0.00000e+00
2.47229e+02 0.00000e+00
2.47686e+02 0.00000e+00
2.48144e+02 0.00000e+00
2.48601e+02 0.00000e+00
2.49058e+02 0.00000e+00
2.49515e+02 0.00000e+00
2.49973e+02 0.00000e+00
2.50430e+02 0.00000e+00
2.50887e+02 0.00000e+00
2.51344e+02 0.00000e+00
2.51801e+02 0.00000e+00
2.52258e+02 0.00000e+00
2.52715e+02 0.00000e+00
2.53173e+02 0.00000e+00
2.53630e+02 0.00000e+00
2.54087e+02 0.00000e+00
2.54544e+02 0.00000e+00
2.55001e+02 0.00000e+00
2.55458e+02 0.00000e+00
2.55915e+02 0.00000e+00
2.56372e+02 0.00000e+00
2.56829e+02 0.00000e+00
2.57286e+02 0.00000e+00
2.57743e+02 0.00000e+00
2.58200e+02 0.00000e+00
2.58656e+02 0.00000e+00
2.59113e+02 0.00000e+00
2.59570e+02 0.00000e+00
2.60027e+02 0.00000e+00
2.60484e+02 0.00000e+00
2.60941e+02 0.00000e+00
2.61398e+02 0.00000e+00
2.61854e+02 0.00000e+00
2.62311e+02 0.00000e+00
2.62768e+02 0.00000e+00
2.63225e+02 0.00000e+00
2.63681e+02 0.00000e+00
2.64138e+02 0.00000e+00
2.64595e+02 0.00000e+00
2.65051e+02 0.00000e+00
2.65508e+02 0.00000e+00
2.65965e+02 0.00000e+00
2.66421e+02 0.00000e+00
2.66878e+02 0.00000e+00
2.67334e+02 0.00000e+00
2.67791e+02 0.00000e+00
2.68248e+02 0.00000e+00
2.68704e+02 0.00000e+00
2.69161e+02 0.00000e+00
2.69617e+02 0.00000e+00
2.70074e+02 0.00000e+00
2.70530e+02 0.00000e+00
2.70987e+02 0.00000e+00
2.71443e+02 0.00000e+00
2.71899e+02 0.00000e+00
2.72356e+02 0.00000e+00
2.72812e+02 0.00000e+00
2.73269e+02 0.00000e+00
2.73725e+02 0.00000e+00
2.74181e+02 0.00000e+00
2.74638e+02 0.00000e+00
2.75094e+02 0.00000e+00
2.75550e+02 0.00000e+00
2.76007e+02 0.00000e+00
2.76463e+02 0.00000e+00
2.76919e+02 0.00000e+00
2.77375e+02 0.00000e+00
2.77831e+02 0.00000e+00
2.78288e+02 0.00000e+00
2.78744e+02 0.00000e+00
2.79200e+02 0.00000e+00
2.79656e+02 0.00000e+00
2.80112e+02 0.00000e+00
2.80568e+02 0.00000e+00
2.81024e+02 0.00000e+00
2.81481e+02 0.00000e+00
2.81937e+02 0.00000e+00
2.82393e+02 0.00000e+00
2.82849e+02 0.00000e+00
2.83305e+02 0.00000e+00
2.83761e+02 0.00000e+00
2.84217e+02 0.00000e+00
2.84673e+02 0.00000e+00
2.85129e+02 0.00000e+00
2.85584e+02 0.00000e+00
2.86040e+02 0.00000e+00
2.86496e+02 0.00000e+00
2.86952e+02 0.00000e+00
2.87408e+02 0.00000e+00
2.87864e+02 0.00000e+00
2.88320e+02 0.00000e+00
2.88775e+02 0.00000e+00
2.89231e+02 0.00000e+00
2.89687e+02 0.00000e+00
2.90143e+02 0.00000e+00
2.90598e+02 0.00000e+00
2.91054e+02 0.00000e+00
2.91510e+02 0.00000e+00
2.91966e+02 0.00000e+00
2.92421e+02 0.00000e+00
2.92877e+02 0.00000e+00
2.93332e+02 0.00000e+00
2.93788e+02 0.00000e+00
2.94244e+02 0.00000e+00
2.94699e+02 0.00000e+00
2.95155e+02 0.00000e+00
2.95610e+02 0.00000e+00
2.96066e+02 0.00000e+00
2.96521e+02 0.00000e+00
2.96977e+02 0.00000e+00
2.97432e+02 0.00000e+00
2.97888e+02 0.00000e+00
2.98343e+02 0.00000e+00
2.98799e+02 0.00000e+00
2.99254e+02 0.00000e+00
2.99709e+02 0.00000e+00
3.00165e+02 0.00000e+00
3.00620e+02 0.00000e+00
3.01075e+02 0.00000e+00
3.01531e+02 0.00000e+00
3.01986e+02 0.00000e+00
3.02441e+02 0.00000e+00
3.02897e+02 0.00000e+00
3.03352e+02 0.00000e+00
3.03807e+02 0.00000e+00
3.04262e+02 0.00000e+00
3.04718e+02 0.00000e+00
3.05173e+02 0.00000e+00
3.05628e+02 0.00000e+00
3.06083e+02 0.00000e+00
3.06538e+02 0.00000e+00
3.06993e+02 0.00000e+00
3.07448e+02 0.00000e+00
3.07903e+02 0.00000e+00
3.08358e+02 0.00000e+00
3.08813e+02 0.00000e+00
3.09268e+02 0.00000e+00
3.09723e+02 0.00000e+00
3.10178e+02 0.00000e+00
3.10633e+02 0.00000e+00
3.11088e+02 0.00000e+00
3.11543e+02 0.00000e+00
3.11998e+02 0.00000e+00
3.12453e+02 0.00000e+00
3.12908e+02 0.00000e+00
3.13363e+02 0.00000e+00
3.13818e+02 0.00000e+00
3.14272e+02 0.00000e+00
3.14727e+02 0.00000e+00
3.15182e+02 0.00000e+00
3.15637e+02 0.00000e+00
3.16092e+02 0.00000e+00
3.16546e+02 0.00000e+00
3.17001e+02 0.00000e+00
3.17456e+02 0.00000e+00
3.17910e+02 0.00000e+00
3.18365e+02 0.00000e+00
3.18820e+02 0.00000e+00
3.19274e+02 0.00000e+00
3.19729e+02 0.00000e+00
3.20183e+02 0.00000e+00
3.20638e+02 0.00000e+00
3.21093e+02 0.00000e+00
3.21547e+02 0.00000e+00
3.22002e+02 0.00000e+00
3.22456e+02 0.00000e+00
3.22911e+02 0.00000e+00
3.23365e+02 0.00000e+00
3.23819e+02 0.00000e+00
3.24274e+02 0.00000e+00
3.24728e+02 0.00000e+00
3.25183e+02 0.00000e+00
3.25637e+02 0.00000e+00
3.26091e+02 0.00000e+00
3.26546e+02 0.00000e+00
3.27000e+02 0.00000e+00
3.27454e+02 0.00000e+00
3.27909e+02 0.00000e+00
3.28363e+02 0.00000e+00
3.28817e+02 0.00000e+00
3.29271e+02 0.00000e+00
3.29725e+02 0.00000e+00
3.30180e+02 0.00000e+00
3.30634e+02 0.00000e+00
3.31088e+02 0.00000e+00
3.31542e+02 0.00000e+00
3.31996e+02 0.00000e+00
3.32450e+02 0.00000e+00
3.32904e+02 0.00000e+00
3.33358e+02 0.00000e+00
3.33812e+02 0.00000e+00
3.34266e+02 0.00000e+00
3.34720e+02 0.00000e+00
3.35174e+02 0.00000e+00
3.35628e+02 0.00000e+00
3.36082e+02 0.00000e+00
3.36536e+02 0.00000e+00
3.36990e+02 0.00000e+00
3.37444e+02 0.00000e+00
3.37898e+02 0.00000e+00
3.38352e+02 0.00000e+00
3.38806e+02 0.00000e+00
3.39259e+02 0.00000e+00
3.39713e+02 0.00000e+00
3.40167e+02 0.00000e+00
3.40621e+02 0.00000e+00
3.41074e+02 0.00000e+00
3.41528e+02 0.00000e+00
3.41982e+02 0.00000e+00
3.42435e+02 0.00000e+00
3.42889e+02 0.00000e+00
3.43343e+02 0.00000e+00
3.43796e+02 0.00000e+00
3.44250e+02 0.00000e+00
3.44704e+02 0.00000e+00
3.45157e+02 0.00000e+00
3.45611e+02 0.00000e+00
3.46064e+02 0.00000e+00
3.46518e+02 0.00000e+00
3.46971e+02 0.00000e+00
3.47425e+02 0.00000e+00
3.47878e+02 0.00000e+00
3.48332e+02 0.00000e+00
3.48785e+02 0.00000e+00
3.49238e+02 0.00000e+00
3.49692e+02 0.00000e+00
3.50145e+02 2.96470e-01
3.50598e+02 2.92934e-01
3.51052e+02 2.89026e-01
3.51505e+02 2.85575e-01
3.51958e+02 2.82841e-01
3.52412e+02 2.79575e-01
3.52865e+02 2.76663e-01
3.53318e+02 2.75140e-01
3.53771e+02 2.72179e-01
3.54224e+02 2.69904e-01
3.54678e+02 2.67926e-01
3.55131e+02 2.64806e-01
3.55584e+02 2.62415e-01
3.56037e+02 2.60115e-01
3.56490e+02 2.58101e-01
3.56943e+02 2.56082e-01
3.57396e+02 2.53854e-01
3.57849e+02 2.51596e-01
3.58302e+02 2.49726e-01
3.58755e+02 2.47629e-01
3.59208e+02 2.45343e-01
3.59661e+02 2.43008e-01
3.60114e+02 2.41098e-01
3.60567e+02 2.39249e-01
3.61020e+02 2.37461e-01
3.61473e+02 2.35583e-01
3.61926e+02 2.33631e-01
3.62378e+02 2.31587e-01
3.62831e+02 2.29640e-01
3.63284e+02 2.27904e-01
3.63737e+02 2.25847e-01
3.64190e+02 2.24002e-01
3.64642e+02 2.21883e-01
3.65095e+02 2.20153e-01
3.65548e+02 2.18732e-01
3.66000e+02 2.17034e-01
3.66453e+02 2.15386e-01
3.66906e+02 2.13660e-01
3.67358e+02 2.12094e-01
3.67811e+02 2.10385e-01
3.68263e+02 2.08731e-01
3.68716e+02 2.07344e-01
3.69169e+02 2.05447e-01
3.69621e+02 2.03765e-01
3.70074e+02 2.01730e-01
3.70526e+02 2.00033e-01
3.70979e+02 1.98147e-01
3.71431e+02 1.96374e-01
3.71883e+02 1.94538e-01
3.72336e+02 1.92483e-01
3.72788e+02 1.90604e-01
3.73241e+02 1.88717e-01
3.73693e+02 1.86874e-01
3.74145e+02 1.85102e-01
3.74598e+02 1.83281e-01
3.75050e+02 1.81582e-01
3.75502e+02 1.79895e-01
3.75954e+02 1.78427e-01
3.76407e+02 1.76906e-01
3.76859e+02 1.75265e-01
3.77311e+02 1.73717e-01
3.77763e+02 1.72217e-01
3.78215e+02 1.70746e-01
3.78667e+02 1.69327e-01
3.79119e+02 1.67854e-01
3.79572e+02 1.66426e-01
3.80024e+02 1.65118e-01
3.80476e+02 1.63731e-01
3.80928e+02 1.62423e-01
3.81380e+02 1.61073e-01
3.81832e+02 1.59768e-01
3.82284e+02 1.58431e-01
3.82736e+02 1.57150e-01
3.83187e+02 1.55829e-01
3.83639e+02 1.54564e-01
3.84091e+02 1.53342e-01
3.84543e+02 1.52147e-01
3.84995e+02 1.50902e-01
3.85447e+02 1.49706e-01
3.85899e+02 1.48575e-01
3.86350e+02 1.47331e-01
3.86802e+02 1.46047e-01
3.87254e+02 1.44924e-01
3.87706e+02 1.43727e-01
3.88157e+02 1.42565e-01
3.88609e+02 1.41338e-01
3.89061e+02 1.40195e-01
3.89512e+02 1.39147e-01
3.89964e+02 1.38110e-01
3.90416e+02 1.37043e-01
3.90867e+02 1.35992e-01
3.91319e+02 1.34976e-01
3.91770e+02 1.34033e-01
3.92222e+02 1.33078e-01
3.92673e+02 1.32170e-01
3.93125e+02 1.31313e-01
3.93576e+02 1.30341e-01
3.94028e+02 1.29512e-01
3.94479e+02 1.28609e-01
3.94930e+02 1.27779e-01
3.95382e+02 1.26934e-01
3.95833e+02 1.26093e-01
3.96284e+02 1.25179e-01
3.96736e+02 1.24354e-01
3.97187e+02 1.23547e-01
3.97638e+02 1.22735e-01
3.98090e+02 1.21911e-01
3.98541e+02 1.21118e-01
3.98992e+02 1.20305e-01
3.99443e+02 1.19548e-01
3.99894e+02 1.18803e-01
4.00346e+02 1.18055e-01
4.00797e+02 1.17299e-01
4.01248e+02 1.16538e-01
4.01699e+02 1.15800e-01
4.02150e+02 1.15125e-01
4.02601e+02 1.14423e-01
4.03052e+02 1.13762e-01
4.03503e+02 1.13122e-01
4.03954e+02 1.12511e-01
4.04405e+02 1.11876e-01
4.04856e+02 1.11257e-01
4.05307e+02 1.10666e-01
4.05758e+02 1.10028e-01
4.06209e+02 1.09440e-01
4.06659e+02 1.08805e-01
4.07110e+02 1.08234e-01
4.07561e+02 1.07674e-01
4.08012e+02 1.07129e-01
4.08463e+02 1.06583e-01
4.08913e+02 1.06040e-01
4.09364e+02 1.05514e-01
4.09815e+02 1.05003e-01
4.10266e+02 1.04500e-01
4.10716e+02 1.03979e-01
4.11167e+02 1.03460e-01
4.11617e+02 1.02978e-01
4.12068e+02 1.02477e-01
4.12519e+02 1.01976e-01
4.12969e+02 1.01473e-01
4.13420e+02 1.00976e-01
4.13870e+02 1.00493e-01
4.14321e+02 1.00036e-01
4.14771e+02 9.95427e-02
4.15222e+02 9.90832e-02
4.15672e+02 9.86154e-02
4.16123e+02 9.81586e-02
4.16573e+02 9.76947e-02
4.17023e+02 9.72442e-02
4.17474e+02 9.68084e-02
4.17924e+02 9.63525e-02
4.18374e+02 9.59312e-02
4.18825e+02 9.54757e-02
4.19275e+02 9.50448e-02
4.19725e+02 9.46240e-02
4.20175e+02 9.41817e-02
4.20626e+02 9.37815e-02
4.21076e+02 9.33851e-02
4.21526e+02 9.29679e-02
4.21976e+02 9.25698e-02
4.22426e+02 9.21679e-02
4.22876e+02 9.17928e-02
4.23326e+02 9.14054e-02
4.23776e+02 9.10421e-02
4.24226e+02 9.06651e-02
4.24676e+02 9.03101e-02
4.25126e+02 8.99629e-02
4.25576e+02 8.96165e-02
4.26026e+02 8.92848e-02
4.26476e+02 8.89603e-02
4.26926e+02 8.86428e-02
4.27376e+02 8.83537e-02
4.27826e+02 8.80541e-02
4.28276e+02 8.77617e-02
4.28726e+02 8.74784e-02
4.29175e+02 8.71928e-02
4.29625e+02 8.69188e-02
4.30075e+02 8.66231e-02
4.30525e+02 8.63314e-02
4.30974e+02 8.60531e-02
4.31424e+02 8.57767e-02
4.31874e+02 8.54964e-02
4.32323e+02 8.52282e-02
4.32773e+02 8.49588e-02
4.33223e+02 8.47092e-02
4.33672e+02 8.44521e-02
4.34122e+02 8.41864e-02
4.34571e+02 8.39420e-02
4.35021e+02 8.36951e-02
4.35470e+02 8.34409e-02
4.35920e+02 8.31950e-02
4.36369e+02 8.29529e-02
4.36819e+02 8.27068e-02
4.37268e+02 8.24733e-02
4.37717e+02 8.22269e-02
4.38167e+02 8.19904e-02
4.38616e+02 8.17609e-02
4.39065e+02 8.15351e-02
4.39515e+02 8.13108e-02
4.39964e+02 8.10785e-02
4.40413e+02 8.08651e-02
4.40862e+02 8.06388e-02
4.41312e+02 8.04219e-02
4.41761e+02 8.02009e-02
4.42210e+02 7.99900e-02
4.42659e+02 7.97803e-02
4.43108e+02 7.95659e-02
4.43557e+02 7.93433e-02
4.44006e+02 7.91321e-02
4.44455e+02 7.89273e-02
4.44904e+02 7.87223e-02
4.45353e+02 7.85103e-02
4.45802e+02 7.83005e-02
4.46251e+02 7.81033e-02
4.46700e+02 7.78989e-02
4.47149e+02 7.77060e-02
4.47598e+02 7.75093e-02
4.48047e+02 7.73355e-02
4.48496e+02 7.71400e-02
4.48945e+02 7.69563e-02
4.49394e+02 7.67713e-02
4.49842e+02 7.65907e-02
4.50291e+02 7.64027e-02
4.50740e+02 7.62063e-02
4.51189e+02 7.60317e-02
4.51637e+02 7.58627e-02
4.52086e+02 7.56833e-02
4.52535e+02 7.55211e-02
4.52983e+02 7.53535e-02
4.53432e+02 7.51896e-02
4.53880e+02 7.50335e-02
4.54329e+02 7.48700e-02
4.54777e+02 7.47061e-02
4.55226e+02 7.45519e-02
4.55674e+02 7.43861e-02
4.56123e+02 7.42399e-02
4.56571e+02 7.40905e-02
4.57020e+02 7.39342e-02
4.57468e+02 7.37760e-02
4.57917e+02 7.36105e-02
4.58365e+02 7.34662e-02
4.58813e+02 7.33228e-02
4.59262e+02 7.31783e-02
4.59710e+02 7.30284e-02
4.60158e+02 7.28825e-02
4.60606e+02 7.27370e-02
4.61055e+02 7.25839e-02
4.61503e+02 7.24386e-02
4.61951e+02 7.22854e-02
4.62399e+02 7.21432e-02
4.62847e+02 7.20006e-02
4.63295e+02 7.18546e-02
4.63744e+02 7.17096e-02
4.64192e+02 7.15718e-02
4.64640e+02 7.14437e-02
4.65088e+02 7.12964e-02
4.65536e+02 7.11601e-02
4.65984e+02 7.10287e-02
4.66432e+02 7.08972e-02
4.66880e+02 7.07676e-02
4.67327e+02 7.06342e-02
4.67775e+02 7.05031e-02
4.68223e+02 7.03752e-02
4.68671e+02 7.02501e-02
4.69119e+02 7.01151e-02
4.69567e+02 6.99878e-02
4.70014e+02 6.98619e-02
4.70462e+02 6.97375e-02
4.70910e+02 6.96065e-02
4.71358e+02 6.94862e-02
4.71805e+02 6.93652e-02
4.72253e+02 6.92405e-02
4.72701e+02 6.91127e-02
4.73148e+02 6.89974e-02
4.73596e+02 6.88890e-02
4.74043e+02 6.87774e-02
4.74491e+02 6.86680e-02
4.74938e+02 6.85501e-02
4.75386e+02 6.84471e-02
4.75833e+02 6.83340e-02
4.76281e+02 6.82247e-02
4.76728e+02 6.81133e-02
4.77176e+02 6.80019e-02
4.77623e+02 6.78923e-02
4.78070e+02 6.77807e-02
4.78518e+02 6.76659e-02
4.78965e+02 6.75538e-02
4.79412e+02 6.74440e-02
4.79860e+02 6.73308e-02
4.80307e+02 6.72261e-02
4.80754e+02 6.71084e-02
4.81201e+02 6.69932e-02
4.81648e+02 6.68897e-02
4.82096e+02 6.67902e-02
4.82543e+02 6.66938e-02
4.82990e+02 6.65886e-02
4.83437e+02 6.64942e-02
4.83884e+02 6.63923e-02
4.84331e+02 6.62969e-02
4.84778e+02 6.61955e-02
4.85225e+02 6.60958e-02
4.85672e+02 6.59972e-02
4.86119e+02 6.59002e-02
4.86566e+02 6.58108e-02
4.87013e+02 6.57155e-02
4.87459e+02 6.56223e-02
4.87906e+02 6.55361e-02
4.88353e+02 6.54483e-02
4.88800e+02 6.53570e-02
4.89247e+02 6.52622e-02
4.89693e+02 6.51747e-02
4.90140e+02 6.50896e-02
4.90587e+02 6.49972e-02
4.91034e+02 6.49069e-02
4.91480e+02 6.48186e-02
4.91927e+02 6.47321e-02
4.92373e+02 6.46362e-02
4.92820e+02 6.45552e-02
4.93267e+02 6.44560e-02
4.93713e+02 6.43602e-02
4.94160e+02 6.42633e-02
4.94606e+02 6.41672e-02
4.95053e+02 6.40605e-02
4.95499e+02 6.39634e-02
4.95945e+02 6.38518e-02
4.96392e+02 6.37414e-02
4.96838e+02 6.36380e-02
4.97285e+02 6.35371e-02
4.97731e+02 6.34319e-02
4.98177e+02 6.33297e-02
4.98623e+02 6.32199e-02
4.99070e+02 6.31052e-02
4.99516e+02 6.30019e-02
4.99962e+02 6.28867e-02
5.00408e+02 6.27827e-02
5.00854e+02 6.26755e-02
5.01301e+02 6.25701e-02
5.01747e+02 6.24654e-02
5.02193e+02 6.23636e-02
5.02639e+02 6.22625e-02
5.03085e+02 6.21697e-02
5.03531e+02 6.20743e-02
5.03977e+02 6.19786e-02
5.04423e+02 6.18838e-02
5.04869e+02 6.17865e-02
5.05315e+02 6.16912e-02
5.05761e+02 6.15946e-02
5.06206e+02 6.14975e-02
5.06652e+02 6.14036e-02
5.07098e+02 6.13098e-02
5.07544e+02 6.12170e-02
5.07990e+02 6.11216e-02
5.08435e+02 6.10292e-02
5.08881e+02 6.09280e-02
5.09327e+02 6.08304e-02
5.09773e+02 6.07290e-02
5.10218e+02 6.06331e-02
5.10664e+02 6.05339e-02
5.11109e+02 6.04342e-02
5.11555e+02 6.03346e-02
5.12001e+02 6.02341e-02
5.12446e+02 6.01358e-02
5.12892e+02 6.00390e-02
5.13337e+02 5.99460e-02
5.13783e+02 5.98503e-02
5.14228e+02 5.97532e-02
5.14673e+02 5.96528e-02
5.15119e+02 5.95539e-02
5.15564e+02 5.94618e-02
5.16009e+02 5.93681e-02
5.16455e+02 5.92725e-02
5.16900e+02 5.91863e-02
5.17345e+02 5.90905e-02
5.17791e+02 5.89981e-02
5.18236e+02 5.89129e-02
5.18681e+02 5.88296e-02
5.19126e+02 5.87477e-02
5.19571e+02 5.86645e-02
5.20016e+02 5.85762e-02
5.20461e+02 5.84959e-02
5.20907e+02 5.84167e-02
5.21352e+02 5.83366e-02
5.21797e+02 5.82578e-02
5.22242e+02 5.81752e-02
5.22687e+02 5.80906e-02
5.23131e+02 5.80103e-02
5.23576e+02 5.79284e-02
5.24021e+02 5.78482e-02
5.24466e+02 5.77734e-02
5.24911e+02 5.76935e-02
5.25356e+02 5.76164e-02
5.25801e+02 5.75434e-02
5.26245e+02 5.74704e-02
5.26690e+02 5.74009e-02
5.27135e+02 5.73357e-02
5.27580e+02 5.72715e-02
5.28024e+02 5.72065e-02
5.28469e+02 5.71367e-02
5.28914e+02 5.70724e-02
5.29358e+02 5.70063e-02
5.29803e+02 5.69399e-02
5.30247e+02 5.68821e-02
5.30692e+02 5.68267e-02
5.31136e+02 5.67692e-02
5.31581e+02 5.67152e-02
5.32025e+02 5.66649e-02
5.32470e+02 5.66161e-02
5.32914e+02 5.65664e-02
5.33358e+02 5.65195e-02
5.33803e+02 5.64702e-02
5.34247e+02 5.64208e-02
5.34691e+02 5.63774e-02
5.35136e+02 5.63322e-02
5.35580e+02 5.62925e-02
5.36024e+02 5.62547e-02
5.36468e+02 5.62185e-02
5.36912e+02 5.61801e-02
5.37357e+02 5.61475e-02
5.37801e+02 5.61095e-02
5.38245e+02 5.60728e-02
5.38689e+02 5.60423e-02
5.39133e+02 5.60145e-02
5.39577e+02 5.59901e-02
5.40021e+02 5.59680e-02
5.40465e+02 5.59457e-02
5.40909e+02 5.59243e-02
5.41353e+02 5.59026e-02
5.41797e+02 5.58811e-02
5.42241e+02 5.58669e-02
5.42684e+02 5.58513e-02
5.43128e+02 5.58348e-02
5.43572e+02 5.58148e-02
5.44016e+02 5.57982e-02
5.44460e+02 5.57817e-02
5.44903e+02 5.57616e-02
5.45347e+02 5.57450e-02
5.45791e+02 5.57270e-02
5.46234e+02 5.57066e-02
5.46678e+02 5.56905e-02
5.47121e+02 5.56717e-02
5.47565e+02 5.56541e-02
5.48009e+02 5.56397e-02
5.48452e+02 5.56197e-02
5.48896e+02 5.55978e-02
5.49339e+02 5.55802e-02
5.49783e+02 5.55620e-02
5.50226e+02 5.55398e-02
5.50669e+02 5.55210e-02
5.51113e+02 5.55002e-02
5.51556e+02 5.54837e-02
5.51999e+02 5.54599e-02
5.52443e+02 5.54372e-02
5.52886e+02 5.54151e-02
5.53329e+02 5.53893e-02
5.53772e+02 5.53659e-02
5.54216e+02 5.53460e-02
5.54659e+02 5.53265e-02
5.55102e+02 5.53061e-02
5.55545e+02 5.52885e-02
5.55988e+02 5.52744e-02
5.56431e+02 5.52609e-02
5.56874e+02 5.52495e-02
5.57317e+02 5.52345e-02
5.57760e+02 5.52177e-02
5.58203e+02 5.52040e-02
5.58646e+02 5.51924e-02
5.59089e+02 5.51770e-02
5.59532e+02 5.51625e-02
5.59975e+02 5.51477e-02
5.60417e+02 5.51321e-02
5.60860e+02 5.51168e-02
5.61303e+02 5.51005e-02
5.61746e+02 5.50791e-02
5.62188e+02 5.50626e-02
5.62631e+02 5.50459e-02
5.63074e+02 5.50308e-02
5.63516e+02 5.50133e-02
5.63959e+02 5.49950e-02
5.64402e+02 5.49736e-02
5.64844e+02 5.49515e-02
5.65287e+02 5.49290e-02
5.65729e+02 5.49104e-02
5.66172e+02 5.48909e-02
5.66614e+02 5.48697e-02
5.67057e+02 5.48449e-02
5.67499e+02 5.48242e-02
5.67942e+02 5.48030e-02
5.68384e+02 5.47801e-02
5.68826e+02 5.47595e-02
5.69268e+02 5.47424e-02
5.69711e+02 5.47206e-02
5.70153e+02 5.47052e-02
5.70595e+02 5.46915e-02
5.71037e+02 5.46812e-02
5.71480e+02 5.46716e-02
5.71922e+02 5.46637e-02
5.72364e+02 5.46552e-02
5.72806e+02 5.46488e-02
5.73248e+02 5.46432e-02
5.73690e+02 5.46425e-02
5.74132e+02 5.46392e-02
5.74574e+02 5.46350e-02
5.75016e+02 5.46310e-02
5.75458e+02 5.46314e-02
5.75900e+02 5.46301e-02
5.76342e+02 5.46314e-02
5.76784e+02 5.46285e-02
5.77226e+02 5.46293e-02
5.77667e+02 5.46302e-02
5.78109e+02 5.46317e-02
5.78551e+02 5.46337e-02
5.78993e+02 5.46383e-02
5.79434e+02 5.46392e-02
5.79876e+02 5.46428e-02
5.80318e+02 5.46452e-02
5.80759e+02 5.46484e-02
5.81201e+02 5.46449e-02
5.81642e+02 5.46434e-02
5.82084e+02 5.46423e-02
5.82525e+02 5.46367e-02
5.82967e+02 5.46303e-02
5.83408e+02 5.46214e-02
5.83850e+02 5.46158e-02
5.84291e+02 5.46060e-02
5.84733e+02 5.45946e-02
5.85174e+02 5.45815e-02
5.85615e+02 5.45658e-02
5.86057e+02 5.45510e-02
5.86498e+02 5.45341e-02
5.86939e+02 5.45198e-02
5.87380e+02 5.44992e-02
5.87822e+02 5.44800e-02
5.88263e+02 5.44608e-02
5.88704e+02 5.44421e-02
5.89145e+02 5.44229e-02
5.89586e+02 5.44029e-02
5.90027e+02 5.43819e-02
5.90468e+02 5.43580e-02
5.90909e+02 5.43296e-02
5.91350e+02 5.43048e-02
5.91791e+02 5.42781e-02
5.92232e+02 5.42502e-02
5.92673e+02 5.42252e-02
5.93114e+02 5.41983e-02
5.93555e+02 5.41693e-02
5.93996e+02 5.41441e-02
5.94436e+02 5.41182e-02
5.94877e+02 5.40905e-02
5.95318e+02 5.40635e-02
5.95759e+02 5.40386e-02
5.96199e+02 5.40134e-02
5.96640e+02 5.39888e-02
5.97081e+02 5.39662e-02
5.97521e+02 5.39468e-02
5.97962e+02 5.39232e-02
5.98402e+02 5.38997e-02
5.98843e+02 5.38797e-02
5.99283e+02 5.38613e-02
5.99724e+02 5.38449e-02
6.00164e+02 5.38325e-02
6.00605e+02 5.38179e-02
6.01045e+02 5.38059e-02
6.01485e+02 5.37928e-02
6.01926e+02 5.37826e-02
6.02366e+02 5.37732e-02
6.02806e+02 5.37644e-02
6.03247e+02 5.37548e-02
6.03687e+02 5.37459e-02
6.04127e+02 5.37359e-02
6.04567e+02 5.37250e-02
6.05007e+02 5.37194e-02
6.05447e+02 5.37140e-02
6.05888e+02 5.37099e-02
6.06328e+02 5.37025e-02
6.06768e+02 5.36983e-02
6.07208e+02 5.36918e-02
6.07648e+02 5.36848e-02
6.08088e+02 5.36774e-02
6.08527e+02 5.36676e-02
6.08967e+02 5.36578e-02
6.09407e+02 5.36473e-02
6.09847e+02 5.36407e-02
6.10287e+02 5.36343e-02
6.10727e+02 5.36272e-02
6.11166e+02 5.36177e-02
6.11606e+02 5.36093e-02
6.12046e+02 5.36027e-02
6.12486e+02 5.35957e-02
6.12925e+02 5.35886e-02
6.13365e+02 5.35797e-02
6.13804e+02 5.35729e-02
6.14244e+02 5.35627e-02
6.14684e+02 5.35507e-02
6.15123e+02 5.35446e-02
6.15563e+02 5.35371e-02
6.16002e+02 5.35313e-02
6.16441e+02 5.35283e-02
6.16881e+02 5.35246e-02
6.17320e+02 5.35199e-02
6.17760e+02 5.35173e-02
6.18199e+02 5.35126e-02
6.18638e+02 5.35108e-02
6.19077e+02 5.35091e-02
6.19517e+02 5.35064e-02
6.19956e+02 5.35030e-02
6.20395e+02 5.35012e-02
6.20834e+02 5.35016e-02
6.21273e+02 5.35030e-02
6.21712e+02 5.35036e-02
6.22152e+02 5.35054e-02
6.22591e+02 5.35072e-02
6.23030e+02 5.35117e-02
6.23469e+02 5.35184e-02
6.23908e+02 5.35266e-02
6.24346e+02 5.35306e-02
6.24785e+02 5.35375e-02
6.25224e+02 5.35456e-02
6.25663e+02 5.35565e-02
6.26102e+02 5.35667e-02
6.26541e+02 5.35774e-02
6.26979e+02 5.35854e-02
6.27418e+02 5.35885e-02
6.27857e+02 5.35923e-02
6.28296e+02 5.35998e-02
6.28734e+02 5.36103e-02
6.29173e+02 5.36138e-02
6.29611e+02 5.36193e-02
6.30050e+02 5.36230e-02
6.30489e+02 5.36290e-02
6.30927e+02 5.36310e-02
6.31366e+02 5.36351e-02
6.31804e+02 5.36402e-02
6.32242e+02 5.36436e-02
6.32681e+02 5.36500e-02
6.33119e+02 5.36600e-02
6.33558e+02 5.36709e-02
6.33996e+02 5.36808e-02
6.34434e+02 5.36895e-02
6.34872e+02 5.37021e-02
6.35311e+02 5.37166e-02
6.35749e+02 5.37353e-02
6.36187e+02 5.37522e-02
6.36625e+02 5.37721e-02
6.37063e+02 5.37936e-02
6.37501e+02 5.38151e-02
6.37939e+02 5.38377e-02
6.38377e+02 5.38611e-02
6.38815e+02 5.38895e-02
6.39253e+02 5.39140e-02
6.39691e+02 5.39392e-02
6.40129e+02 5.39660e-02
6.40567e+02 5.39889e-02
6.41005e+02 5.40085e-02
6.41443e+02 5.40302e-02
6.41881e+02 5.40484e-02
6.42318e+02 5.40684e-02
6.42756e+02 5.40818e-02
6.43194e+02 5.40938e-02
6.43632e+02 5.41047e-02
6.44069e+02 5.41142e-02
6.44507e+02 5.41218e-02
6.44945e+02 5.41276e-02
6.45382e+02 5.41337e-02
6.45820e+02 5.41365e-02
6.46257e+02 5.41358e-02
6.46695e+02 5.41338e-02
6.47132e+02 5.41297e-02
6.47570e+02 5.41261e-02
6.48007e+02 5.41196e-02
6.48444e+02 5.41166e-02
6.48882e+02 5.41155e-02
6.49319e+02 5.41144e-02
6.49756e+02 5.41081e-02
6.50194e+02 5.41042e-02
6.50631e+02 5.40982e-02
6.51068e+02 5.40954e-02
6.51505e+02 5.40925e-02
6.51942e+02 5.40918e-02
6.52379e+02 5.40916e-02
6.52817e+02 5.40918e-02
6.53254e+02 5.40986e-02
6.53691e+02 5.41061e-02
6.54128e+02 5.41158e-02
6.54565e+02 5.41271e-02
6.55002e+02 5.41422e-02
6.55438e+02 5.41564e-02
6.55875e+02 5.41692e-02
6.56312e+02 5.41833e-02
6.56749e+02 5.41969e-02
6.57186e+02 5.42081e-02
6.57623e+02 5.42184e-02
6.58059e+02 5.42324e-02
6.58496e+02 5.42499e-02
6.58933e+02 5.42651e-02
6.59369e+02 5.42820e-02
6.59806e+02 5.43016e-02
6.60243e+02 5.43252e-02
6.60679e+02 5.43481e-02
6.61116e+02 5.43720e-02
6.61552e+02 5.43989e-02
6.61989e+02 5.44246e-02
6.62425e+02 5.44527e-02
6.62862e+02 5.44774e-02
6.63298e+02 5.45040e-02
6.63734e+02 5.45308e-02
6.64171e+02 5.45536e-02
6.64607e+02 5.45767e-02
6.65043e+02 5.46039e-02
6.65479e+02 5.46288e-02
6.65916e+02 5.46534e-02
6.66352e+02 5.46740e-02
6.66788e+02 5.46986e-02
6.67224e+02 5.47200e-02
6.67660e+02 5.47414e-02
6.68096e+02 5.47656e-02
6.68532e+02 5.47929e-02
6.68968e+02 5.48179e-02
6.69404e+02 5.48382e-02
6.69840e+02 5.48598e-02
6.70276e+02 5.48827e-02
6.70712e+02 5.49060e-02
6.71148e+02 5.49321e-02
6.71584e+02 5.49534e-02
6.72020e+02 5.49800e-02
6.72455e+02 5.50058e-02
6.72891e+02 5.50285e-02
6.73327e+02 5.50497e-02
6.73763e+02 5.50760e-02
6.74198e+02 5.51038e-02
6.74634e+02 5.51324e-02
6.75069e+02 5.51627e-02
6.75505e+02 5.51925e-02
6.75941e+02 5.52259e-02
6.76376e+02 5.52581e-02
6.76812e+02 5.52933e-02
6.77247e+02 5.53281e-02
6.77682e+02 5.53647e-02
6.78118e+02 5.54044e-02
6.78553e+02 5.54401e-02
6.78989e+02 5.54760e-02
6.79424e+02 5.55125e-02
6.79859e+02 5.55502e-02
6.80294e+02 5.55861e-02
6.80730e+02 5.56233e-02
6.81165e+02 5.56612e-02
6.81600e+02 5.57007e-02
6.82035e+02 5.57390e-02
6.82470e+02 5.57750e-02
6.82905e+02 5.58116e-02
6.83340e+02 5.58480e-02
6.83775e+02 5.58838e-02
6.84210e+02 5.59175e-02
6.84645e+02 5.59518e-02
6.85080e+02 5.59837e-02
6.85515e+02 5.60112e-02
6.85950e+02 5.60403e-02
6.86385e+02 5.60695e-02
6.86819e+02 5.61006e-02
6.87254e+02 5.61263e-02
6.87689e+02 5.61495e-02
6.88124e+02 5.61733e-02
6.88558e+02 5.61963e-02
6.88993e+02 5.62199e-02
6.89428e+02 5.62415e-02
6.89862e+02 5.62621e-02
6.90297e+02 5.62848e-02
6.90731e+02 5.63056e-02
6.91166e+02 5.63295e-02
6.91600e+02 5.63515e-02
6.92035e+02 5.63708e-02
6.92469e+02 5.63862e-02
6.92903e+02 5.64062e-02
6.93338e+02 5.64278e-02
6.93772e+02 5.64488e-02
6.94206e+02 5.64708e-02
6.94641e+02 5.64966e-02
6.95075e+02 5.65188e-02
6.95509e+02 5.65452e-02
6.95943e+02 5.65702e-02
6.96377e+02 5.65927e-02
6.96811e+02 5.66183e-02
6.97245e+02 5.66494e-02
6.97679e+02 5.66862e-02
6.98114e+02 5.67249e-02
6.98547e+02 5.67646e-02
6.98981e+02 5.68013e-02
6.99415e+02 5.68401e-02
6.99849e+02 5.68782e-02
7.00283e+02 5.69167e-02
7.00717e+02 5.69580e-02
7.01151e+02 5.70011e-02
7.01585e+02 5.70457e-02
7.02018e+02 5.70884e-02
7.02452e+02 5.71350e-02
7.02886e+02 5.71816e-02
7.03319e+02 5.72271e-02
7.03753e+02 5.72745e-02
7.04186e+02 5.73241e-02
7.04620e+02 5.73711e-02
7.05054e+02 5.74171e-02
7.05487e+02 5.74565e-02
7.05921e+02 5.74911e-02
7.06354e+02 5.75228e-02
7.06787e+02 5.75557e-02
7.07221e+02 5.75930e-02
7.07654e+02 5.76350e-02
7.08087e+02 5.76816e-02
7.08521e+02 5.77361e-02
7.08954e+02 5.77876e-02
7.09387e+02 5.78409e-02
7.09820e+02 5.78936e-02
7.10253e+02 5.79464e-02
7.10687e+02 5.79991e-02
7.11120e+02 5.80563e-02
7.11553e+02 5.81167e-02
7.11986e+02 5.81784e-02
7.12419e+02 5.82442e-02
7.12852e+02 5.83098e-02
7.13285e+02 5.83799e-02
7.13718e+02 5.84529e-02
7.14151e+02 5.85301e-02
7.14583e+02 5.86067e-02
7.15016e+02 5.86814e-02
7.15449e+02 5.87568e-02
7.15882e+02 5.88346e-02
7.16314e+02 5.89135e-02
7.16747e+02 5.89918e-02
7.17180e+02 5.90724e-02
7.17612e+02 5.91505e-02
7.18045e+02 5.92246e-02
7.18478e+02 5.92937e-02
7.18910e+02 5.93593e-02
7.19343e+02 5.94229e-02
7.19775e+02 5.94815e-02
7.20208e+02 5.95401e-02
7.20640e+02 5.96000e-02
7.21072e+02 5.96555e-02
7.21505e+02 5.97050e-02
7.21937e+02 5.97439e-02
7.22369e+02 5.97799e-02
7.22802e+02 5.98092e-02
7.23234e+02 5.98318e-02
7.23666e+02 5.98469e-02
7.24098e+02 5.98641e-02
7.24530e+02 5.98778e-02
7.24962e+02 5.98905e-02
7.25395e+02 5.99047e-02
7.25827e+02 5.99189e-02
7.26259e+02 5.99310e-02
7.26691e+02 5.99447e-02
7.27123e+02 5.99604e-02
7.27554e+02 5.99734e-02
7.27986e+02 5.99792e-02
7.28418e+02 5.99790e-02
7.28850e+02 5.99710e-02
7.29282e+02 5.99667e-02
7.29714e+02 5.99626e-02
7.30145e+02 5.99651e-02
7.30577e+02 5.99713e-02
7.31009e+02 5.99835e-02
7.31440e+02 5.99988e-02
7.31872e+02 6.00154e-02
7.32303e+02 6.00244e-02
7.32735e+02 6.00332e-02
7.33166e+02 6.00447e-02
7.33598e+02 6.00620e-02
7.34029e+02 6.00755e-02
7.34461e+02 6.00911e-02
7.34892e+02 6.01091e-02
7.35324e+02 6.01272e-02
7.35755e+02 6.01471e-02
7.36186e+02 6.01733e-02
7.36617e+02 6.01995e-02
7.37049e+02 6.02261e-02
7.37480e+02 6.02502e-02
7.37911e+02 6.02724e-02
7.38342e+02 6.02937e-02
7.38773e+02 6.03137e-02
7.39204e+02 6.03357e-02
7.39635e+02 6.03596e-02
7.40066e+02 6.03871e-02
7.40497e+02 6.04173e-02
7.40928e+02 6.04433e-02
7.41359e+02 6.04704e-02
7.41790e+02 6.04961e-02
7.42221e+02 6.05243e-02
7.42652e+02 6.05559e-02
7.43082e+02 6.05853e-02
7.43513e+02 6.06189e-02
7.43944e+02 6.06546e-02
7.44375e+02 6.06903e-02
7.44805e+02 6.07287e-02
7.45236e+02 6.07675e-02
7.45666e+02 6.08085e-02
7.46097e+02 6.08476e-02
7.46528e+02 6.08843e-02
7.46958e+02 6.09210e-02
7.47389e+02 6.09588e-02
7.47819e+02 6.09969e-02
7.48249e+02 6.10389e-02
7.48680e+02 6.10821e-02
7.49110e+02 6.11224e-02
7.49540e+02 6.11673e-02
7.49971e+02 6.12173e-02
7.50401e+02 6.12701e-02
7.50831e+02 6.13215e-02
7.51261e+02 6.13747e-02
7.51691e+02 6.14301e-02
7.52121e+02 6.14869e-02
7.52552e+02 6.15448e-02
7.52982e+02 6.15981e-02
7.53412e+02 6.16528e-02
7.53842e+02 6.17042e-02
7.54272e+02 6.17589e-02
7.54701e+02 6.18150e-02
7.55131e+02 6.18766e-02
7.55561e+02 6.19388e-02
7.55991e+02 6.20055e-02
7.56421e+02 6.20762e-02
7.56851e+02 6.21477e-02
7.57280e+02 6.22144e-02
7.57710e+02 6.22875e-02
7.58140e+02 6.23613e-02
7.58569e+02 6.24297e-02
7.58999e+02 6.25018e-02
7.59428e+02 6.25748e-02
7.59858e+02 6.26463e-02
7.60287e+02 6.27189e-02
7.60717e+02 6.27936e-02
7.61146e+02 6.28705e-02
7.61576e+02 6.29476e-02
7.62005e+02 6.30275e-02
7.62434e+02 6.31116e-02
7.62864e+02 6.31986e-02
7.63293e+02 6.32873e-02
7.63722e+02 6.33744e-02
7.64151e+02 6.34602e-02
7.64581e+02 6.35423e-02
7.65010e+02 6.36199e-02
7.65439e+02 6.37019e-02
7.65868e+02 6.37824e-02
7.66297e+02 6.38649e-02
7.66726e+02 6.39501e-02
7.67155e+02 6.40365e-02
7.67584e+02 6.41244e-02
7.68013e+02 6.42142e-02
7.68442e+02 6.43026e-02
7.68871e+02 6.43862e-02
7.69299e+02 6.44639e-02
7.69728e+02 6.45361e-02
7.70157e+02 6.46034e-02
7.70586e+02 6.46702e-02
7.71014e+02 6.47353e-02
7.71443e+02 6.47993e-02
7.71872e+02 6.48623e-02
7.72300e+02 6.49255e-02
7.72729e+02 6.49907e-02
7.73157e+02 6.50566e-02
7.73586e+02 6.51244e-02
7.74014e+02 6.51895e-02
7.74443e+02 6.52542e-02
7.74871e+02 6.53150e-02
7.75299e+02 6.53708e-02
7.75728e+02 6.54239e-02
7.76156e+02 6.54759e-02
7.76584e+02 6.55271e-02
7.77012e+02 6.55849e-02
7.77441e+02 6.56512e-02
7.77869e+02 6.57227e-02
7.78297e+02 6.57991e-02
7.78725e+02 6.58820e-02
7.79153e+02 6.59717e-02
7.79581e+02 6.60599e-02
7.80009e+02 6.61452e-02
7.80437e+02 6.62283e-02
7.80865e+02 6.63105e-02
7.81293e+02 6.63889e-02
7.81721e+02 6.64665e-02
7.82149e+02 6.65537e-02
7.82576e+02 6.66414e-02
7.83004e+02 6.67371e-02
7.83432e+02 6.68385e-02
7.83860e+02 6.69441e-02
7.84287e+02 6.70502e-02
7.84715e+02 6.71592e-02
7.85142e+02 6.72722e-02
7.85570e+02 6.73834e-02
7.85997e+02 6.74954e-02
7.86425e+02 6.76030e-02
7.86852e+02 6.77061e-02
7.87280e+02 6.78075e-02
7.87707e+02 6.79082e-02
7.88135e+02 6.80109e-02
7.88562e+02 6.81181e-02
7.88989e+02 6.82284e-02
7.89416e+02 6.83464e-02
7.89844e+02 6.84659e-02
7.90271e+02 6.85886e-02
7.90698e+02 6.87148e-02
7.91125e+02 6.88438e-02
7.91552e+02 6.89709e-02
7.91979e+02 6.90946e-02
7.92406e+02 6.92164e-02
7.92833e+02 6.93409e-02
7.93260e+02 6.94685e-02
7.93687e+02 6.95995e-02
7.94114e+02 6.97324e-02
7.94541e+02 6.98744e-02
7.94968e+02 7.00161e-02
7.95395e+02 7.01576e-02
7.95821e+02 7.02947e-02
7.96248e+02 7.04315e-02
7.96675e+02 7.05682e-02
7.97101e+02 7.06997e-02
7.97528e+02 7.08323e-02
7.97955e+02 7.09638e-02
7.98381e+02 7.10942e-02
7.98808e+02 7.12247e-02
7.99234e+02 7.13514e-02
7.99661e+02 7.14777e-02
8.00087e+02 7.16106e-02
8.00514e+02 7.17427e-02
8.00940e+02 7.18755e-02
8.01366e+02 7.20094e-02
8.01793e+02 7.21536e-02
8.02219e+02 7.22948e-02
8.02645e+02 7.24336e-02
8.03071e+02 7.25660e-02
8.03497e+02 7.26949e-02
8.03923e+02 7.28205e-02
8.04350e+02 7.29481e-02
8.04776e+02 7.30782e-02
8.05202e+02 7.32135e-02
8.05628e+02 7.33472e-02
8.06054e+02 7.34871e-02
8.06479e+02 7.36253e-02
8.06905e+02 7.37642e-02
8.07331e+02 7.39100e-02
8.07757e+02 7.40629e-02
8.08183e+02 7.42185e-02
8.08608e+02 7.43734e-02
8.09034e+02 7.45278e-02
8.09460e+02 7.46738e-02
8.09886e+02 7.48188e-02
8.10311e+02 7.49648e-02
8.10737e+02 7.51127e-02
8.11162e+02 7.52544e-02
8.11588e+02 7.53947e-02
8.12013e+02 7.55338e-02
8.12439e+02 7.56764e-02
8.12864e+02 7.58191e-02
8.13289e+02 7.59662e-02
8.13715e+02 7.61128e-02
8.14140e+02 7.62587e-02
8.14565e+02 7.64041e-02
8.14991e+02 7.65452e-02
8.15416e+02 7.66903e-02
8.15841e+02 7.68335e-02
8.16266e+02 7.69833e-02
8.16691e+02 7.71317e-02
8.17116e+02 7.72825e-02
8.17541e+02 7.74295e-02
8.17966e+02 7.75693e-02
8.18391e+02 7.77140e-02
8.18816e+02 7.78540e-02
8.19241e+02 7.79971e-02
8.19666e+02 7.81446e-02
8.20091e+02 7.82925e-02
8.20516e+02 7.84453e-02
8.20940e+02 7.85980e-02
8.21365e+02 7.87540e-02
8.21790e+02 7.89011e-02
8.22214e+02 7.90437e-02
8.22639e+02 7.91939e-02
8.23064e+02 7.93413e-02
8.23488e+02 7.94868e-02
8.23913e+02 7.96337e-02
8.24337e+02 7.97839e-02
8.24761e+02 7.99384e-02
8.25186e+02 8.00905e-02
8.25610e+02 8.02434e-02
8.26035e+02 8.03945e-02
8.26459e+02 8.05446e-02
8.26883e+02 8.06991e-02
8.27307e+02 8.08545e-02
8.27732e+02 8.10086e-02
8.28156e+02 8.11619e-02
8.28580e+02 8.13126e-02
8.29004e+02 8.14581e-02
8.29428e+02 8.16016e-02
8.29852e+02 8.17494e-02
8.30276e+02 8.18977e-02
8.30700e+02 8.20444e-02
8.31124e+02 8.21849e-02
8.31548e+02 8.23194e-02
8.31972e+02 8.24576e-02
8.32396e+02 8.25936e-02
8.32819e+02 8.27311e-02
8.33243e+02 8.28706e-02
8.33667e+02 8.30025e-02
8.34090e+02 8.31272e-02
8.34514e+02 8.32528e-02
8.34938e+02 8.33747e-02
8.35361e+02 8.34980e-02
8.35785e+02 8.36189e-02
8.36208e+02 8.37422e-02
8.36632e+02 8.38608e-02
8.37055e+02 8.39822e-02
8.37479e+02 8.41029e-02
8.37902e+02 8.42217e-02
8.38325e+02 8.43426e-02
8.38749e+02 8.44689e-02
8.39172e+02 8.45982e-02
8.39595e+02 8.47198e-02
8.40018e+02 8.48372e-02
8.40441e+02 8.49528e-02
8.40865e+02 8.50739e-02
8.41288e+02 8.52008e-02
8.41711e+02 8.53299e-02
8.42134e+02 8.54626e-02
8.42557e+02 8.55892e-02
8.42980e+02 8.57150e-02
8.43403e+02 8.58361e-02
8.43825e+02 8.59573e-02
8.44248e+02 8.60741e-02
8.44671e+02 8.61825e-02
8.45094e+02 8.62910e-02
8.45517e+02 8.64024e-02
8.45939e+02 8.65015e-02
8.46362e+02 8.65943e-02
8.46785e+02 8.66897e-02
8.47207e+02 8.67824e-02
8.47630e+02 8.68725e-02
8.48052e+02 8.69664e-02
8.48475e+02 8.70682e-02
8.48897e+02 8.71746e-02
8.49320e+02 8.72821e-02
8.49742e+02 8.73898e-02
8.50164e+02 8.74980e-02
8.50587e+02 8.76103e-02
8.51009e+02 8.77204e-02
8.51431e+02 8.78315e-02
8.51853e+02 8.79369e-02
8.52275e+02 8.80423e-02
8.52698e+02 8.81476e-02
8.53120e+02 8.82531e-02
8.53542e+02 8.83595e-02
8.53964e+02 8.84643e-02
8.54386e+02 8.85716e-02
8.54808e+02 8.86895e-02
8.55230e+02 8.88130e-02
8.55652e+02 8.89417e-02
8.56073e+02 8.90744e-02
8.56495e+02 8.91979e-02
8.56917e+02 8.93233e-02
8.57339e+02 8.94481e-02
8.57760e+02 8.95657e-02
8.58182e+02 8.96814e-02
8.58604e+02 8.97937e-02
8.59025e+02 8.99044e-02
8.59447e+02 9.00172e-02
8.59868e+02 9.01285e-02
8.60290e+02 9.02376e-02
8.60711e+02 9.03462e-02
8.61133e+02 9.04562e-02
8.61554e+02 9.05670e-02
8.61975e+02 9.06675e-02
8.62397e+02 9.07611e-02
8.62818e+02 9.08526e-02
8.63239e+02 9.09467e-02
8.63660e+02 9.10438e-02
8.64082e+02 9.11426e-02
8.64503e+02 9.12472e-02
8.64924e+02 9.13519e-02
8.65345e+02 9.14573e-02
8.65766e+02 9.15729e-02
8.66187e+02 9.16989e-02
8.66608e+02 9.18464e-02
8.67029e+02 9.20056e-02
8.67450e+02 9.21727e-02
8.67871e+02 9.23438e-02
8.68291e+02 9.25214e-02
8.68712e+02 9.27020e-02
8.69133e+02 9.28926e-02
8.69554e+02 9.30890e-02
8.69974e+02 9.32893e-02
8.70395e+02 9.34970e-02
8.70815e+02 9.37120e-02
8.71236e+02 9.39298e-02
8.71657e+02 9.41557e-02
8.72077e+02 9.43761e-02
8.72497e+02 9.45861e-02
8.72918e+02 9.47992e-02
8.73338e+02 9.50007e-02
8.73759e+02 9.51912e-02
8.74179e+02 9.53716e-02
8.74599e+02 9.55309e-02
8.75019e+02 9.56792e-02
8.75440e+02 9.58176e-02
8.75860e+02 9.59472e-02
8.76280e+02 9.60597e-02
8.76700e+02 9.61637e-02
8.77120e+02 9.62513e-02
8.77540e+02 9.63450e-02
8.77960e+02 9.64319e-02
8.78380e+02 9.65147e-02
8.78800e+02 9.65928e-02
8.79220e+02 9.66617e-02
8.79639e+02 9.67251e-02
8.80059e+02 9.67860e-02
8.80479e+02 9.68443e-02
8.80899e+02 9.69066e-02
8.81318e+02 9.69737e-02
8.81738e+02 9.70503e-02
8.82158e+02 9.71362e-02
8.82577e+02 9.72247e-02
8.82997e+02 9.73185e-02
8.83416e+02 9.74180e-02
8.83836e+02 9.75160e-02
8.84255e+02 9.76114e-02
8.84675e+02 9.77013e-02
8.85094e+02 9.77931e-02
8.85513e+02 9.78876e-02
8.85933e+02 9.79852e-02
8.86352e+02 9.80827e-02
8.86771e+02 9.81793e-02
8.87190e+02 9.82792e-02
8.87609e+02 9.83833e-02
8.88028e+02 9.84927e-02
8.88447e+02 9.86092e-02
8.88866e+02 9.87330e-02
8.89285e+02 9.88713e-02
8.89704e+02 9.90037e-02
8.90123e+02 9.91302e-02
8.90542e+02 9.92556e-02
8.90961e+02 9.93732e-02
8.91380e+02 9.94905e-02
8.91799e+02 9.96100e-02
8.92217e+02 9.97221e-02
8.92636e+02 9.98441e-02
8.93055e+02 9.99708e-02
8.93473e+02 1.00102e-01
8.93892e+02 1.00241e-01
8.94310e+02 1.00400e-01
8.94729e+02 1.00558e-01
8.95147e+02 1.00730e-01
8.95566e+02 1.00909e-01
8.95984e+02 1.01086e-01
8.96403e+02 1.01266e-01
8.96821e+02 1.01444e-01
8.97239e+02 1.01617e-01
8.97658e+02 1.01794e-01
8.98076e+02 1.01970e-01
8.98494e+02 1.02139e-01
8.98912e+02 1.02303e-01
8.99330e+02 1.02467e-01
8.99748e+02 1.02616e-01
9.00166e+02 1.02776e-01
9.00584e+02 1.02931e-01
9.01002e+02 1.03090e-01
9.01420e+02 1.03254e-01
9.01838e+02 1.03416e-01
9.02256e+02 1.03584e-01
9.02674e+02 1.03769e-01
9.03091e+02 1.03962e-01
9.03509e+02 1.04161e-01
9.03927e+02 1.04359e-01
9.04344e+02 1.04556e-01
9.04762e+02 1.04753e-01
9.05180e+02 1.04948e-01
9.05597e+02 1.05140e-01
9.06015e+02 1.05319e-01
9.06432e+02 1.05495e-01
9.06850e+02 1.05672e-01
9.07267e+02 1.05839e-01
9.07684e+02 1.06013e-01
9.08102e+02 1.06183e-01
9.08519e+02 1.06351e-01
9.08936e+02 1.06523e-01
9.09353e+02 1.06703e-01
9.09771e+02 1.06895e-01
9.10188e+02 1.07101e-01
9.10605e+02 1.07315e-01
9.11022e+02 1.07544e-01
9.11439e+02 1.07782e-01
9.11856e+02 1.08031e-01
9.12273e+02 1.08276e-01
9.12690e+02 1.08520e-01
9.13107e+02 1.08760e-01
9.13523e+02 1.08984e-01
9.13940e+02 1.09208e-01
9.14357e+02 1.09437e-01
9.14774e+02 1.09660e-01
9.15190e+02 1.09886e-01
9.15607e+02 1.10121e-01
9.16024e+02 1.10356e-01
9.16440e+02 1.10600e-01
9.16857e+02 1.10856e-01
9.17273e+02 1.11120e-01
9.17690e+02 1.11401e-01
9.18106e+02 1.11687e-01
9.18522e+02 1.11980e-01
9.18939e+02 1.12295e-01
9.19355e+02 1.12630e-01
9.19771e+02 1.12971e-01
9.20188e+02 1.13321e-01
9.20604e+02 1.13675e-01
9.21020e+02 1.14034e-01
9.21436e+02 1.14393e-01
9.21852e+02 1.14747e-01
9.22268e+02 1.15096e-01
9.22684e+02 1.15449e-01
9.23100e+02 1.15806e-01
9.23516e+02 1.16165e-01
9.23932e+02 1.16534e-01
9.24348e+02 1.16909e-01
9.24764e+02 1.17293e-01
9.25179e+02 1.17693e-01
9.25595e+02 1.18097e-01
9.26011e+02 1.18507e-01
9.26427e+02 1.18928e-01
9.26842e+02 1.19372e-01
9.27258e+02 1.19843e-01
9.27673e+02 1.20334e-01
9.28089e+02 1.20841e-01
9.28504e+02 1.21373e-01
9.28920e+02 1.21945e-01
9.29335e+02 1.22547e-01
9.29750e+02 1.23172e-01
9.30166e+02 1.23838e-01
9.30581e+02 1.24543e-01
9.30996e+02 1.25303e-01
9.31411e+02 1.26148e-01
9.31827e+02 1.27069e-01
9.32242e+02 1.28064e-01
9.32657e+02 1.29150e-01
9.33072e+02 1.30321e-01
9.33487e+02 1.31586e-01
9.33902e+02 1.32935e-01
9.34317e+02 1.34364e-01
9.34732e+02 1.35878e-01
9.35147e+02 1.37457e-01
9.35561e+02 1.39102e-01
9.35976e+02 1.40813e-01
9.36391e+02 1.42599e-01
9.36806e+02 1.44444e-01
9.37220e+02 1.46307e-01
9.37635e+02 1.48201e-01
9.38049e+02 1.50105e-01
9.38464e+02 1.51978e-01
9.38879e+02 1.53824e-01
9.39293e+02 1.55622e-01
9.39707e+02 1.57362e-01
9.40122e+02 1.59050e-01
9.40536e+02 1.60651e-01
9.40951e+02 1.62160e-01
9.41365e+02 1.63570e-01
9.41779e+02 1.64871e-01
9.42193e+02 1.66027e-01
9.42607e+02 1.67058e-01
9.43022e+02 1.67938e-01
9.43436e+02 1.68696e-01
9.43850e+02 1.69308e-01
9.44264e+02 1.69790e-01
9.44678e+02 1.70165e-01
9.45092e+02 1.70429e-01
9.45506e+02 1.70582e-01
9.45919e+02 1.70639e-01
9.46333e+02 1.70603e-01
9.46747e+02 1.70494e-01
9.47161e+02 1.70322e-01
9.47574e+02 1.70101e-01
9.47988e+02 1.69829e-01
9.48402e+02 1.69517e-01
9.48815e+02 1.69184e-01
9.49229e+02 1.68823e-01
9.49642e+02 1.68438e-01
9.50056e+02 1.68036e-01
9.50469e+02 1.67578e-01
9.50883e+02 1.67103e-01
9.51296e+02 1.66617e-01
9.51709e+02 1.66101e-01
9.52123e+02 1.65552e-01
9.52536e+02 1.64981e-01
9.52949e+02 1.64396e-01
9.53362e+02 1.63811e-01
9.53775e+02 1.63253e-01
9.54188e+02 1.62684e-01
9.54601e+02 1.62117e-01
9.55014e+02 1.61563e-01
9.55427e+02 1.61021e-01
9.55840e+02 1.60491e-01
9.56253e+02 1.59985e-01
9.56666e+02 1.59493e-01
9.57079e+02 1.59028e-01
9.57492e+02 1.58584e-01
9.57904e+02 1.58181e-01
9.58317e+02 1.57835e-01
9.58730e+02 1.57555e-01
9.59142e+02 1.57316e-01
9.59555e+02 1.57114e-01
9.59967e+02 1.56957e-01
9.60380e+02 1.56841e-01
9.60792e+02 1.56748e-01
9.61205e+02 1.56705e-01
9.61617e+02 1.56686e-01
9.62029e+02 1.56714e-01
9.62442e+02 1.56787e-01
9.62854e+02 1.56887e-01
9.63266e+02 1.57013e-01
9.63678e+02 1.57172e-01
9.64091e+02 1.57372e-01
9.64503e+02 1.57581e-01
9.64915e+02 1.57805e-01
9.65327e+02 1.58050e-01
9.65739e+02 1.58327e-01
9.66151e+02 1.58605e-01
9.66563e+02 1.58890e-01
9.66974e+02 1.59181e-01
9.67386e+02 1.59478e-01
9.67798e+02 1.59788e-01
9.68210e+02 1.60112e-01
9.68622e+02 1.60439e-01
9.69033e+02 1.60779e-01
9.69445e+02 1.61121e-01
9.69856e+02 1.61462e-01
9.70268e+02 1.61818e-01
9.70679e+02 1.62183e-01
9.71091e+02 1.62561e-01
9.71502e+02 1.62928e-01
9.71914e+02 1.63301e-01
9.72325e+02 1.63678e-01
9.72736e+02 1.64042e-01
9.73148e+02 1.64417e-01
9.73559e+02 1.64823e-01
9.73970e+02 1.65220e-01
9.74381e+02 1.65610e-01
9.74792e+02 1.66002e-01
9.75203e+02 1.66394e-01
9.75614e+02 1.66814e-01
9.76025e+02 1.67248e-01
9.76436e+02 1.67683e-01
9.76847e+02 1.68121e-01
9.77258e+02 1.68564e-01
9.77669e+02 1.69019e-01
9.78080e+02 1.69478e-01
9.78491e+02 1.69947e-01
9.78901e+02 1.70417e-01
9.79312e+02 1.70902e-01
9.79723e+02 1.71412e-01
9.80133e+02 1.71950e-01
9.80544e+02 1.72531e-01
9.80954e+02 1.73144e-01
9.81365e+02 1.73750e-01
9.81775e+02 1.74375e-01
9.82186e+02 1.75007e-01
9.82596e+02 1.75654e-01
9.83006e+02 1.76305e-01
9.83417e+02 1.76982e-01
9.83827e+02 1.77656e-01
9.84237e+02 1.78353e-01
9.84647e+02 1.79064e-01
9.85057e+02 1.79780e-01
9.85467e+02 1.80513e-01
9.85877e+02 1.81269e-01
9.86287e+02 1.82043e-01
9.86697e+02 1.82829e-01
9.87107e+02 1.83631e-01
9.87517e+02 1.84450e-01
9.87927e+02 1.85283e-01
9.88337e+02 1.86109e-01
9.88746e+02 1.86952e-01
9.89156e+02 1.87812e-01
9.89566e+02 1.88730e-01
9.89976e+02 1.89677e-01
9.90385e+02 1.90637e-01
9.90795e+02 1.91626e-01
9.91204e+02 1.92646e-01
9.91614e+02 1.93690e-01
9.92023e+02 1.94770e-01
9.92432e+02 1.95874e-01
9.92842e+02 1.97003e-01
9.93251e+02 1.98129e-01
9.93660e+02 1.99263e-01
9.94070e+02 2.00424e-01
9.94479e+02 2.01604e-01
9.94888e+02 2.02789e-01
9.95297e+02 2.03989e-01
9.95706e+02 2.05231e-01
9.96115e+02 2.06463e-01
9.96524e+02 2.07704e-01
9.96933e+02 2.08959e-01
9.97342e+02 2.10206e-01
9.97751e+02 2.11495e-01
9.98160e+02 2.12765e-01
9.98569e+02 2.14051e-01
9.98977e+02 2.15353e-01
9.99386e+02 2.16664e-01
9.99795e+02 2.17989e-01
1.00020e+03 2.19345e-01
1.00061e+03 2.20720e-01
1.00102e+03 2.22137e-01
1.00143e+03 2.23613e-01
1.00184e+03 2.25139e-01
1.00225e+03 2.26691e-01
1.00265e+03 2.28283e-01
1.00306e+03 2.29908e-01
1.00347e+03 2.31555e-01
1.00388e+03 2.33237e-01
1.00429e+03 2.34944e-01
1.00470e+03 2.36681e-01
1.00510e+03 2.38449e-01
1.00551e+03 2.40220e-01
1.00592e+03 2.42010e-01
1.00633e+03 2.43829e-01
1.00674e+03 2.45651e-01
1.00714e+03 2.47460e-01
1.00755e+03 2.49288e-01
1.00796e+03 2.51113e-01
1.00837e+03 2.52935e-01
1.00877e+03 2.54773e-01
1.00918e+03 2.56595e-01
1.00959e+03 2.58417e-01
1.01000e+03 2.60247e-01
1.01041e+03 2.62078e-01
1.01081e+03 2.63927e-01
1.01122e+03 2.65800e-01
1.01163e+03 2.67721e-01
1.01204e+03 2.69671e-01
1.01244e+03 2.71666e-01
1.01285e+03 2.73727e-01
1.01326e+03 2.75853e-01
1.01366e+03 2.78045e-01
1.01407e+03 2.80306e-01
1.01448e+03 2.82633e-01
1.01489e+03 2.85034e-01
1.01529e+03 2.87464e-01
1.01570e+03 2.89983e-01
1.01611e+03 2.92574e-01
1.01651e+03 2.95209e-01
1.01692e+03 2.97863e-01
1.01733e+03 3.00590e-01
1.01774e+03 3.03339e-01
1.01814e+03 3.06071e-01
1.01855e+03 3.08802e-01
1.01896e+03 3.11509e-01
1.01936e+03 3.14200e-01
1.01977e+03 3.16908e-01
1.02018e+03 3.19550e-01
1.02058e+03 3.22180e-01
1.02099e+03 3.24794e-01
1.02140e+03 3.27370e-01
1.02180e+03 3.29941e-01
1.02221e+03 3.32565e-01
1.02261e+03 3.35199e-01
1.02302e+03 3.37876e-01
1.02343e+03 3.40626e-01
1.02383e+03 3.43433e-01
1.02424e+03 3.46300e-01
1.02465e+03 3.49268e-01
1.02505e+03 3.52327e-01
1.02546e+03 3.55522e-01
1.02586e+03 3.58839e-01
1.02627e+03 3.62273e-01
1.02668e+03 3.65855e-01
1.02708e+03 3.69558e-01
1.02749e+03 3.73401e-01
1.02789e+03 3.77397e-01
1.02830e+03 3.81524e-01
1.02871e+03 3.85748e-01
1.02911e+03 3.90069e-01
1.02952e+03 3.94484e-01
1.02992e+03 3.98931e-01
1.03033e+03 4.03398e-01
1.03073e+03 4.07929e-01
1.03114e+03 4.12439e-01
1.03154e+03 4.16949e-01
1.03195e+03 4.21482e-01
1.03236e+03 4.26006e-01
1.03276e+03 4.30464e-01
1.03317e+03 4.34830e-01
1.03357e+03 4.39175e-01
1.03398e+03 4.43494e-01
1.03438e+03 4.47804e-01
1.03479e+03 4.52142e-01
1.03519e+03 4.56540e-01
1.03560e+03 4.61007e-01
1.03600e+03 4.65560e-01
1.03641e+03 4.70223e-01
1.03681e+03 4.74930e-01
1.03722e+03 4.79736e-01
1.03762e+03 4.84761e-01
1.03803e+03 4.89977e-01
1.03843e+03 4.95364e-01
1.03884e+03 5.00926e-01
1.03924e+03 5.06699e-01
1.03964e+03 5.12600e-01
1.04005e+03 5.18723e-01
1.04045e+03 5.25045e-01
1.04086e+03 5.31504e-01
1.04126e+03 5.38159e-01
1.04167e+03 5.44923e-01
1.04207e+03 5.51815e-01
1.04248e+03 5.58759e-01
1.04288e+03 5.65797e-01
1.04328e+03 5.72943e-01
1.04369e+03 5.80217e-01
1.04409e+03 5.87600e-01
1.04450e+03 5.94952e-01
1.04490e+03 6.02377e-01
1.04530e+03 6.09917e-01
1.04571e+03 6.17435e-01
1.04611e+03 6.24894e-01
1.04652e+03 6.32375e-01
1.04692e+03 6.39821e-01
1.04732e+03 6.47418e-01
1.04773e+03 6.55031e-01
1.04813e+03 6.62765e-01
1.04854e+03 6.70616e-01
1.04894e+03 6.78593e-01
1.04934e+03 6.86788e-01
1.04975e+03 6.95239e-01
1.05015e+03 7.04101e-01
1.05055e+03 7.13315e-01
1.05096e+03 7.22946e-01
1.05136e+03 7.33070e-01
1.05176e+03 7.43569e-01
1.05217e+03 7.54638e-01
1.05257e+03 7.66264e-01
1.05297e+03 7.78538e-01
1.05338e+03 7.91430e-01
1.05378e+03 8.04999e-01
1.05418e+03 8.19260e-01
1.05459e+03 8.34131e-01
1.05499e+03 8.49723e-01
1.05539e+03 8.66110e-01
1.05579e+03 8.83248e-01
1.05620e+03 9.01344e-01
1.05660e+03 9.20487e-01
1.05700e+03 9.40440e-01
1.05741e+03 9.61356e-01
1.05781e+03 9.83092e-01
1.05821e+03 1.00574e+00
1.05861e+03 1.02916e+00
1.05902e+03 1.05384e+00
1.05942e+03 1.07962e+00
1.05982e+03 1.10656e+00
1.06022e+03 1.13447e+00
1.06063e+03 1.16368e+00
1.06103e+03 1.19407e+00
1.06143e+03 1.22586e+00
1.06183e+03 1.25900e+00
1.06224e+03 1.29329e+00
1.06264e+03 1.32876e+00
1.06304e+03 1.36564e+00
1.06344e+03 1.40364e+00
1.06384e+03 1.44324e+00
1.06425e+03 1.48397e+00
1.06465e+03 1.52653e+00
1.06505e+03 1.57101e+00
1.06545e+03 1.61749e+00
1.06585e+03 1.66570e+00
1.06626e+03 1.71584e+00
1.06666e+03 1.76844e+00
1.06706e+03 1.82301e+00
1.06746e+03 1.87952e+00
1.06786e+03 1.93819e+00
1.06826e+03 1.99965e+00
1.06867e+03 2.06285e+00
1.06907e+03 2.12919e+00
1.06947e+03 2.19761e+00
1.06987e+03 2.26893e+00
1.07027e+03 2.34201e+00
1.07067e+03 2.41814e+00
1.07107e+03 2.49713e+00
1.07148e+03 2.57984e+00
1.07188e+03 2.66565e+00
1.07228e+03 2.75481e+00
1.07268e+03 2.84820e+00
1.07308e+03 2.94568e+00
1.07348e+03 3.04695e+00
1.07388e+03 3.15262e+00
1.07428e+03 3.26355e+00
1.07468e+03 3.38039e+00
1.07508e+03 3.50215e+00
1.07549e+03 3.62972e+00
1.07589e+03 3.76474e+00
1.07629e+03 3.90606e+00
1.07669e+03 4.05445e+00
1.07709e+03 4.20896e+00
1.07749e+03 4.37046e+00
1.07789e+03 4.54253e+00
1.07829e+03 4.72088e+00
1.07869e+03 4.90626e+00
1.07909e+03 5.10230e+00
1.07949e+03 5.30653e+00
1.07989e+03 5.51923e+00
1.08029e+03 5.74175e+00
1.08069e+03 5.97663e+00
1.08109e+03 6.22037e+00
1.08149e+03 6.47503e+00
1.08189e+03 6.73991e+00
1.08229e+03 7.01816e+00
1.08269e+03 7.30309e+00
1.08309e+03 7.60302e+00
1.08349e+03 7.90924e+00
1.08389e+03 8.22402e+00
1.08429e+03 8.55281e+00
1.08469e+03 8.89012e+00
1.08509e+03 9.23503e+00
1.08549e+03 9.59328e+00
1.08589e+03 9.95061e+00
1.08629e+03 1.03154e+01
1.08669e+03 1.06875e+01
1.08709e+03 1.10699e+01
1.08749e+03 1.14428e+01
1.08789e+03 1.18147e+01
1.08829e+03 1.21837e+01
1.08869e+03 1.25480e+01
1.08909e+03 1.29057e+01
1.08949e+03 1.32551e+01
1.08989e+03 1.35946e+01
1.09029e+03 1.39226e+01
1.09068e+03 1.42379e+01
1.09108e+03 1.45396e+01
1.09148e+03 1.48269e+01
1.09188e+03 1.50996e+01
1.09228e+03 1.53578e+01
1.09268e+03 1.56019e+01
1.09308e+03 1.58330e+01
1.09348e+03 1.60523e+01
1.09388e+03 1.62617e+01
1.09428e+03 1.64633e+01
1.09467e+03 1.66598e+01
1.09507e+03 1.68542e+01
1.09547e+03 1.70499e+01
1.09587e+03 1.72510e+01
1.09627e+03 1.74618e+01
1.09667e+03 1.76874e+01
1.09707e+03 1.79335e+01
1.09746e+03 1.82063e+01
1.09786e+03 1.85135e+01
