2.03102e+02 -1.42385e-03
2.03565e+02 -1.16655e-03
2.04028e+02 -1.08430e-03
2.04491e+02 -1.07065e-03
2.04954e+02 -1.09406e-03
2.05416e+02 -1.14200e-03
2.05879e+02 -1.20965e-03
2.06342e+02 -1.29426e-03
2.06805e+02 -1.39486e-03
2.07268e+02 -1.51124e-03
2.07731e+02 -1.64358e-03
2.08193e+02 -1.79198e-03
2.08656e+02 -1.95742e-03
2.09119e+02 -2.13987e-03
2.09582e+02 -2.33927e-03
2.10044e+02 -2.55477e-03
2.10507e+02 -2.78586e-03
2.10970e+02 -3.03024e-03
2.11432e+02 -3.28455e-03
2.11895e+02 -3.54559e-03
2.12357e+02 -3.80755e-03
2.12820e+02 -4.06541e-03
2.13282e+02 -4.31194e-03
2.13745e+02 -4.54154e-03
2.14207e+02 -4.74732e-03
2.14670e+02 -4.92519e-03
2.15132e+02 -5.07081e-03
2.15594e+02 -5.18294e-03
2.16057e+02 -5.18499e-03
2.16519e+02 -5.06026e-03
2.16981e+02 -4.96011e-03
2.17444e+02 -4.59204e-03
2.17906e+02 -5.07012e-03
2.18368e+02 -5.00260e-03
2.18830e+02 -5.39494e-03
2.19292e+02 -5.70223e-03
2.19755e+02 -5.62220e-03
2.20217e+02 -5.79179e-03
2.20679e+02 -5.45725e-03
2.21141e+02 -5.97128e-03
2.21603e+02 -6.53480e-03
2.22065e+02 -6.32750e-03
2.22527e+02 -5.72066e-03
2.22989e+02 -5.72978e-03
2.23451e+02 -5.96932e-03
2.23913e+02 -6.02200e-03
2.24375e+02 -5.80142e-03
2.24837e+02 -6.36623e-03
2.25299e+02 -6.79991e-03
2.25760e+02 -7.29976e-03
2.26222e+02 -7.09142e-03
2.26684e+02 -7.00837e-03
2.27146e+02 -6.83195e-03
2.27607e+02 -6.48510e-03
2.28069e+02 -7.45484e-03
2.28531e+02 -7.43996e-03
2.28992e+02 -7.29236e-03
2.29454e+02 -8.11940e-03
2.29916e+02 -9.19605e-03
2.30377e+02 -9.47492e-03
2.30839e+02 -1.04198e-02
2.31300e+02 -1.13884e-02
2.31762e+02 -1.07830e-02
2.32223e+02 -9.56752e-03
2.32685e+02 -8.95424e-03
2.33146e+02 -8.86916e-03
2.33608e+02 -8.52511e-03
2.34069e+02 -7.87677e-03
2.34530e+02 -9.05767e-03
2.34992e+02 -7.74740e-03
2.35453e+02 -7.53986e-03
2.35914e+02 -6.82513e-03
2.36376e+02 -6.80677e-03
2.36837e+02 -6.03845e-03
2.37298e+02 -6.57459e-03
2.37759e+02 -6.40939e-03
2.38220e+02 -6.91619e-03
2.38681e+02 -6.35892e-03
2.39143e+02 -5.98109e-03
2.39604e+02 -5.90023e-03
2.40065e+02 -5.58443e-03
2.40526e+02 -5.29756e-03
2.40987e+02 -4.75373e-03
2.41448e+02 -4.65383e-03
2.41909e+02 -4.58626e-03
2.42370e+02 -4.62729e-03
2.42831e+02 -4.65053e-03
2.43291e+02 -4.76789e-03
2.43752e+02 -4.90382e-03
2.44213e+02 -4.57619e-03
2.44674e+02 -4.51906e-03
2.45135e+02 -4.23907e-03
2.45595e+02 -4.15422e-03
2.46056e+02 -3.81195e-03
2.46517e+02 -3.95694e-03
2.46978e+02 -3.68971e-03
2.47438e+02 -3.16659e-03
2.47899e+02 -2.59462e-03
2.48359e+02 -1.83319e-03
2.48820e+02 -1.45774e-03
2.49281e+02 -9.75771e-04
2.49741e+02 -4.08933e-04
2.50202e+02 2.98105e-04
2.50662e+02 9.20861e-04
2.51123e+02 1.54286e-03
2.51583e+02 2.18058e-03
2.52043e+02 2.84889e-03
2.52504e+02 3.33392e-03
2.52964e+02 4.14000e-03
2.53425e+02 4.14916e-03
2.53885e+02 4.54640e-03
2.54345e+02 5.28179e-03
2.54805e+02 5.49091e-03
2.55266e+02 6.14769e-03
2.55726e+02 6.71809e-03
2.56186e+02 7.30420e-03
2.56646e+02 7.34787e-03
2.57106e+02 7.54047e-03
2.57566e+02 7.59157e-03
2.58026e+02 8.22503e-03
2.58487e+02 7.89135e-03
2.58947e+02 7.51696e-03
2.59407e+02 7.76462e-03
2.59867e+02 7.38824e-03
2.60327e+02 8.04652e-03
2.60786e+02 7.79864e-03
2.61246e+02 8.57235e-03
2.61706e+02 8.64543e-03
2.62166e+02 1.04600e-02
2.62626e+02 8.89719e-03
2.63086e+02 9.12038e-03
2.63546e+02 9.15106e-03
2.64005e+02 7.81610e-03
2.64465e+02 8.41387e-03
2.64925e+02 8.00556e-03
2.65384e+02 8.00353e-03
2.65844e+02 7.86048e-03
2.66304e+02 8.56994e-03
2.66763e+02 7.58411e-03
2.67223e+02 7.77839e-03
2.67682e+02 6.61585e-03
2.68142e+02 5.76108e-03
2.68602e+02 4.37035e-03
2.69061e+02 2.90810e-03
2.69520e+02 1.63741e-03
2.69980e+02 6.11571e-05
2.70439e+02 -1.70570e-03
2.70899e+02 -3.71305e-03
2.71358e+02 -6.99116e-03
2.71817e+02 -9.30807e-03
2.72277e+02 -1.19219e-02
2.72736e+02 -1.39706e-02
2.73195e+02 -1.65070e-02
2.73654e+02 -2.36307e-02
2.74114e+02 -2.31674e-02
2.74573e+02 -2.32818e-02
2.75032e+02 -2.61317e-02
2.75491e+02 -2.99048e-02
2.75950e+02 -3.22446e-02
2.76409e+02 -3.47969e-02
2.76868e+02 -3.61095e-02
2.77327e+02 -3.79651e-02
2.77786e+02 -3.85368e-02
2.78245e+02 -3.82789e-02
2.78704e+02 -4.25869e-02
2.79163e+02 -4.59869e-02
2.79622e+02 -5.58552e-02
2.80081e+02 -6.03510e-02
2.80540e+02 -5.88748e-02
2.80999e+02 -5.82334e-02
2.81458e+02 -5.76385e-02
2.81916e+02 -5.68316e-02
2.82375e+02 -6.13856e-02
2.82834e+02 -6.39401e-02
2.83292e+02 -5.51398e-02
2.83751e+02 -5.60647e-02
2.84210e+02 -5.86618e-02
2.84668e+02 -6.50724e-02
2.85127e+02 -6.41696e-02
2.85586e+02 -6.65485e-02
2.86044e+02 -6.79724e-02
2.86503e+02 -6.59103e-02
2.86961e+02 -6.75834e-02
2.87420e+02 -5.92618e-02
2.87878e+02 -6.52680e-02
2.88337e+02 -6.85418e-02
2.88795e+02 -6.12426e-02
2.89253e+02 -6.94615e-02
2.89712e+02 -6.54744e-02
2.90170e+02 -6.42829e-02
2.90628e+02 -6.74085e-02
2.91087e+02 -7.39517e-02
2.91545e+02 -7.09830e-02
2.92003e+02 -8.76998e-02
2.92461e+02 -7.35151e-02
2.92919e+02 -7.94404e-02
2.93378e+02 -7.25461e-02
2.93836e+02 -7.46844e-02
2.94294e+02 -6.50762e-02
2.94752e+02 -5.94360e-02
2.95210e+02 -6.56436e-02
2.95668e+02 -5.88593e-02
2.96126e+02 -5.51271e-02
2.96584e+02 -4.72657e-02
2.97042e+02 -4.36890e-02
2.97500e+02 -3.78663e-02
2.97958e+02 -3.22922e-02
2.98415e+02 -2.76167e-02
2.98873e+02 -2.03906e-02
2.99331e+02 -1.30672e-02
2.99789e+02 -4.36436e-03
3.00247e+02 4.55700e-03
3.00704e+02 1.26621e-02
3.01162e+02 1.98823e-02
3.01620e+02 2.61889e-02
3.02077e+02 3.28803e-02
3.02535e+02 4.44020e-02
3.02993e+02 5.82862e-02
3.03450e+02 6.69342e-02
3.03908e+02 8.61662e-02
3.04365e+02 1.04425e-01
3.04823e+02 9.52319e-02
3.05280e+02 1.01555e-01
3.05738e+02 1.13434e-01
3.06195e+02 1.28436e-01
3.06653e+02 1.39747e-01
3.07110e+02 1.56560e-01
3.07567e+02 1.64458e-01
3.08025e+02 1.74183e-01
3.08482e+02 2.04776e-01
3.08939e+02 1.89501e-01
3.09397e+02 2.06220e-01
3.09854e+02 2.01632e-01
3.10311e+02 1.96290e-01
3.10768e+02 2.09556e-01
3.11225e+02 2.59696e-01
3.11683e+02 2.40670e-01
3.12140e+02 2.69451e-01
3.12597e+02 2.88458e-01
3.13054e+02 2.91468e-01
3.13511e+02 2.99381e-01
3.13968e+02 3.04417e-01
3.14425e+02 3.13804e-01
3.14882e+02 3.31596e-01
3.15339e+02 3.69901e-01
3.15796e+02 3.82613e-01
3.16252e+02 4.07630e-01
3.16709e+02 4.82677e-01
3.17166e+02 4.88721e-01
3.17623e+02 6.13973e-01
3.18080e+02 6.00482e-01
3.18536e+02 6.44190e-01
3.18993e+02 6.34421e-01
3.19450e+02 7.54236e-01
3.19906e+02 7.68803e-01
3.20363e+02 7.95504e-01
3.20820e+02 7.72194e-01
3.21276e+02 7.63684e-01
3.21733e+02 1.00165e+00
3.22189e+02 9.48187e-01
3.22646e+02 1.01876e+00
3.23102e+02 1.14651e+00
3.23559e+02 1.06539e+00
3.24015e+02 9.98383e-01
3.24472e+02 9.24912e-01
3.24928e+02 9.21707e-01
3.25385e+02 9.11757e-01
3.25841e+02 8.74350e-01
3.26297e+02 8.53694e-01
3.26753e+02 8.54677e-01
3.27210e+02 9.15535e-01
3.27666e+02 8.69505e-01
3.28122e+02 9.08224e-01
3.28578e+02 1.01122e+00
3.29035e+02 9.99461e-01
3.29491e+02 9.81057e-01
3.29947e+02 1.06358e+00
3.30403e+02 1.14805e+00
3.30859e+02 1.26547e+00
3.31315e+02 1.16363e+00
3.31771e+02 1.15120e+00
3.32227e+02 1.33577e+00
3.32683e+02 1.48108e+00
3.33139e+02 1.67889e+00
3.33595e+02 1.70218e+00
3.34051e+02 2.14853e+00
3.34506e+02 1.96832e+00
3.34962e+02 2.27827e+00
3.35418e+02 2.54752e+00
3.35874e+02 3.11273e+00
3.36330e+02 2.50164e+00
3.36785e+02 3.54339e+00
3.37241e+02 3.16001e+00
3.37697e+02 3.58915e+00
3.38152e+02 3.20304e+00
3.38608e+02 3.21238e+00
3.39064e+02 3.12049e+00
3.39519e+02 2.82672e+00
3.39975e+02 2.51081e+00
3.40430e+02 2.40541e+00
3.40886e+02 2.50918e+00
3.41341e+02 2.47572e+00
3.41797e+02 2.61188e+00
3.42252e+02 2.45990e+00
3.42707e+02 2.39560e+00
3.43163e+02 2.18120e+00
3.43618e+02 2.18507e+00
3.44073e+02 2.09015e+00
3.44529e+02 1.85240e+00
3.44984e+02 1.97839e+00
3.45439e+02 1.91599e+00
3.45894e+02 2.08155e+00
3.46350e+02 2.16532e+00
3.46805e+02 2.02356e+00
3.47260e+02 2.00519e+00
3.47715e+02 2.00059e+00
3.48170e+02 1.92196e+00
3.48625e+02 1.98857e+00
3.49080e+02 2.09761e+00
3.49535e+02 2.19418e+00
3.49990e+02 2.11803e+00
3.50445e+02 2.15513e+00
3.50900e+02 2.05257e+00
3.51355e+02 2.10131e+00
3.51810e+02 2.12772e+00
3.52265e+02 2.15182e+00
3.52719e+02 2.27858e+00
3.53174e+02 2.09372e+00
3.53629e+02 2.13984e+00
3.54084e+02 2.14172e+00
3.54538e+02 2.24990e+00
3.54993e+02 2.13266e+00
3.55448e+02 2.11046e+00
3.55902e+02 1.92827e+00
3.56357e+02 1.92268e+00
3.56812e+02 2.10310e+00
3.57266e+02 2.09639e+00
3.57721e+02 2.05347e+00
3.58175e+02 2.02851e+00
3.58630e+02 2.08238e+00
3.59084e+02 2.01559e+00
3.59539e+02 2.06452e+00
3.59993e+02 2.01281e+00
3.60447e+02 2.06007e+00
3.60902e+02 2.01057e+00
3.61356e+02 1.98330e+00
3.61810e+02 1.92646e+00
3.62265e+02 1.85131e+00
3.62719e+02 1.78728e+00
3.63173e+02 1.79605e+00
3.63627e+02 1.70283e+00
3.64082e+02 1.62266e+00
3.64536e+02 1.59162e+00
3.64990e+02 1.61411e+00
3.65444e+02 1.62757e+00
3.65898e+02 1.57140e+00
3.66352e+02 1.54751e+00
3.66806e+02 1.48782e+00
3.67260e+02 1.47551e+00
3.67714e+02 1.45763e+00
3.68168e+02 1.39831e+00
3.68622e+02 1.33295e+00
3.69076e+02 1.32405e+00
3.69530e+02 1.35382e+00
3.69984e+02 1.32163e+00
3.70437e+02 1.34028e+00
3.70891e+02 1.33168e+00
3.71345e+02 1.34495e+00
3.71799e+02 1.31989e+00
3.72252e+02 1.29814e+00
3.72706e+02 1.28263e+00
3.73160e+02 1.27387e+00
3.73613e+02 1.26041e+00
3.74067e+02 1.26825e+00
3.74521e+02 1.24785e+00
3.74974e+02 1.22283e+00
3.75428e+02 1.19797e+00
3.75881e+02 1.16883e+00
3.76335e+02 1.13946e+00
3.76788e+02 1.09893e+00
3.77241e+02 1.08100e+00
3.77695e+02 1.06398e+00
3.78148e+02 1.06620e+00
3.78602e+02 1.04402e+00
3.79055e+02 1.03507e+00
3.79508e+02 1.01614e+00
3.79961e+02 1.00691e+00
3.80415e+02 9.90073e-01
3.80868e+02 9.74320e-01
3.81321e+02 9.70460e-01
3.81774e+02 9.54018e-01
3.82227e+02 9.39340e-01
3.82681e+02 9.29103e-01
3.83134e+02 9.19722e-01
3.83587e+02 9.22837e-01
3.84040e+02 9.12367e-01
3.84493e+02 9.13602e-01
3.84946e+02 9.04589e-01
3.85399e+02 8.98073e-01
3.85852e+02 8.86155e-01
3.86304e+02 8.77043e-01
3.86757e+02 8.61544e-01
3.87210e+02 8.56029e-01
3.87663e+02 8.37970e-01
3.88116e+02 8.21006e-01
3.88569e+02 8.19254e-01
3.89021e+02 8.07922e-01
3.89474e+02 8.04660e-01
3.89927e+02 7.89723e-01
3.90379e+02 7.72095e-01
3.90832e+02 7.59950e-01
3.91285e+02 7.50214e-01
3.91737e+02 7.40652e-01
3.92190e+02 7.33651e-01
3.92642e+02 7.19511e-01
3.93095e+02 7.14629e-01
3.93547e+02 7.05104e-01
3.94000e+02 7.01216e-01
3.94452e+02 6.89608e-01
3.94905e+02 6.82423e-01
3.95357e+02 6.77276e-01
3.95809e+02 6.69490e-01
3.96262e+02 6.63256e-01
3.96714e+02 6.56118e-01
3.97166e+02 6.50004e-01
3.97619e+02 6.43993e-01
3.98071e+02 6.37387e-01
3.98523e+02 6.37396e-01
3.98975e+02 6.28093e-01
3.99427e+02 6.23996e-01
3.99879e+02 6.21259e-01
4.00332e+02 6.16041e-01
4.00784e+02 6.11767e-01
4.01236e+02 6.03242e-01
4.01688e+02 6.01064e-01
4.02140e+02 5.94497e-01
4.02592e+02 5.88477e-01
4.03044e+02 5.85968e-01
4.03495e+02 5.82971e-01
4.03947e+02 5.80258e-01
4.04399e+02 5.78601e-01
4.04851e+02 5.74082e-01
4.05303e+02 5.69757e-01
4.05755e+02 5.67362e-01
4.06206e+02 5.61243e-01
4.06658e+02 5.55889e-01
4.07110e+02 5.50716e-01
4.07562e+02 5.46870e-01
4.08013e+02 5.45702e-01
4.08465e+02 5.42665e-01
4.08916e+02 5.39939e-01
4.09368e+02 5.36938e-01
4.09819e+02 5.35046e-01
4.10271e+02 5.28275e-01
4.10722e+02 5.26524e-01
4.11174e+02 5.22511e-01
4.11625e+02 5.19791e-01
4.12077e+02 5.15694e-01
4.12528e+02 5.12959e-01
4.12980e+02 5.10814e-01
4.13431e+02 5.05360e-01
4.13882e+02 5.03072e-01
4.14333e+02 4.99284e-01
4.14785e+02 4.96265e-01
4.15236e+02 4.92181e-01
4.15687e+02 4.88799e-01
4.16138e+02 4.86222e-01
4.16589e+02 4.84682e-01
4.17041e+02 4.81797e-01
4.17492e+02 4.78749e-01
4.17943e+02 4.74731e-01
4.18394e+02 4.73253e-01
4.18845e+02 4.70448e-01
4.19296e+02 4.68251e-01
4.19747e+02 4.65728e-01
4.20198e+02 4.63038e-01
4.20649e+02 4.60595e-01
4.21100e+02 4.57143e-01
4.21550e+02 4.54851e-01
4.22001e+02 4.52295e-01
4.22452e+02 4.49926e-01
4.22903e+02 4.48335e-01
4.23354e+02 4.46808e-01
4.23804e+02 4.46834e-01
4.24255e+02 4.45544e-01
4.24706e+02 4.43144e-01
4.25156e+02 4.42114e-01
4.25607e+02 4.38865e-01
4.26058e+02 4.38640e-01
4.26508e+02 4.36237e-01
4.26959e+02 4.35130e-01
4.27409e+02 4.34142e-01
4.27860e+02 4.32829e-01
4.28310e+02 4.32543e-01
4.28761e+02 4.30927e-01
4.29211e+02 4.28882e-01
4.29661e+02 4.27320e-01
4.30112e+02 4.25307e-01
4.30562e+02 4.22522e-01
4.31012e+02 4.20414e-01
4.31463e+02 4.18210e-01
4.31913e+02 4.15925e-01
4.32363e+02 4.14750e-01
4.32813e+02 4.13012e-01
4.33263e+02 4.11292e-01
4.33714e+02 4.09334e-01
4.34164e+02 4.07674e-01
4.34614e+02 4.04429e-01
4.35064e+02 4.03484e-01
4.35514e+02 4.01416e-01
4.35964e+02 4.00372e-01
4.36414e+02 3.97766e-01
4.36864e+02 3.96225e-01
4.37314e+02 3.94355e-01
4.37764e+02 3.92495e-01
4.38214e+02 3.91038e-01
4.38664e+02 3.89127e-01
4.39113e+02 3.87786e-01
4.39563e+02 3.86704e-01
4.40013e+02 3.85501e-01
4.40463e+02 3.84486e-01
4.40912e+02 3.83473e-01
4.41362e+02 3.82019e-01
4.41812e+02 3.80636e-01
4.42261e+02 3.79521e-01
4.42711e+02 3.78389e-01
4.43161e+02 3.77227e-01
4.43610e+02 3.75685e-01
4.44060e+02 3.74540e-01
4.44509e+02 3.73588e-01
4.44959e+02 3.72199e-01
4.45408e+02 3.70812e-01
4.45858e+02 3.69572e-01
4.46307e+02 3.68433e-01
4.46756e+02 3.67381e-01
4.47206e+02 3.65700e-01
4.47655e+02 3.64867e-01
4.48104e+02 3.64103e-01
4.48554e+02 3.62869e-01
4.49003e+02 3.61575e-01
4.49452e+02 3.61129e-01
4.49901e+02 3.60352e-01
4.50350e+02 3.59730e-01
4.50800e+02 3.58633e-01
4.51249e+02 3.57682e-01
4.51698e+02 3.56641e-01
4.52147e+02 3.56195e-01
4.52596e+02 3.55555e-01
4.53045e+02 3.54703e-01
4.53494e+02 3.54122e-01
4.53943e+02 3.52752e-01
4.54392e+02 3.51948e-01
4.54841e+02 3.50562e-01
4.55290e+02 3.49400e-01
4.55738e+02 3.48161e-01
4.56187e+02 3.47475e-01
4.56636e+02 3.47036e-01
4.57085e+02 3.45420e-01
4.57533e+02 3.44628e-01
4.57982e+02 3.43513e-01
4.58431e+02 3.42528e-01
4.58880e+02 3.41293e-01
4.59328e+02 3.40369e-01
4.59777e+02 3.39430e-01
4.60225e+02 3.38507e-01
4.60674e+02 3.37155e-01
4.61122e+02 3.36033e-01
4.61571e+02 3.34537e-01
4.62019e+02 3.33183e-01
4.62468e+02 3.31852e-01
4.62916e+02 3.30744e-01
4.63365e+02 3.29960e-01
4.63813e+02 3.29141e-01
4.64261e+02 3.28304e-01
4.64710e+02 3.27195e-01
4.65158e+02 3.26130e-01
4.65606e+02 3.24975e-01
4.66054e+02 3.23906e-01
4.66503e+02 3.22538e-01
4.66951e+02 3.21841e-01
4.67399e+02 3.20418e-01
4.67847e+02 3.19628e-01
4.68295e+02 3.18625e-01
4.68743e+02 3.17925e-01
4.69191e+02 3.16776e-01
4.69639e+02 3.15738e-01
4.70087e+02 3.14803e-01
4.70535e+02 3.13912e-01
4.70983e+02 3.12801e-01
4.71431e+02 3.11571e-01
4.71879e+02 3.10627e-01
4.72327e+02 3.09787e-01
4.72775e+02 3.08840e-01
4.73223e+02 3.08034e-01
4.73670e+02 3.07416e-01
4.74118e+02 3.06703e-01
4.74566e+02 3.05731e-01
4.75014e+02 3.04768e-01
4.75461e+02 3.03848e-01
4.75909e+02 3.03095e-01
4.76356e+02 3.02364e-01
4.76804e+02 3.01586e-01
4.77252e+02 3.01112e-01
4.77699e+02 3.00055e-01
4.78147e+02 2.99109e-01
4.78594e+02 2.98462e-01
4.79042e+02 2.97467e-01
4.79489e+02 2.96723e-01
4.79936e+02 2.95973e-01
4.80384e+02 2.95428e-01
4.80831e+02 2.94796e-01
4.81279e+02 2.93659e-01
4.81726e+02 2.93304e-01
4.82173e+02 2.92564e-01
4.82620e+02 2.91744e-01
4.83068e+02 2.91091e-01
4.83515e+02 2.90457e-01
4.83962e+02 2.89813e-01
4.84409e+02 2.89194e-01
4.84856e+02 2.88450e-01
4.85303e+02 2.87586e-01
4.85750e+02 2.86713e-01
4.86197e+02 2.85924e-01
4.86644e+02 2.85056e-01
4.87091e+02 2.84353e-01
4.87538e+02 2.83907e-01
4.87985e+02 2.82896e-01
4.88432e+02 2.82339e-01
4.88879e+02 2.81516e-01
4.89326e+02 2.80988e-01
4.89773e+02 2.80429e-01
4.90219e+02 2.79853e-01
4.90666e+02 2.79027e-01
4.91113e+02 2.78471e-01
4.91560e+02 2.77556e-01
4.92006e+02 2.77000e-01
4.92453e+02 2.76083e-01
4.92899e+02 2.75467e-01
4.93346e+02 2.74449e-01
4.93793e+02 2.73818e-01
4.94239e+02 2.73223e-01
4.94686e+02 2.72290e-01
4.95132e+02 2.71737e-01
4.95579e+02 2.70951e-01
4.96025e+02 2.70290e-01
4.96472e+02 2.69666e-01
4.96918e+02 2.69014e-01
4.97364e+02 2.68295e-01
4.97811e+02 2.67687e-01
4.98257e+02 2.66820e-01
4.98703e+02 2.66230e-01
4.99149e+02 2.65483e-01
4.99596e+02 2.64900e-01
5.00042e+02 2.64209e-01
5.00488e+02 2.63452e-01
5.00934e+02 2.62839e-01
5.01380e+02 2.62323e-01
5.01826e+02 2.61564e-01
5.02272e+02 2.61037e-01
5.02718e+02 2.60508e-01
5.03164e+02 2.59803e-01
5.03610e+02 2.59179e-01
5.04056e+02 2.58603e-01
5.04502e+02 2.58107e-01
5.04948e+02 2.57691e-01
5.05394e+02 2.57008e-01
5.05840e+02 2.56593e-01
5.06286e+02 2.56032e-01
5.06731e+02 2.55431e-01
5.07177e+02 2.54938e-01
5.07623e+02 2.54237e-01
5.08069e+02 2.53615e-01
5.08514e+02 2.53170e-01
5.08960e+02 2.52513e-01
5.09406e+02 2.51957e-01
5.09851e+02 2.51435e-01
5.10297e+02 2.50925e-01
5.10742e+02 2.50383e-01
5.11188e+02 2.49929e-01
5.11633e+02 2.49529e-01
5.12079e+02 2.48707e-01
5.12524e+02 2.48388e-01
5.12970e+02 2.47945e-01
5.13415e+02 2.47519e-01
5.13860e+02 2.47003e-01
5.14306e+02 2.46555e-01
5.14751e+02 2.46016e-01
5.15196e+02 2.45610e-01
5.15642e+02 2.45152e-01
5.16087e+02 2.44576e-01
5.16532e+02 2.44130e-01
5.16977e+02 2.43715e-01
5.17422e+02 2.43431e-01
5.17867e+02 2.43178e-01
5.18312e+02 2.42926e-01
5.18758e+02 2.42555e-01
5.19203e+02 2.42378e-01
5.19648e+02 2.41984e-01
5.20093e+02 2.41710e-01
5.20537e+02 2.41477e-01
5.20982e+02 2.41097e-01
5.21427e+02 2.40898e-01
5.21872e+02 2.40688e-01
5.22317e+02 2.40433e-01
5.22762e+02 2.40258e-01
5.23207e+02 2.39915e-01
5.23651e+02 2.39570e-01
5.24096e+02 2.39314e-01
5.24541e+02 2.38953e-01
5.24985e+02 2.38801e-01
5.25430e+02 2.38510e-01
5.25875e+02 2.38207e-01
5.26319e+02 2.37930e-01
5.26764e+02 2.37684e-01
5.27208e+02 2.37422e-01
5.27653e+02 2.37151e-01
5.28097e+02 2.36927e-01
5.28542e+02 2.36700e-01
5.28986e+02 2.36451e-01
5.29431e+02 2.36184e-01
5.29875e+02 2.35933e-01
5.30319e+02 2.35608e-01
5.30764e+02 2.35252e-01
5.31208e+02 2.34921e-01
5.31652e+02 2.34484e-01
5.32097e+02 2.34264e-01
5.32541e+02 2.34032e-01
5.32985e+02 2.33614e-01
5.33429e+02 2.33407e-01
5.33873e+02 2.33181e-01
5.34317e+02 2.32995e-01
5.34761e+02 2.32747e-01
5.35205e+02 2.32487e-01
5.35649e+02 2.32261e-01
5.36093e+02 2.31939e-01
5.36537e+02 2.31732e-01
5.36981e+02 2.31482e-01
5.37425e+02 2.31212e-01
5.37869e+02 2.30903e-01
5.38313e+02 2.30683e-01
5.38757e+02 2.30448e-01
5.39201e+02 2.30210e-01
5.39644e+02 2.29878e-01
5.40088e+02 2.29609e-01
5.40532e+02 2.29395e-01
5.40976e+02 2.29143e-01
5.41419e+02 2.28970e-01
5.41863e+02 2.28625e-01
5.42307e+02 2.28421e-01
5.42750e+02 2.28107e-01
5.43194e+02 2.27878e-01
5.43637e+02 2.27582e-01
5.44081e+02 2.27416e-01
5.44524e+02 2.27232e-01
5.44968e+02 2.27002e-01
5.45411e+02 2.26909e-01
5.45854e+02 2.26744e-01
5.46298e+02 2.26586e-01
5.46741e+02 2.26395e-01
5.47184e+02 2.26151e-01
5.47628e+02 2.25974e-01
5.48071e+02 2.25833e-01
5.48514e+02 2.25579e-01
5.48957e+02 2.25536e-01
5.49401e+02 2.25296e-01
5.49844e+02 2.25157e-01
5.50287e+02 2.25013e-01
5.50730e+02 2.24830e-01
5.51173e+02 2.24589e-01
5.51616e+02 2.24281e-01
5.52059e+02 2.24110e-01
5.52502e+02 2.23972e-01
5.52945e+02 2.23836e-01
5.53388e+02 2.23714e-01
5.53831e+02 2.23542e-01
5.54274e+02 2.23372e-01
5.54717e+02 2.23188e-01
5.55159e+02 2.23006e-01
5.55602e+02 2.22877e-01
5.56045e+02 2.22709e-01
5.56488e+02 2.22544e-01
5.56930e+02 2.22399e-01
5.57373e+02 2.22275e-01
5.57816e+02 2.22133e-01
5.58258e+02 2.22026e-01
5.58701e+02 2.21814e-01
5.59144e+02 2.21702e-01
5.59586e+02 2.21552e-01
5.60029e+02 2.21432e-01
5.60471e+02 2.21236e-01
5.60914e+02 2.21110e-01
5.61356e+02 2.20951e-01
5.61798e+02 2.20816e-01
5.62241e+02 2.20723e-01
5.62683e+02 2.20586e-01
5.63125e+02 2.20438e-01
5.63568e+02 2.20290e-01
5.64010e+02 2.20191e-01
5.64452e+02 2.20100e-01
5.64894e+02 2.19975e-01
5.65337e+02 2.19807e-01
5.65779e+02 2.19681e-01
5.66221e+02 2.19543e-01
5.66663e+02 2.19396e-01
5.67105e+02 2.19246e-01
5.67547e+02 2.19173e-01
5.67989e+02 2.18981e-01
5.68431e+02 2.18914e-01
5.68873e+02 2.18839e-01
5.69315e+02 2.18755e-01
5.69757e+02 2.18714e-01
5.70199e+02 2.18624e-01
5.70641e+02 2.18533e-01
5.71083e+02 2.18375e-01
5.71524e+02 2.18362e-01
5.71966e+02 2.18323e-01
5.72408e+02 2.18258e-01
5.72850e+02 2.18279e-01
5.73291e+02 2.18200e-01
5.73733e+02 2.18136e-01
5.74175e+02 2.18055e-01
5.74616e+02 2.17921e-01
5.75058e+02 2.17840e-01
5.75499e+02 2.17832e-01
5.75941e+02 2.17845e-01
5.76382e+02 2.17897e-01
5.76824e+02 2.17886e-01
5.77265e+02 2.17882e-01
5.77707e+02 2.17846e-01
5.78148e+02 2.17842e-01
5.78589e+02 2.17841e-01
5.79031e+02 2.17788e-01
5.79472e+02 2.17811e-01
5.79913e+02 2.17765e-01
5.80355e+02 2.17792e-01
5.80796e+02 2.17826e-01
5.81237e+02 2.17805e-01
5.81678e+02 2.17823e-01
5.82119e+02 2.17811e-01
5.82560e+02 2.17743e-01
5.83002e+02 2.17707e-01
5.83443e+02 2.17611e-01
5.83884e+02 2.17516e-01
5.84325e+02 2.17439e-01
5.84766e+02 2.17355e-01
5.85207e+02 2.17268e-01
5.85647e+02 2.17201e-01
5.86088e+02 2.17133e-01
5.86529e+02 2.16977e-01
5.86970e+02 2.16839e-01
5.87411e+02 2.16776e-01
5.87852e+02 2.16699e-01
5.88292e+02 2.16589e-01
5.88733e+02 2.16475e-01
5.89174e+02 2.16309e-01
5.89614e+02 2.16226e-01
5.90055e+02 2.16083e-01
5.90496e+02 2.16004e-01
5.90936e+02 2.15924e-01
5.91377e+02 2.15909e-01
5.91817e+02 2.15776e-01
5.92258e+02 2.15826e-01
5.92698e+02 2.15786e-01
5.93139e+02 2.15721e-01
5.93579e+02 2.15700e-01
5.94020e+02 2.15653e-01
5.94460e+02 2.15553e-01
5.94900e+02 2.15512e-01
5.95341e+02 2.15552e-01
5.95781e+02 2.15518e-01
5.96221e+02 2.15510e-01
5.96661e+02 2.15469e-01
5.97102e+02 2.15429e-01
5.97542e+02 2.15372e-01
5.97982e+02 2.15342e-01
5.98422e+02 2.15324e-01
5.98862e+02 2.15373e-01
5.99302e+02 2.15302e-01
5.99742e+02 2.15259e-01
6.00182e+02 2.15260e-01
6.00622e+02 2.15218e-01
6.01062e+02 2.15227e-01
6.01502e+02 2.15182e-01
6.01942e+02 2.15186e-01
6.02382e+02 2.15152e-01
6.02822e+02 2.15116e-01
6.03261e+02 2.15102e-01
6.03701e+02 2.15094e-01
6.04141e+02 2.15095e-01
6.04581e+02 2.15133e-01
6.05020e+02 2.15151e-01
6.05460e+02 2.15138e-01
6.05900e+02 2.15149e-01
6.06339e+02 2.15092e-01
6.06779e+02 2.15098e-01
6.07218e+02 2.15116e-01
6.07658e+02 2.15119e-01
6.08097e+02 2.15165e-01
6.08537e+02 2.15115e-01
6.08976e+02 2.15142e-01
6.09416e+02 2.15110e-01
6.09855e+02 2.15077e-01
6.10294e+02 2.14991e-01
6.10734e+02 2.14998e-01
6.11173e+02 2.15025e-01
6.11612e+02 2.14992e-01
6.12052e+02 2.14964e-01
6.12491e+02 2.14897e-01
6.12930e+02 2.14821e-01
6.13369e+02 2.14786e-01
6.13808e+02 2.14724e-01
6.14247e+02 2.14717e-01
6.14687e+02 2.14721e-01
6.15126e+02 2.14730e-01
6.15565e+02 2.14763e-01
6.16004e+02 2.14774e-01
6.16443e+02 2.14801e-01
6.16882e+02 2.14799e-01
6.17320e+02 2.14803e-01
6.17759e+02 2.14752e-01
6.18198e+02 2.14747e-01
6.18637e+02 2.14750e-01
6.19076e+02 2.14781e-01
6.19515e+02 2.14754e-01
6.19953e+02 2.14779e-01
6.20392e+02 2.14760e-01
6.20831e+02 2.14790e-01
6.21269e+02 2.14779e-01
6.21708e+02 2.14800e-01
6.22147e+02 2.14805e-01
6.22585e+02 2.14793e-01
6.23024e+02 2.14748e-01
6.23462e+02 2.14786e-01
6.23901e+02 2.14796e-01
6.24339e+02 2.14813e-01
6.24778e+02 2.14821e-01
6.25216e+02 2.14755e-01
6.25655e+02 2.14792e-01
6.26093e+02 2.14832e-01
6.26531e+02 2.14871e-01
6.26969e+02 2.14896e-01
6.27408e+02 2.14904e-01
6.27846e+02 2.14906e-01
6.28284e+02 2.14931e-01
6.28722e+02 2.14972e-01
6.29161e+02 2.14982e-01
6.29599e+02 2.15063e-01
6.30037e+02 2.15117e-01
6.30475e+02 2.15226e-01
6.30913e+02 2.15302e-01
6.31351e+02 2.15395e-01
6.31789e+02 2.15460e-01
6.32227e+02 2.15578e-01
6.32665e+02 2.15708e-01
6.33103e+02 2.15818e-01
6.33541e+02 2.15944e-01
6.33978e+02 2.16098e-01
6.34416e+02 2.16300e-01
6.34854e+02 2.16443e-01
6.35292e+02 2.16613e-01
6.35730e+02 2.16730e-01
6.36167e+02 2.16849e-01
6.36605e+02 2.17025e-01
6.37043e+02 2.17128e-01
6.37480e+02 2.17281e-01
6.37918e+02 2.17446e-01
6.38355e+02 2.17608e-01
6.38793e+02 2.17804e-01
6.39230e+02 2.17963e-01
6.39668e+02 2.18111e-01
6.40105e+02 2.18258e-01
6.40543e+02 2.18386e-01
6.40980e+02 2.18485e-01
6.41418e+02 2.18580e-01
6.41855e+02 2.18693e-01
6.42292e+02 2.18735e-01
6.42730e+02 2.18812e-01
6.43167e+02 2.18838e-01
6.43604e+02 2.18905e-01
6.44041e+02 2.18940e-01
6.44478e+02 2.19001e-01
6.44916e+02 2.19024e-01
6.45353e+02 2.19087e-01
6.45790e+02 2.19114e-01
6.46227e+02 2.19175e-01
6.46664e+02 2.19246e-01
6.47101e+02 2.19288e-01
6.47538e+02 2.19289e-01
6.47975e+02 2.19323e-01
6.48412e+02 2.19309e-01
6.48849e+02 2.19349e-01
6.49285e+02 2.19430e-01
6.49722e+02 2.19526e-01
6.50159e+02 2.19593e-01
6.50596e+02 2.19697e-01
6.51033e+02 2.19759e-01
6.51469e+02 2.19833e-01
6.51906e+02 2.19956e-01
6.52343e+02 2.20098e-01
6.52779e+02 2.20183e-01
6.53216e+02 2.20285e-01
6.53652e+02 2.20388e-01
6.54089e+02 2.20445e-01
6.54526e+02 2.20533e-01
6.54962e+02 2.20652e-01
6.55399e+02 2.20757e-01
6.55835e+02 2.20878e-01
6.56271e+02 2.20938e-01
6.56708e+02 2.21046e-01
6.57144e+02 2.21127e-01
6.57580e+02 2.21245e-01
6.58017e+02 2.21357e-01
6.58453e+02 2.21403e-01
6.58889e+02 2.21533e-01
6.59325e+02 2.21612e-01
6.59762e+02 2.21766e-01
6.60198e+02 2.21890e-01
6.60634e+02 2.21977e-01
6.61070e+02 2.22112e-01
6.61506e+02 2.22248e-01
6.61942e+02 2.22384e-01
6.62378e+02 2.22521e-01
6.62814e+02 2.22616e-01
6.63250e+02 2.22761e-01
6.63686e+02 2.22860e-01
6.64122e+02 2.23033e-01
6.64558e+02 2.23149e-01
6.64994e+02 2.23278e-01
6.65429e+02 2.23417e-01
6.65865e+02 2.23576e-01
6.66301e+02 2.23692e-01
6.66737e+02 2.23843e-01
6.67172e+02 2.23978e-01
6.67608e+02 2.24122e-01
6.68044e+02 2.24248e-01
6.68479e+02 2.24351e-01
6.68915e+02 2.24509e-01
6.69351e+02 2.24647e-01
6.69786e+02 2.24827e-01
6.70222e+02 2.24956e-01
6.70657e+02 2.25053e-01
6.71093e+02 2.25171e-01
6.71528e+02 2.25303e-01
6.71963e+02 2.25431e-01
6.72399e+02 2.25585e-01
6.72834e+02 2.25769e-01
6.73269e+02 2.25942e-01
6.73705e+02 2.26116e-01
6.74140e+02 2.26289e-01
6.74575e+02 2.26437e-01
6.75010e+02 2.26596e-01
6.75445e+02 2.26821e-01
6.75881e+02 2.27036e-01
6.76316e+02 2.27217e-01
6.76751e+02 2.27437e-01
6.77186e+02 2.27636e-01
6.77621e+02 2.27840e-01
6.78056e+02 2.28079e-01
6.78491e+02 2.28285e-01
6.78926e+02 2.28483e-01
6.79361e+02 2.28700e-01
6.79796e+02 2.28885e-01
6.80230e+02 2.29085e-01
6.80665e+02 2.29265e-01
6.81100e+02 2.29459e-01
6.81535e+02 2.29677e-01
6.81969e+02 2.29870e-01
6.82404e+02 2.30072e-01
6.82839e+02 2.30230e-01
6.83274e+02 2.30402e-01
6.83708e+02 2.30786e-01
6.84143e+02 2.30807e-01
6.84577e+02 2.30905e-01
6.85012e+02 2.31003e-01
6.85446e+02 2.31092e-01
6.85881e+02 2.31188e-01
6.86315e+02 2.31293e-01
6.86750e+02 2.31384e-01
6.87184e+02 2.31489e-01
6.87618e+02 2.31690e-01
6.88053e+02 2.31849e-01
6.88487e+02 2.32061e-01
6.88921e+02 2.32265e-01
6.89356e+02 2.32493e-01
6.89790e+02 2.32674e-01
6.90224e+02 2.32892e-01
6.90658e+02 2.33071e-01
6.91092e+02 2.33249e-01
6.91526e+02 2.33398e-01
6.91961e+02 2.33574e-01
6.92395e+02 2.33804e-01
6.92829e+02 2.33983e-01
6.93263e+02 2.34180e-01
6.93697e+02 2.34322e-01
6.94131e+02 2.34488e-01
6.94564e+02 2.34652e-01
6.94998e+02 2.34778e-01
6.95432e+02 2.34989e-01
6.95866e+02 2.35135e-01
6.96300e+02 2.35337e-01
6.96734e+02 2.35459e-01
6.97167e+02 2.35596e-01
6.97601e+02 2.35690e-01
6.98035e+02 2.35817e-01
6.98468e+02 2.35928e-01
6.98902e+02 2.36096e-01
6.99336e+02 2.36241e-01
6.99769e+02 2.36381e-01
7.00203e+02 2.36502e-01
7.00636e+02 2.36610e-01
7.01070e+02 2.36788e-01
7.01503e+02 2.36911e-01
7.01937e+02 2.37018e-01
7.02370e+02 2.37159e-01
7.02803e+02 2.37298e-01
7.03237e+02 2.37368e-01
7.03670e+02 2.37436e-01
7.04103e+02 2.37539e-01
7.04536e+02 2.37610e-01
7.04970e+02 2.37752e-01
7.05403e+02 2.37874e-01
7.05836e+02 2.38016e-01
7.06269e+02 2.38236e-01
7.06702e+02 2.38419e-01
7.07135e+02 2.38670e-01
7.07568e+02 2.38583e-01
7.08001e+02 2.38741e-01
7.08434e+02 2.38863e-01
7.08867e+02 2.38997e-01
7.09300e+02 2.39156e-01
7.09733e+02 2.39257e-01
7.10166e+02 2.39377e-01
7.10599e+02 2.39528e-01
7.11032e+02 2.39709e-01
7.11465e+02 2.39875e-01
7.11897e+02 2.40057e-01
7.12330e+02 2.40227e-01
7.12763e+02 2.40403e-01
7.13195e+02 2.40578e-01
7.13628e+02 2.40769e-01
7.14061e+02 2.40931e-01
7.14493e+02 2.41088e-01
7.14926e+02 2.41230e-01
7.15358e+02 2.41375e-01
7.15791e+02 2.41569e-01
7.16223e+02 2.41684e-01
7.16656e+02 2.41769e-01
7.17088e+02 2.41822e-01
7.17521e+02 2.41881e-01
7.17953e+02 2.41900e-01
7.18385e+02 2.41892e-01
7.18818e+02 2.41927e-01
7.19250e+02 2.41867e-01
7.19682e+02 2.41848e-01
7.20114e+02 2.41781e-01
7.20547e+02 2.41651e-01
7.20979e+02 2.41500e-01
7.21411e+02 2.41308e-01
7.21843e+02 2.41141e-01
7.22275e+02 2.40969e-01
7.22707e+02 2.40748e-01
7.23139e+02 2.40517e-01
7.23571e+02 2.40292e-01
7.24003e+02 2.40093e-01
7.24435e+02 2.39937e-01
7.24867e+02 2.39728e-01
7.25299e+02 2.39501e-01
7.25731e+02 2.39311e-01
7.26162e+02 2.39052e-01
7.26594e+02 2.38763e-01
7.27026e+02 2.38487e-01
7.27458e+02 2.38193e-01
7.27889e+02 2.37864e-01
7.28321e+02 2.37648e-01
7.28753e+02 2.37374e-01
7.29184e+02 2.37122e-01
7.29616e+02 2.36936e-01
7.30047e+02 2.36655e-01
7.30479e+02 2.36400e-01
7.30910e+02 2.36167e-01
7.31342e+02 2.35916e-01
7.31773e+02 2.35651e-01
7.32205e+02 2.35411e-01
7.32636e+02 2.35138e-01
7.33067e+02 2.34888e-01
7.33499e+02 2.34640e-01
7.33930e+02 2.34407e-01
7.34361e+02 2.34183e-01
7.34793e+02 2.33962e-01
7.35224e+02 2.33746e-01
7.35655e+02 2.33511e-01
7.36086e+02 2.33269e-01
7.36517e+02 2.33056e-01
7.36948e+02 2.32822e-01
7.37379e+02 2.32588e-01
7.37810e+02 2.32411e-01
7.38241e+02 2.32199e-01
7.38672e+02 2.32017e-01
7.39103e+02 2.31838e-01
7.39534e+02 2.31625e-01
7.39965e+02 2.31428e-01
7.40396e+02 2.31257e-01
7.40827e+02 2.31097e-01
7.41258e+02 2.30918e-01
7.41688e+02 2.30733e-01
7.42119e+02 2.30588e-01
7.42550e+02 2.30433e-01
7.42980e+02 2.30312e-01
7.43411e+02 2.30163e-01
7.43842e+02 2.29996e-01
7.44272e+02 2.29837e-01
7.44703e+02 2.29691e-01
7.45133e+02 2.29565e-01
7.45564e+02 2.29381e-01
7.45994e+02 2.29227e-01
7.46425e+02 2.29082e-01
7.46855e+02 2.28925e-01
7.47286e+02 2.28824e-01
7.47716e+02 2.28705e-01
7.48146e+02 2.28550e-01
7.48577e+02 2.28433e-01
7.49007e+02 2.28364e-01
7.49437e+02 2.28260e-01
7.49867e+02 2.28218e-01
7.50298e+02 2.28145e-01
7.50728e+02 2.28034e-01
7.51158e+02 2.27949e-01
7.51588e+02 2.27916e-01
7.52018e+02 2.27842e-01
7.52448e+02 2.27772e-01
7.52878e+02 2.27812e-01
7.53308e+02 2.27726e-01
7.53738e+02 2.27692e-01
7.54168e+02 2.27709e-01
7.54598e+02 2.27701e-01
7.55028e+02 2.27686e-01
7.55458e+02 2.27708e-01
7.55887e+02 2.27699e-01
7.56317e+02 2.27722e-01
7.56747e+02 2.27734e-01
7.57177e+02 2.27777e-01
7.57606e+02 2.27810e-01
7.58036e+02 2.27853e-01
7.58466e+02 2.27912e-01
7.58895e+02 2.27949e-01
7.59325e+02 2.27961e-01
7.59754e+02 2.28017e-01
7.60184e+02 2.28081e-01
7.60613e+02 2.28176e-01
7.61043e+02 2.28296e-01
7.61472e+02 2.28380e-01
7.61902e+02 2.28470e-01
7.62331e+02 2.28522e-01
7.62760e+02 2.28612e-01
7.63190e+02 2.28694e-01
7.63619e+02 2.28732e-01
7.64048e+02 2.28784e-01
7.64478e+02 2.28868e-01
7.64907e+02 2.28951e-01
7.65336e+02 2.29079e-01
7.65765e+02 2.29178e-01
7.66194e+02 2.29286e-01
7.66623e+02 2.29377e-01
7.67052e+02 2.29411e-01
7.67481e+02 2.29456e-01
7.67910e+02 2.29508e-01
7.68339e+02 2.29551e-01
7.68768e+02 2.29570e-01
7.69197e+02 2.29607e-01
7.69626e+02 2.29660e-01
7.70055e+02 2.29647e-01
7.70484e+02 2.29687e-01
7.70912e+02 2.29674e-01
7.71341e+02 2.29696e-01
7.71770e+02 2.29734e-01
7.72199e+02 2.29775e-01
7.72627e+02 2.29781e-01
7.73056e+02 2.29808e-01
7.73485e+02 2.29811e-01
7.73913e+02 2.29825e-01
7.74342e+02 2.29880e-01
7.74770e+02 2.29941e-01
7.75199e+02 2.30005e-01
7.75627e+02 2.30060e-01
7.76056e+02 2.30176e-01
7.76484e+02 2.30234e-01
7.76912e+02 2.30425e-01
7.77341e+02 2.30600e-01
7.77769e+02 2.30742e-01
7.78197e+02 2.30871e-01
7.78626e+02 2.30998e-01
7.79054e+02 2.31123e-01
7.79482e+02 2.31253e-01
7.79910e+02 2.31435e-01
7.80338e+02 2.31586e-01
7.80767e+02 2.31802e-01
7.81195e+02 2.32024e-01
7.81623e+02 2.32240e-01
7.82051e+02 2.32444e-01
7.82479e+02 2.32675e-01
7.82907e+02 2.32957e-01
7.83335e+02 2.33229e-01
7.83763e+02 2.33492e-01
7.84190e+02 2.33765e-01
7.84618e+02 2.34005e-01
7.85046e+02 2.34230e-01
7.85474e+02 2.34423e-01
7.85902e+02 2.34645e-01
7.86329e+02 2.34844e-01
7.86757e+02 2.35079e-01
7.87185e+02 2.35343e-01
7.87612e+02 2.35653e-01
7.88040e+02 2.35930e-01
7.88468e+02 2.36245e-01
7.88895e+02 2.36532e-01
7.89323e+02 2.36838e-01
7.89750e+02 2.37144e-01
7.90178e+02 2.37448e-01
7.90605e+02 2.37827e-01
7.91033e+02 2.38169e-01
7.91460e+02 2.38534e-01
7.91887e+02 2.38874e-01
7.92315e+02 2.39272e-01
7.92742e+02 2.39662e-01
7.93169e+02 2.40019e-01
7.93596e+02 2.40412e-01
7.94024e+02 2.40792e-01
7.94451e+02 2.41155e-01
7.94878e+02 2.41478e-01
7.95305e+02 2.41830e-01
7.95732e+02 2.42135e-01
7.96159e+02 2.42536e-01
7.96586e+02 2.42881e-01
7.97013e+02 2.43227e-01
7.97440e+02 2.43574e-01
7.97867e+02 2.43898e-01
7.98294e+02 2.44206e-01
7.98721e+02 2.44513e-01
7.99148e+02 2.44825e-01
7.99575e+02 2.45173e-01
8.00001e+02 2.45555e-01
8.00428e+02 2.45900e-01
8.00855e+02 2.46191e-01
8.01282e+02 2.46479e-01
8.01708e+02 2.46767e-01
8.02135e+02 2.47078e-01
8.02562e+02 2.47345e-01
8.02988e+02 2.47659e-01
8.03415e+02 2.47929e-01
8.03841e+02 2.48252e-01
8.04268e+02 2.48558e-01
8.04694e+02 2.48855e-01
8.05121e+02 2.49207e-01
8.05547e+02 2.49582e-01
8.05973e+02 2.49973e-01
8.06400e+02 2.50393e-01
8.06826e+02 2.50773e-01
8.07252e+02 2.51176e-01
8.07679e+02 2.51551e-01
8.08105e+02 2.51918e-01
8.08531e+02 2.52260e-01
8.08957e+02 2.52590e-01
8.09383e+02 2.52964e-01
8.09810e+02 2.53325e-01
8.10236e+02 2.53629e-01
8.10662e+02 2.53938e-01
8.11088e+02 2.54212e-01
8.11514e+02 2.54501e-01
8.11940e+02 2.54851e-01
8.12366e+02 2.55206e-01
8.12792e+02 2.55578e-01
8.13217e+02 2.55943e-01
8.13643e+02 2.56257e-01
8.14069e+02 2.56549e-01
8.14495e+02 2.56859e-01
8.14921e+02 2.57123e-01
8.15346e+02 2.57443e-01
8.15772e+02 2.57736e-01
8.16198e+02 2.58018e-01
8.16623e+02 2.58289e-01
8.17049e+02 2.58597e-01
8.17475e+02 2.58844e-01
8.17900e+02 2.59134e-01
8.18326e+02 2.59471e-01
8.18751e+02 2.59783e-01
8.19177e+02 2.60145e-01
8.19602e+02 2.60441e-01
8.20027e+02 2.60734e-01
8.20453e+02 2.61051e-01
8.20878e+02 2.61331e-01
8.21303e+02 2.61639e-01
8.21729e+02 2.61903e-01
8.22154e+02 2.62225e-01
8.22579e+02 2.62520e-01
8.23004e+02 2.62851e-01
8.23430e+02 2.63161e-01
8.23855e+02 2.63460e-01
8.24280e+02 2.63783e-01
8.24705e+02 2.64122e-01
8.25130e+02 2.64438e-01
8.25555e+02 2.64718e-01
8.25980e+02 2.65041e-01
8.26405e+02 2.65304e-01
8.26830e+02 2.65571e-01
8.27255e+02 2.65840e-01
8.27680e+02 2.66095e-01
8.28104e+02 2.66375e-01
8.28529e+02 2.66591e-01
8.28954e+02 2.66869e-01
8.29379e+02 2.67107e-01
8.29803e+02 2.67342e-01
8.30228e+02 2.67602e-01
8.30653e+02 2.67833e-01
8.31077e+02 2.68030e-01
8.31502e+02 2.68276e-01
8.31927e+02 2.68492e-01
8.32351e+02 2.68710e-01
8.32776e+02 2.68871e-01
8.33200e+02 2.69022e-01
8.33625e+02 2.69178e-01
8.34049e+02 2.69371e-01
8.34473e+02 2.69569e-01
8.34898e+02 2.69812e-01
8.35322e+02 2.70005e-01
8.35746e+02 2.70211e-01
8.36171e+02 2.70386e-01
8.36595e+02 2.70542e-01
8.37019e+02 2.70772e-01
8.37443e+02 2.70950e-01
8.37868e+02 2.71121e-01
8.38292e+02 2.71358e-01
8.38716e+02 2.71575e-01
8.39140e+02 2.71726e-01
8.39564e+02 2.71974e-01
8.39988e+02 2.72195e-01
8.40412e+02 2.72413e-01
8.40836e+02 2.72652e-01
8.41260e+02 2.72895e-01
8.41684e+02 2.73122e-01
8.42107e+02 2.73332e-01
8.42531e+02 2.73529e-01
8.42955e+02 2.73706e-01
8.43379e+02 2.73907e-01
8.43803e+02 2.74049e-01
8.44226e+02 2.74178e-01
8.44650e+02 2.74280e-01
8.45074e+02 2.74477e-01
8.45497e+02 2.74574e-01
8.45921e+02 2.74743e-01
8.46344e+02 2.74872e-01
8.46768e+02 2.75048e-01
8.47191e+02 2.75217e-01
8.47615e+02 2.75390e-01
8.48038e+02 2.75570e-01
8.48462e+02 2.75770e-01
8.48885e+02 2.76008e-01
8.49308e+02 2.76203e-01
8.49732e+02 2.76398e-01
8.50155e+02 2.76582e-01
8.50578e+02 2.76695e-01
8.51001e+02 2.76876e-01
8.51425e+02 2.77031e-01
8.51848e+02 2.77243e-01
8.52271e+02 2.77403e-01
8.52694e+02 2.77627e-01
8.53117e+02 2.77838e-01
8.53540e+02 2.78068e-01
8.53963e+02 2.78335e-01
8.54386e+02 2.78622e-01
8.54809e+02 2.78870e-01
8.55232e+02 2.79084e-01
8.55655e+02 2.79314e-01
8.56078e+02 2.79545e-01
8.56501e+02 2.79769e-01
8.56924e+02 2.80017e-01
8.57346e+02 2.80235e-01
8.57769e+02 2.80466e-01
8.58192e+02 2.80699e-01
8.58614e+02 2.80938e-01
8.59037e+02 2.81105e-01
8.59460e+02 2.81303e-01
8.59882e+02 2.81538e-01
8.60305e+02 2.81699e-01
8.60727e+02 2.81857e-01
8.61150e+02 2.82051e-01
8.61572e+02 2.82200e-01
8.61995e+02 2.82383e-01
8.62417e+02 2.82618e-01
8.62840e+02 2.82786e-01
8.63262e+02 2.83004e-01
8.63684e+02 2.83254e-01
8.64107e+02 2.83537e-01
8.64529e+02 2.83914e-01
8.64951e+02 2.84286e-01
8.65373e+02 2.84710e-01
8.65796e+02 2.85138e-01
8.66218e+02 2.85541e-01
8.66640e+02 2.85981e-01
8.67062e+02 2.86426e-01
8.67484e+02 2.86941e-01
8.67906e+02 2.87407e-01
8.68328e+02 2.87929e-01
8.68750e+02 2.88439e-01
8.69172e+02 2.88919e-01
8.69594e+02 2.89479e-01
8.70016e+02 2.90039e-01
8.70438e+02 2.90583e-01
8.70859e+02 2.91145e-01
8.71281e+02 2.91675e-01
8.71703e+02 2.92139e-01
8.72125e+02 2.92577e-01
8.72546e+02 2.92950e-01
8.72968e+02 2.93273e-01
8.73390e+02 2.93570e-01
8.73811e+02 2.93908e-01
8.74233e+02 2.94185e-01
8.74654e+02 2.94410e-01
8.75076e+02 2.94554e-01
8.75497e+02 2.94743e-01
8.75919e+02 2.94919e-01
8.76340e+02 2.95075e-01
8.76762e+02 2.95231e-01
8.77183e+02 2.95316e-01
8.77604e+02 2.95412e-01
8.78026e+02 2.95474e-01
8.78447e+02 2.95569e-01
8.78868e+02 2.95722e-01
8.79289e+02 2.95854e-01
8.79711e+02 2.96077e-01
8.80132e+02 2.96288e-01
8.80553e+02 2.96517e-01
8.80974e+02 2.96735e-01
8.81395e+02 2.96987e-01
8.81816e+02 2.97180e-01
8.82237e+02 2.97410e-01
8.82658e+02 2.97656e-01
8.83079e+02 2.97858e-01
8.83500e+02 2.98067e-01
8.83921e+02 2.98311e-01
8.84342e+02 2.98550e-01
8.84762e+02 2.98778e-01
8.85183e+02 2.98998e-01
8.85604e+02 2.99192e-01
8.86025e+02 2.99450e-01
8.86445e+02 2.99750e-01
8.86866e+02 3.00041e-01
8.87287e+02 3.00426e-01
8.87707e+02 3.00737e-01
8.88128e+02 3.01088e-01
8.88549e+02 3.01434e-01
8.88969e+02 3.01706e-01
8.89390e+02 3.02022e-01
8.89810e+02 3.02269e-01
8.90230e+02 3.02542e-01
8.90651e+02 3.02809e-01
8.91071e+02 3.03128e-01
8.91492e+02 3.03394e-01
8.91912e+02 3.03726e-01
8.92332e+02 3.04139e-01
8.92752e+02 3.04539e-01
8.93173e+02 3.04953e-01
8.93593e+02 3.05420e-01
8.94013e+02 3.05821e-01
8.94433e+02 3.06241e-01
8.94853e+02 3.06719e-01
8.95273e+02 3.07124e-01
8.95693e+02 3.07574e-01
8.96113e+02 3.08022e-01
8.96533e+02 3.08517e-01
8.96953e+02 3.08961e-01
8.97373e+02 3.09397e-01
8.97793e+02 3.09778e-01
8.98213e+02 3.10155e-01
8.98633e+02 3.10497e-01
8.99052e+02 3.10853e-01
8.99472e+02 3.11220e-01
8.99892e+02 3.11541e-01
9.00312e+02 3.11874e-01
9.00731e+02 3.12296e-01
9.01151e+02 3.12706e-01
9.01571e+02 3.13191e-01
9.01990e+02 3.13623e-01
9.02410e+02 3.14098e-01
9.02829e+02 3.14542e-01
9.03249e+02 3.14970e-01
9.03668e+02 3.15383e-01
9.04088e+02 3.15779e-01
9.04507e+02 3.16106e-01
9.04926e+02 3.16464e-01
9.05346e+02 3.16817e-01
9.05765e+02 3.17157e-01
9.06184e+02 3.17458e-01
9.06604e+02 3.17790e-01
9.07023e+02 3.18090e-01
9.07442e+02 3.18407e-01
9.07861e+02 3.18764e-01
9.08280e+02 3.19157e-01
9.08699e+02 3.19582e-01
9.09118e+02 3.20044e-01
9.09537e+02 3.20528e-01
9.09956e+02 3.21015e-01
9.10375e+02 3.21509e-01
9.10794e+02 3.22017e-01
9.11213e+02 3.22510e-01
9.11632e+02 3.22875e-01
9.12051e+02 3.23308e-01
9.12470e+02 3.23722e-01
9.12889e+02 3.24164e-01
9.13307e+02 3.24603e-01
9.13726e+02 3.25074e-01
9.14145e+02 3.25554e-01
9.14563e+02 3.26043e-01
9.14982e+02 3.26576e-01
9.15401e+02 3.27095e-01
9.15819e+02 3.27681e-01
9.16238e+02 3.28306e-01
9.16656e+02 3.28901e-01
9.17075e+02 3.29630e-01
9.17493e+02 3.30383e-01
9.17912e+02 3.31122e-01
9.18330e+02 3.31955e-01
9.18748e+02 3.32807e-01
9.19167e+02 3.33661e-01
9.19585e+02 3.34518e-01
9.20003e+02 3.35356e-01
9.20422e+02 3.36142e-01
9.20840e+02 3.36912e-01
9.21258e+02 3.37724e-01
9.21676e+02 3.38579e-01
9.22094e+02 3.39459e-01
9.22512e+02 3.40345e-01
9.22930e+02 3.41233e-01
9.23348e+02 3.42237e-01
9.23766e+02 3.43156e-01
9.24184e+02 3.44157e-01
9.24602e+02 3.45158e-01
9.25020e+02 3.46240e-01
9.25438e+02 3.47399e-01
9.25856e+02 3.48579e-01
9.26274e+02 3.49867e-01
9.26692e+02 3.51165e-01
9.27109e+02 3.52608e-01
9.27527e+02 3.54141e-01
9.27945e+02 3.55723e-01
9.28362e+02 3.57433e-01
9.28780e+02 3.59205e-01
9.29198e+02 3.61180e-01
9.29615e+02 3.63348e-01
9.30033e+02 3.65800e-01
9.30450e+02 3.68418e-01
9.30868e+02 3.71337e-01
9.31285e+02 3.74433e-01
9.31703e+02 3.77834e-01
9.32120e+02 3.81385e-01
9.32537e+02 3.85290e-01
9.32955e+02 3.89378e-01
9.33372e+02 3.93605e-01
9.33789e+02 3.98007e-01
9.34206e+02 4.02562e-01
9.34624e+02 4.07414e-01
9.35041e+02 4.12406e-01
9.35458e+02 4.17486e-01
9.35875e+02 4.22640e-01
9.36292e+02 4.27873e-01
9.36709e+02 4.32987e-01
9.37126e+02 4.38059e-01
9.37543e+02 4.43032e-01
9.37960e+02 4.47886e-01
9.38377e+02 4.52599e-01
9.38794e+02 4.57084e-01
9.39211e+02 4.61364e-01
9.39628e+02 4.65272e-01
9.40044e+02 4.68933e-01
9.40461e+02 4.72216e-01
9.40878e+02 4.75101e-01
9.41295e+02 4.77542e-01
9.41711e+02 4.79570e-01
9.42128e+02 4.81269e-01
9.42545e+02 4.82447e-01
9.42961e+02 4.83366e-01
9.43378e+02 4.83906e-01
9.43794e+02 4.84244e-01
9.44211e+02 4.84240e-01
9.44627e+02 4.84019e-01
9.45044e+02 4.83467e-01
9.45460e+02 4.82707e-01
9.45876e+02 4.81874e-01
9.46293e+02 4.80787e-01
9.46709e+02 4.79656e-01
9.47125e+02 4.78364e-01
9.47542e+02 4.77047e-01
9.47958e+02 4.75631e-01
9.48374e+02 4.74126e-01
9.48790e+02 4.72540e-01
9.49206e+02 4.70805e-01
9.49622e+02 4.69160e-01
9.50038e+02 4.67356e-01
9.50454e+02 4.65490e-01
9.50870e+02 4.63484e-01
9.51286e+02 4.61494e-01
9.51702e+02 4.59482e-01
9.52118e+02 4.57572e-01
9.52534e+02 4.55675e-01
9.52950e+02 4.53671e-01
9.53366e+02 4.51769e-01
9.53782e+02 4.49836e-01
9.54197e+02 4.48075e-01
9.54613e+02 4.46350e-01
9.55029e+02 4.44744e-01
9.55444e+02 4.43036e-01
9.55860e+02 4.41501e-01
9.56276e+02 4.39902e-01
9.56691e+02 4.38637e-01
9.57107e+02 4.37546e-01
9.57522e+02 4.36528e-01
9.57938e+02 4.35638e-01
9.58353e+02 4.34888e-01
9.58769e+02 4.34280e-01
9.59184e+02 4.33704e-01
9.59599e+02 4.33242e-01
9.60015e+02 4.32903e-01
9.60430e+02 4.32719e-01
9.60845e+02 4.32694e-01
9.61261e+02 4.32685e-01
9.61676e+02 4.32757e-01
9.62091e+02 4.32886e-01
9.62506e+02 4.33186e-01
9.62921e+02 4.33499e-01
9.63336e+02 4.33850e-01
9.63751e+02 4.34262e-01
9.64166e+02 4.34811e-01
9.64581e+02 4.35330e-01
9.64996e+02 4.35808e-01
9.65411e+02 4.36373e-01
9.65826e+02 4.36960e-01
9.66241e+02 4.37615e-01
9.66656e+02 4.38178e-01
9.67071e+02 4.38803e-01
9.67485e+02 4.39498e-01
9.67900e+02 4.40245e-01
9.68315e+02 4.40984e-01
9.68729e+02 4.41762e-01
9.69144e+02 4.42662e-01
9.69559e+02 4.43470e-01
9.69973e+02 4.44345e-01
9.70388e+02 4.45133e-01
9.70802e+02 4.45950e-01
9.71217e+02 4.46762e-01
9.71631e+02 4.47567e-01
9.72046e+02 4.48483e-01
9.72460e+02 4.49391e-01
9.72874e+02 4.50279e-01
9.73289e+02 4.51133e-01
9.73703e+02 4.52113e-01
9.74117e+02 4.53080e-01
9.74532e+02 4.54120e-01
9.74946e+02 4.55246e-01
9.75360e+02 4.56182e-01
9.75774e+02 4.57205e-01
9.76188e+02 4.58301e-01
9.76602e+02 4.59405e-01
9.77016e+02 4.60507e-01
9.77430e+02 4.61614e-01
9.77844e+02 4.62869e-01
9.78258e+02 4.64125e-01
9.78672e+02 4.65304e-01
9.79086e+02 4.66897e-01
9.79500e+02 4.68366e-01
9.79914e+02 4.69806e-01
9.80328e+02 4.71402e-01
9.80742e+02 4.73002e-01
9.81155e+02 4.74616e-01
9.81569e+02 4.76239e-01
9.81983e+02 4.77925e-01
9.82396e+02 4.79677e-01
9.82810e+02 4.81522e-01
9.83224e+02 4.83395e-01
9.83637e+02 4.85029e-01
9.84051e+02 4.86986e-01
9.84464e+02 4.88926e-01
9.84878e+02 4.90792e-01
9.85291e+02 4.92830e-01
9.85704e+02 4.94845e-01
9.86118e+02 4.96854e-01
9.86531e+02 4.98993e-01
9.86944e+02 5.01039e-01
9.87358e+02 5.03142e-01
9.87771e+02 5.05362e-01
9.88184e+02 5.07708e-01
9.88597e+02 5.10048e-01
9.89011e+02 5.12388e-01
9.89424e+02 5.14849e-01
9.89837e+02 5.17507e-01
9.90250e+02 5.20154e-01
9.90663e+02 5.22984e-01
9.91076e+02 5.25946e-01
9.91489e+02 5.29057e-01
9.91902e+02 5.32027e-01
9.92315e+02 5.35004e-01
9.92728e+02 5.38083e-01
9.93140e+02 5.41186e-01
9.93553e+02 5.44297e-01
9.93966e+02 5.47494e-01
9.94379e+02 5.50728e-01
9.94791e+02 5.54075e-01
9.95204e+02 5.57346e-01
9.95617e+02 5.60633e-01
9.96029e+02 5.64006e-01
9.96442e+02 5.67406e-01
9.96855e+02 5.70856e-01
9.97267e+02 5.74400e-01
9.97680e+02 5.77700e-01
9.98092e+02 5.81094e-01
9.98504e+02 5.84548e-01
9.98917e+02 5.88012e-01
9.99329e+02 5.91649e-01
9.99742e+02 5.95454e-01
1.00015e+03 5.99442e-01
1.00057e+03 6.03338e-01
1.00098e+03 6.07366e-01
1.00139e+03 6.11655e-01
1.00180e+03 6.15880e-01
1.00222e+03 6.20067e-01
1.00263e+03 6.24626e-01
1.00304e+03 6.29034e-01
1.00345e+03 6.33822e-01
1.00386e+03 6.38512e-01
1.00427e+03 6.43179e-01
1.00469e+03 6.48089e-01
1.00510e+03 6.53105e-01
1.00551e+03 6.58119e-01
1.00592e+03 6.62822e-01
1.00634e+03 6.68130e-01
1.00675e+03 6.73056e-01
1.00716e+03 6.78024e-01
1.00757e+03 6.83165e-01
1.00798e+03 6.88018e-01
1.00839e+03 6.92999e-01
1.00880e+03 6.97969e-01
1.00922e+03 7.03050e-01
1.00963e+03 7.08118e-01
1.01004e+03 7.13122e-01
1.01045e+03 7.18172e-01
1.01086e+03 7.23187e-01
1.01127e+03 7.28205e-01
1.01169e+03 7.33669e-01
1.01210e+03 7.39207e-01
1.01251e+03 7.45055e-01
1.01292e+03 7.50994e-01
1.01333e+03 7.57223e-01
1.01374e+03 7.63499e-01
1.01415e+03 7.69808e-01
1.01457e+03 7.76703e-01
1.01498e+03 7.83630e-01
1.01539e+03 7.90573e-01
1.01580e+03 7.97690e-01
1.01621e+03 8.04946e-01
1.01662e+03 8.12062e-01
1.01703e+03 8.19462e-01
1.01744e+03 8.26779e-01
1.01785e+03 8.34206e-01
1.01826e+03 8.41472e-01
1.01868e+03 8.48815e-01
1.01909e+03 8.56080e-01
1.01950e+03 8.63240e-01
1.01991e+03 8.70162e-01
1.02032e+03 8.76950e-01
1.02073e+03 8.83804e-01
1.02114e+03 8.90879e-01
1.02155e+03 8.97652e-01
1.02196e+03 9.04778e-01
1.02237e+03 9.11861e-01
1.02278e+03 9.18888e-01
1.02319e+03 9.26226e-01
1.02360e+03 9.34183e-01
1.02401e+03 9.41952e-01
1.02442e+03 9.49826e-01
1.02484e+03 9.58589e-01
1.02525e+03 9.67236e-01
1.02566e+03 9.76618e-01
1.02607e+03 9.85987e-01
1.02648e+03 9.95736e-01
1.02689e+03 1.00630e+00
1.02730e+03 1.01704e+00
1.02771e+03 1.02795e+00
1.02812e+03 1.03886e+00
1.02853e+03 1.05086e+00
1.02894e+03 1.06265e+00
1.02935e+03 1.07484e+00
1.02976e+03 1.08698e+00
1.03017e+03 1.09912e+00
1.03058e+03 1.11162e+00
1.03099e+03 1.12383e+00
1.03140e+03 1.13588e+00
1.03181e+03 1.14828e+00
1.03222e+03 1.15996e+00
1.03263e+03 1.17133e+00
1.03304e+03 1.18304e+00
1.03345e+03 1.19436e+00
1.03386e+03 1.20644e+00
1.03427e+03 1.21822e+00
1.03468e+03 1.23036e+00
1.03509e+03 1.24178e+00
1.03550e+03 1.25392e+00
1.03590e+03 1.26545e+00
1.03632e+03 1.27802e+00
1.03672e+03 1.29101e+00
1.03713e+03 1.30345e+00
1.03754e+03 1.31693e+00
1.03795e+03 1.33061e+00
1.03836e+03 1.34528e+00
1.03877e+03 1.36026e+00
1.03918e+03 1.37646e+00
1.03959e+03 1.39333e+00
1.04000e+03 1.41006e+00
1.04041e+03 1.42724e+00
1.04082e+03 1.44458e+00
1.04123e+03 1.46235e+00
1.04164e+03 1.48038e+00
1.04205e+03 1.49875e+00
1.04245e+03 1.51745e+00
1.04286e+03 1.53654e+00
1.04327e+03 1.55584e+00
1.04368e+03 1.57513e+00
1.04409e+03 1.59430e+00
1.04450e+03 1.61360e+00
1.04491e+03 1.63309e+00
1.04532e+03 1.65292e+00
1.04573e+03 1.67260e+00
1.04613e+03 1.69166e+00
1.04654e+03 1.71095e+00
1.04695e+03 1.73129e+00
1.04736e+03 1.75088e+00
1.04777e+03 1.77108e+00
1.04818e+03 1.79118e+00
1.04859e+03 1.81210e+00
1.04899e+03 1.83334e+00
1.04940e+03 1.85579e+00
1.04981e+03 1.87973e+00
1.05022e+03 1.90327e+00
1.05063e+03 1.92838e+00
1.05104e+03 1.95557e+00
1.05145e+03 1.98336e+00
1.05185e+03 2.01401e+00
1.05226e+03 2.04548e+00
1.05267e+03 2.07836e+00
1.05308e+03 2.11256e+00
1.05349e+03 2.14854e+00
1.05389e+03 2.18782e+00
1.05430e+03 2.22752e+00
1.05471e+03 2.26987e+00
1.05512e+03 2.31517e+00
1.05553e+03 2.36321e+00
1.05594e+03 2.41461e+00
1.05634e+03 2.46773e+00
1.05675e+03 2.52190e+00
1.05716e+03 2.57725e+00
1.05757e+03 2.63531e+00
1.05798e+03 2.69428e+00
1.05838e+03 2.75788e+00
1.05879e+03 2.82309e+00
1.05920e+03 2.88997e+00
1.05961e+03 2.96372e+00
1.06002e+03 3.03827e+00
1.06042e+03 3.11858e+00
1.06083e+03 3.20034e+00
1.06124e+03 3.28672e+00
1.06164e+03 3.37410e+00
1.06205e+03 3.46290e+00
1.06246e+03 3.55848e+00
1.06287e+03 3.65105e+00
1.06328e+03 3.75169e+00
1.06368e+03 3.85597e+00
1.06409e+03 3.96615e+00
1.06450e+03 4.08818e+00
1.06490e+03 4.20734e+00
1.06531e+03 4.33287e+00
1.06572e+03 4.47313e+00
1.06613e+03 4.60539e+00
1.06653e+03 4.75071e+00
1.06694e+03 4.90014e+00
1.06735e+03 5.05442e+00
1.06776e+03 5.21017e+00
1.06816e+03 5.37401e+00
1.06857e+03 5.54381e+00
1.06898e+03 5.71845e+00
1.06938e+03 5.90687e+00
1.06979e+03 6.09752e+00
1.07020e+03 6.30082e+00
1.07060e+03 6.51649e+00
1.07101e+03 6.73646e+00
1.07142e+03 6.96556e+00
1.07182e+03 7.20318e+00
1.07223e+03 7.42362e+00
1.07264e+03 7.68698e+00
1.07305e+03 7.95727e+00
1.07345e+03 8.23695e+00
1.07386e+03 8.55219e+00
1.07426e+03 8.86041e+00
1.07467e+03 9.19332e+00
1.07508e+03 9.53960e+00
1.07548e+03 9.89931e+00
1.07589e+03 1.02722e+01
1.07630e+03 1.06956e+01
1.07670e+03 1.11200e+01
1.07711e+03 1.15520e+01
1.07752e+03 1.20673e+01
1.07792e+03 1.25030e+01
1.07833e+03 1.30509e+01
1.07873e+03 1.36015e+01
1.07914e+03 1.41710e+01
1.07955e+03 1.48397e+01
1.07995e+03 1.54782e+01
1.08036e+03 1.62243e+01
1.08077e+03 1.69113e+01
1.08117e+03 1.76585e+01
1.08158e+03 1.85751e+01
1.08198e+03 1.93864e+01
1.08239e+03 2.02731e+01
1.08280e+03 2.11150e+01
1.08320e+03 2.20653e+01
1.08361e+03 2.30163e+01
1.08401e+03 2.39886e+01
1.08442e+03 2.50721e+01
1.08483e+03 2.60782e+01
1.08523e+03 2.72151e+01
1.08564e+03 2.86519e+01
1.08604e+03 2.99680e+01
1.08645e+03 3.14075e+01
1.08685e+03 3.22740e+01
1.08726e+03 3.34806e+01
1.08766e+03 3.46828e+01
1.08807e+03 3.58735e+01
1.08847e+03 3.70455e+01
1.08888e+03 3.81918e+01
1.08929e+03 3.93060e+01
1.08969e+03 4.03820e+01
1.09010e+03 4.14152e+01
1.09050e+03 4.24016e+01
1.09091e+03 4.33391e+01
1.09131e+03 4.42269e+01
1.09172e+03 4.50660e+01
1.09212e+03 4.58595e+01
1.09253e+03 4.66120e+01
1.09293e+03 4.73302e+01
1.09334e+03 4.80228e+01
1.09374e+03 4.87006e+01
1.09415e+03 4.93759e+01
1.09455e+03 5.00636e+01
1.09496e+03 5.07805e+01
1.09536e+03 5.15461e+01
1.09577e+03 5.23827e+01
1.09617e+03 5.33165e+01
1.09658e+03 5.43779e+01
1.09698e+03 5.56036e+01
1.09739e+03 5.70383e+01
1.09779e+03 5.87380e+01
