2.82856e+02 -1.76405e-02
2.83651e+02 -1.84856e-02
2.84446e+02 -1.92369e-02
2.85241e+02 -1.98875e-02
2.86036e+02 -2.04287e-02
2.86831e+02 -2.08419e-02
2.87626e+02 -2.11282e-02
2.88421e+02 -2.12796e-02
2.89216e+02 -2.12829e-02
2.90010e+02 -2.11220e-02
2.90805e+02 -2.07965e-02
2.91599e+02 -2.02970e-02
2.92394e+02 -1.96001e-02
2.93188e+02 -1.86954e-02
2.93982e+02 -1.75767e-02
2.94777e+02 -1.62266e-02
2.95571e+02 -1.46137e-02
2.96365e+02 -1.27294e-02
2.97159e+02 -1.05578e-02
2.97953e+02 -8.07534e-03
2.98746e+02 -5.23476e-03
2.99540e+02 -2.02580e-03
3.00334e+02 1.57806e-03
3.01127e+02 5.60985e-03
3.01921e+02 1.01207e-02
3.02714e+02 1.51076e-02
3.03507e+02 2.06077e-02
3.04301e+02 2.66815e-02
3.05094e+02 3.34025e-02
3.05887e+02 4.08518e-02
3.06680e+02 4.88024e-02
3.07473e+02 5.77003e-02
3.08266e+02 6.73987e-02
3.09059e+02 7.79162e-02
3.09851e+02 8.98511e-02
3.10644e+02 1.02219e-01
3.11437e+02 1.15502e-01
3.12229e+02 1.29161e-01
3.13021e+02 1.42700e-01
3.13814e+02 1.56457e-01
3.14606e+02 1.73060e-01
3.15398e+02 1.91125e-01
3.16190e+02 2.09415e-01
3.16982e+02 2.26308e-01
3.17774e+02 2.46805e-01
3.18566e+02 2.67044e-01
3.19358e+02 2.89511e-01
3.20150e+02 3.09598e-01
3.20941e+02 3.35052e-01
3.21733e+02 3.61782e-01
3.22524e+02 3.87546e-01
3.23316e+02 4.06722e-01
3.24107e+02 4.29876e-01
3.24898e+02 4.57509e-01
3.25690e+02 4.83316e-01
3.26481e+02 5.16009e-01
3.27272e+02 5.38314e-01
3.28063e+02 5.65155e-01
3.28854e+02 5.96590e-01
3.29644e+02 6.15515e-01
3.30435e+02 6.44609e-01
3.31226e+02 6.75521e-01
3.32016e+02 7.09448e-01
3.32807e+02 7.45399e-01
3.33597e+02 7.74535e-01
3.34388e+02 7.99581e-01
3.35178e+02 8.37886e-01
3.35968e+02 8.68526e-01
3.36758e+02 9.06945e-01
3.37548e+02 9.43103e-01
3.38338e+02 9.71805e-01
3.39128e+02 1.00834e+00
3.39918e+02 1.04055e+00
3.40708e+02 1.07635e+00
3.41497e+02 1.09762e+00
3.42287e+02 1.11733e+00
3.43076e+02 1.14709e+00
3.43866e+02 1.16596e+00
3.44655e+02 1.18595e+00
3.45444e+02 1.20305e+00
3.46233e+02 1.21535e+00
3.47023e+02 1.24293e+00
3.47812e+02 1.26964e+00
3.48601e+02 1.29514e+00
3.49389e+02 1.32386e+00
3.50178e+02 1.34167e+00
3.50967e+02 1.35947e+00
3.51756e+02 1.37199e+00
3.52544e+02 1.39215e+00
3.53333e+02 1.40343e+00
3.54121e+02 1.40437e+00
3.54909e+02 1.39683e+00
3.55698e+02 1.40280e+00
3.56486e+02 1.41456e+00
3.57274e+02 1.42672e+00
3.58062e+02 1.42026e+00
3.58850e+02 1.42128e+00
3.59638e+02 1.42567e+00
3.60426e+02 1.41941e+00
3.61213e+02 1.40141e+00
3.62001e+02 1.39184e+00
3.62789e+02 1.36579e+00
3.63576e+02 1.36150e+00
3.64364e+02 1.34484e+00
3.65151e+02 1.31363e+00
3.65938e+02 1.29000e+00
3.66725e+02 1.26934e+00
3.67512e+02 1.25099e+00
3.68300e+02 1.22090e+00
3.69086e+02 1.19446e+00
3.69873e+02 1.16590e+00
3.70660e+02 1.14266e+00
3.71447e+02 1.11783e+00
3.72234e+02 1.08972e+00
3.73020e+02 1.06729e+00
3.73807e+02 1.04679e+00
3.74593e+02 1.02572e+00
3.75379e+02 1.00305e+00
3.76166e+02 9.82321e-01
3.76952e+02 9.63679e-01
3.77738e+02 9.48475e-01
3.78524e+02 9.32547e-01
3.79310e+02 9.18175e-01
3.80096e+02 9.02246e-01
3.80882e+02 8.87578e-01
3.81667e+02 8.73820e-01
3.82453e+02 8.60623e-01
3.83239e+02 8.45061e-01
3.84024e+02 8.33592e-01
3.84810e+02 8.21269e-01
3.85595e+02 8.09029e-01
3.86380e+02 7.95137e-01
3.87165e+02 7.81677e-01
3.87950e+02 7.70314e-01
3.88735e+02 7.58748e-01
3.89520e+02 7.46315e-01
3.90305e+02 7.33969e-01
3.91090e+02 7.22516e-01
3.91875e+02 7.11273e-01
3.92660e+02 6.98542e-01
3.93444e+02 6.86447e-01
3.94229e+02 6.74991e-01
3.95013e+02 6.64686e-01
3.95797e+02 6.54305e-01
3.96582e+02 6.43229e-01
3.97366e+02 6.32111e-01
3.98150e+02 6.22826e-01
3.98934e+02 6.13779e-01
3.99718e+02 6.04934e-01
4.00502e+02 5.96447e-01
4.01286e+02 5.87473e-01
4.02069e+02 5.79191e-01
4.02853e+02 5.70716e-01
4.03637e+02 5.62259e-01
4.04420e+02 5.54840e-01
4.05203e+02 5.47430e-01
4.05987e+02 5.40362e-01
4.06770e+02 5.33360e-01
4.07553e+02 5.26638e-01
4.08336e+02 5.20574e-01
4.09119e+02 5.14239e-01
4.09902e+02 5.08392e-01
4.10685e+02 5.02770e-01
4.11468e+02 4.97629e-01
4.12251e+02 4.92474e-01
4.13033e+02 4.87213e-01
4.13816e+02 4.81661e-01
4.14599e+02 4.76672e-01
4.15381e+02 4.71618e-01
4.16163e+02 4.66490e-01
4.16946e+02 4.62140e-01
4.17728e+02 4.57611e-01
4.18510e+02 4.53540e-01
4.19292e+02 4.48813e-01
4.20074e+02 4.44952e-01
4.20856e+02 4.41028e-01
4.21638e+02 4.36889e-01
4.22419e+02 4.33108e-01
4.23201e+02 4.29233e-01
4.23983e+02 4.25494e-01
4.24764e+02 4.21929e-01
4.25545e+02 4.18447e-01
4.26327e+02 4.15270e-01
4.27108e+02 4.11802e-01
4.27889e+02 4.07865e-01
4.28670e+02 4.04293e-01
4.29451e+02 4.01282e-01
4.30232e+02 3.97654e-01
4.31013e+02 3.94203e-01
4.31794e+02 3.90645e-01
4.32575e+02 3.87183e-01
4.33355e+02 3.84004e-01
4.34136e+02 3.80468e-01
4.34916e+02 3.77034e-01
4.35697e+02 3.73540e-01
4.36477e+02 3.70336e-01
4.37257e+02 3.67033e-01
4.38038e+02 3.63615e-01
4.38818e+02 3.60417e-01
4.39598e+02 3.57362e-01
4.40378e+02 3.54435e-01
4.41158e+02 3.51726e-01
4.41937e+02 3.49091e-01
4.42717e+02 3.46296e-01
4.43497e+02 3.43631e-01
4.44276e+02 3.41090e-01
4.45056e+02 3.38598e-01
4.45835e+02 3.36111e-01
4.46615e+02 3.33723e-01
4.47394e+02 3.31400e-01
4.48173e+02 3.29188e-01
4.48952e+02 3.27110e-01
4.49731e+02 3.24937e-01
4.50510e+02 3.22945e-01
4.51289e+02 3.21010e-01
4.52068e+02 3.19192e-01
4.52847e+02 3.17467e-01
4.53625e+02 3.15614e-01
4.54404e+02 3.13830e-01
4.55182e+02 3.12010e-01
4.55961e+02 3.10047e-01
4.56739e+02 3.08177e-01
4.57517e+02 3.06276e-01
4.58296e+02 3.04310e-01
4.59074e+02 3.02524e-01
4.59852e+02 3.00560e-01
4.60630e+02 2.98562e-01
4.61407e+02 2.96463e-01
4.62185e+02 2.94615e-01
4.62963e+02 2.92527e-01
4.63741e+02 2.90529e-01
4.64518e+02 2.88585e-01
4.65296e+02 2.86658e-01
4.66073e+02 2.84816e-01
4.66850e+02 2.82956e-01
4.67628e+02 2.81152e-01
4.68405e+02 2.79206e-01
4.69182e+02 2.77274e-01
4.69959e+02 2.75411e-01
4.70736e+02 2.73646e-01
4.71513e+02 2.71984e-01
4.72290e+02 2.70079e-01
4.73066e+02 2.68332e-01
4.73843e+02 2.66583e-01
4.74620e+02 2.64894e-01
4.75396e+02 2.63207e-01
4.76172e+02 2.61577e-01
4.76949e+02 2.59948e-01
4.77725e+02 2.58300e-01
4.78501e+02 2.56657e-01
4.79277e+02 2.54995e-01
4.80053e+02 2.53400e-01
4.80829e+02 2.51856e-01
4.81605e+02 2.50328e-01
4.82381e+02 2.48761e-01
4.83157e+02 2.47237e-01
4.83932e+02 2.45751e-01
4.84708e+02 2.44276e-01
4.85483e+02 2.42868e-01
4.86259e+02 2.41447e-01
4.87034e+02 2.40050e-01
4.87809e+02 2.38672e-01
4.88584e+02 2.37276e-01
4.89360e+02 2.35929e-01
4.90135e+02 2.34585e-01
4.90910e+02 2.33244e-01
4.91684e+02 2.31955e-01
4.92459e+02 2.30777e-01
4.93234e+02 2.29536e-01
4.94009e+02 2.28329e-01
4.94783e+02 2.27092e-01
4.95558e+02 2.25901e-01
4.96332e+02 2.24762e-01
4.97106e+02 2.23548e-01
4.97881e+02 2.22392e-01
4.98655e+02 2.21252e-01
4.99429e+02 2.20130e-01
5.00203e+02 2.18955e-01
5.00977e+02 2.17829e-01
5.01751e+02 2.16613e-01
5.02524e+02 2.15430e-01
5.03298e+02 2.14253e-01
5.04072e+02 2.13065e-01
5.04845e+02 2.11885e-01
5.05619e+02 2.10783e-01
5.06392e+02 2.09598e-01
5.07165e+02 2.08473e-01
5.07939e+02 2.07321e-01
5.08712e+02 2.06186e-01
5.09485e+02 2.05042e-01
5.10258e+02 2.03876e-01
5.11031e+02 2.02770e-01
5.11804e+02 2.01708e-01
5.12577e+02 2.00595e-01
5.13349e+02 1.99528e-01
5.14122e+02 1.98410e-01
5.14894e+02 1.97407e-01
5.15667e+02 1.96475e-01
5.16439e+02 1.95557e-01
5.17212e+02 1.94705e-01
5.17984e+02 1.93847e-01
5.18756e+02 1.93002e-01
5.19528e+02 1.92177e-01
5.20300e+02 1.91381e-01
5.21072e+02 1.90622e-01
5.21844e+02 1.89917e-01
5.22616e+02 1.89226e-01
5.23387e+02 1.88556e-01
5.24159e+02 1.87942e-01
5.24931e+02 1.87328e-01
5.25702e+02 1.86767e-01
5.26473e+02 1.86217e-01
5.27245e+02 1.85681e-01
5.28016e+02 1.85183e-01
5.28787e+02 1.84662e-01
5.29558e+02 1.84166e-01
5.30329e+02 1.83643e-01
5.31100e+02 1.83162e-01
5.31871e+02 1.82694e-01
5.32642e+02 1.82224e-01
5.33412e+02 1.81783e-01
5.34183e+02 1.81305e-01
5.34954e+02 1.80798e-01
5.35724e+02 1.80331e-01
5.36494e+02 1.79841e-01
5.37265e+02 1.79404e-01
5.38035e+02 1.78925e-01
5.38805e+02 1.78457e-01
5.39575e+02 1.77994e-01
5.40345e+02 1.77513e-01
5.41115e+02 1.77036e-01
5.41885e+02 1.76533e-01
5.42655e+02 1.76045e-01
5.43424e+02 1.75541e-01
5.44194e+02 1.75077e-01
5.44964e+02 1.74633e-01
5.45733e+02 1.74157e-01
5.46502e+02 1.73699e-01
5.47272e+02 1.73243e-01
5.48041e+02 1.72797e-01
5.48810e+02 1.72390e-01
5.49579e+02 1.71959e-01
5.50348e+02 1.71569e-01
5.51117e+02 1.71149e-01
5.51886e+02 1.70742e-01
5.52655e+02 1.70338e-01
5.53423e+02 1.69956e-01
5.54192e+02 1.69573e-01
5.54960e+02 1.69219e-01
5.55729e+02 1.68872e-01
5.56497e+02 1.68551e-01
5.57266e+02 1.68225e-01
5.58034e+02 1.67883e-01
5.58802e+02 1.67572e-01
5.59570e+02 1.67234e-01
5.60338e+02 1.66907e-01
5.61106e+02 1.66601e-01
5.61874e+02 1.66295e-01
5.62641e+02 1.65977e-01
5.63409e+02 1.65682e-01
5.64177e+02 1.65393e-01
5.64944e+02 1.65098e-01
5.65712e+02 1.64849e-01
5.66479e+02 1.64545e-01
5.67246e+02 1.64234e-01
5.68014e+02 1.63937e-01
5.68781e+02 1.63670e-01
5.69548e+02 1.63405e-01
5.70315e+02 1.63123e-01
5.71082e+02 1.62865e-01
5.71848e+02 1.62584e-01
5.72615e+02 1.62331e-01
5.73382e+02 1.62061e-01
5.74148e+02 1.61822e-01
5.74915e+02 1.61569e-01
5.75681e+02 1.61280e-01
5.76448e+02 1.61031e-01
5.77214e+02 1.60803e-01
5.77980e+02 1.60581e-01
5.78746e+02 1.60359e-01
5.79512e+02 1.60144e-01
5.80278e+02 1.59923e-01
5.81044e+02 1.59723e-01
5.81810e+02 1.59521e-01
5.82576e+02 1.59327e-01
5.83341e+02 1.59143e-01
5.84107e+02 1.58977e-01
5.84873e+02 1.58829e-01
5.85638e+02 1.58698e-01
5.86403e+02 1.58579e-01
5.87169e+02 1.58453e-01
5.87934e+02 1.58374e-01
5.88699e+02 1.58315e-01
5.89464e+02 1.58272e-01
5.90229e+02 1.58222e-01
5.90994e+02 1.58176e-01
5.91759e+02 1.58167e-01
5.92523e+02 1.58130e-01
5.93288e+02 1.58103e-01
5.94053e+02 1.58092e-01
5.94817e+02 1.58107e-01
5.95582e+02 1.58103e-01
5.96346e+02 1.58103e-01
5.97110e+02 1.58092e-01
5.97874e+02 1.58052e-01
5.98638e+02 1.58024e-01
5.99403e+02 1.57992e-01
6.00166e+02 1.57944e-01
6.00930e+02 1.57870e-01
6.01694e+02 1.57789e-01
6.02458e+02 1.57682e-01
6.03222e+02 1.57546e-01
6.03985e+02 1.57394e-01
6.04749e+02 1.57231e-01
6.05512e+02 1.57057e-01
6.06275e+02 1.56861e-01
6.07039e+02 1.56656e-01
6.07802e+02 1.56429e-01
6.08565e+02 1.56196e-01
6.09328e+02 1.56011e-01
6.10091e+02 1.55832e-01
6.10854e+02 1.55642e-01
6.11617e+02 1.55476e-01
6.12379e+02 1.55333e-01
6.13142e+02 1.55195e-01
6.13904e+02 1.55073e-01
6.14667e+02 1.54955e-01
6.15429e+02 1.54870e-01
6.16192e+02 1.54757e-01
6.16954e+02 1.54664e-01
6.17716e+02 1.54608e-01
6.18478e+02 1.54545e-01
6.19240e+02 1.54486e-01
6.20002e+02 1.54434e-01
6.20764e+02 1.54377e-01
6.21526e+02 1.54295e-01
6.22287e+02 1.54240e-01
6.23049e+02 1.54151e-01
6.23811e+02 1.54061e-01
6.24572e+02 1.53968e-01
6.25334e+02 1.53883e-01
6.26095e+02 1.53774e-01
6.26856e+02 1.53657e-01
6.27617e+02 1.53554e-01
6.28378e+02 1.53439e-01
6.29139e+02 1.53339e-01
6.29900e+02 1.53216e-01
6.30661e+02 1.53080e-01
6.31422e+02 1.52942e-01
6.32183e+02 1.52802e-01
6.32943e+02 1.52661e-01
6.33704e+02 1.52532e-01
6.34464e+02 1.52408e-01
6.35225e+02 1.52299e-01
6.35985e+02 1.52195e-01
6.36745e+02 1.52103e-01
6.37505e+02 1.52043e-01
6.38265e+02 1.52002e-01
6.39025e+02 1.51985e-01
6.39785e+02 1.51991e-01
6.40545e+02 1.51995e-01
6.41305e+02 1.52020e-01
6.42065e+02 1.52066e-01
6.42824e+02 1.52117e-01
6.43584e+02 1.52154e-01
6.44343e+02 1.52210e-01
6.45103e+02 1.52269e-01
6.45862e+02 1.52336e-01
6.46621e+02 1.52400e-01
6.47380e+02 1.52471e-01
6.48139e+02 1.52520e-01
6.48898e+02 1.52586e-01
6.49657e+02 1.52624e-01
6.50416e+02 1.52694e-01
6.51175e+02 1.52751e-01
6.51934e+02 1.52817e-01
6.52692e+02 1.52893e-01
6.53451e+02 1.52984e-01
6.54209e+02 1.53051e-01
6.54968e+02 1.53125e-01
6.55726e+02 1.53202e-01
6.56484e+02 1.53280e-01
6.57242e+02 1.53352e-01
6.58000e+02 1.53435e-01
6.58758e+02 1.53504e-01
6.59516e+02 1.53581e-01
6.60274e+02 1.53660e-01
6.61032e+02 1.53745e-01
6.61789e+02 1.53810e-01
6.62547e+02 1.53882e-01
6.63304e+02 1.53971e-01
6.64062e+02 1.54030e-01
6.64819e+02 1.54092e-01
6.65577e+02 1.54175e-01
6.66334e+02 1.54263e-01
6.67091e+02 1.54353e-01
6.67848e+02 1.54444e-01
6.68605e+02 1.54544e-01
6.69362e+02 1.54648e-01
6.70119e+02 1.54775e-01
6.70875e+02 1.54889e-01
6.71632e+02 1.54981e-01
6.72389e+02 1.55097e-01
6.73145e+02 1.55206e-01
6.73902e+02 1.55326e-01
6.74658e+02 1.55450e-01
6.75414e+02 1.55574e-01
6.76170e+02 1.55709e-01
6.76926e+02 1.55835e-01
6.77683e+02 1.55966e-01
6.78438e+02 1.56119e-01
6.79194e+02 1.56280e-01
6.79950e+02 1.56459e-01
6.80706e+02 1.56611e-01
6.81462e+02 1.56772e-01
6.82217e+02 1.56967e-01
6.82973e+02 1.57130e-01
6.83728e+02 1.57285e-01
6.84483e+02 1.57455e-01
6.85239e+02 1.57649e-01
6.85994e+02 1.57841e-01
6.86749e+02 1.58036e-01
6.87504e+02 1.58216e-01
6.88259e+02 1.58404e-01
6.89014e+02 1.58570e-01
6.89769e+02 1.58730e-01
6.90523e+02 1.58877e-01
6.91278e+02 1.59045e-01
6.92032e+02 1.59204e-01
6.92787e+02 1.59378e-01
6.93541e+02 1.59542e-01
6.94296e+02 1.59706e-01
6.95050e+02 1.59854e-01
6.95804e+02 1.60013e-01
6.96558e+02 1.60176e-01
6.97312e+02 1.60322e-01
6.98066e+02 1.60488e-01
6.98820e+02 1.60628e-01
6.99574e+02 1.60769e-01
7.00328e+02 1.60923e-01
7.01081e+02 1.61059e-01
7.01835e+02 1.61200e-01
7.02588e+02 1.61305e-01
7.03342e+02 1.61419e-01
7.04095e+02 1.61539e-01
7.04848e+02 1.61624e-01
7.05601e+02 1.61726e-01
7.06354e+02 1.61814e-01
7.07107e+02 1.61901e-01
7.07860e+02 1.62004e-01
7.08613e+02 1.62105e-01
7.09366e+02 1.62220e-01
7.10119e+02 1.62365e-01
7.10871e+02 1.62515e-01
7.11624e+02 1.62659e-01
7.12376e+02 1.62816e-01
7.13129e+02 1.62994e-01
7.13881e+02 1.63183e-01
7.14633e+02 1.63369e-01
7.15385e+02 1.63585e-01
7.16137e+02 1.63815e-01
7.16889e+02 1.64023e-01
7.17641e+02 1.64239e-01
7.18393e+02 1.64460e-01
7.19145e+02 1.64676e-01
7.19897e+02 1.64894e-01
7.20648e+02 1.65077e-01
7.21400e+02 1.65239e-01
7.22151e+02 1.65413e-01
7.22903e+02 1.65553e-01
7.23654e+02 1.65657e-01
7.24405e+02 1.65736e-01
7.25156e+02 1.65811e-01
7.25907e+02 1.65868e-01
7.26658e+02 1.65913e-01
7.27409e+02 1.65931e-01
7.28160e+02 1.65940e-01
7.28911e+02 1.65933e-01
7.29661e+02 1.65918e-01
7.30412e+02 1.65880e-01
7.31162e+02 1.65848e-01
7.31913e+02 1.65815e-01
7.32663e+02 1.65773e-01
7.33414e+02 1.65745e-01
7.34164e+02 1.65692e-01
7.34914e+02 1.65632e-01
7.35664e+02 1.65585e-01
7.36414e+02 1.65552e-01
7.37164e+02 1.65533e-01
7.37914e+02 1.65512e-01
7.38663e+02 1.65481e-01
7.39413e+02 1.65434e-01
7.40163e+02 1.65408e-01
7.40912e+02 1.65380e-01
7.41661e+02 1.65341e-01
7.42411e+02 1.65288e-01
7.43160e+02 1.65202e-01
7.43909e+02 1.65134e-01
7.44658e+02 1.65053e-01
7.45407e+02 1.64938e-01
7.46156e+02 1.64806e-01
7.46905e+02 1.64637e-01
7.47654e+02 1.64502e-01
7.48403e+02 1.64354e-01
7.49151e+02 1.64193e-01
7.49900e+02 1.64010e-01
7.50648e+02 1.63815e-01
7.51397e+02 1.63613e-01
7.52145e+02 1.63421e-01
7.52893e+02 1.63230e-01
7.53642e+02 1.63045e-01
7.54390e+02 1.62859e-01
7.55138e+02 1.62670e-01
7.55886e+02 1.62525e-01
7.56634e+02 1.62383e-01
7.57381e+02 1.62252e-01
7.58129e+02 1.62144e-01
7.58877e+02 1.62018e-01
7.59624e+02 1.61911e-01
7.60372e+02 1.61848e-01
7.61119e+02 1.61787e-01
7.61866e+02 1.61752e-01
7.62614e+02 1.61712e-01
7.63361e+02 1.61684e-01
7.64108e+02 1.61659e-01
7.64855e+02 1.61650e-01
7.65602e+02 1.61666e-01
7.66349e+02 1.61685e-01
7.67095e+02 1.61703e-01
7.67842e+02 1.61738e-01
7.68589e+02 1.61788e-01
7.69335e+02 1.61871e-01
7.70082e+02 1.61960e-01
7.70828e+02 1.62057e-01
7.71574e+02 1.62163e-01
7.72321e+02 1.62290e-01
7.73067e+02 1.62432e-01
7.73813e+02 1.62605e-01
7.74559e+02 1.62773e-01
7.75305e+02 1.62943e-01
7.76051e+02 1.63135e-01
7.76796e+02 1.63357e-01
7.77542e+02 1.63613e-01
7.78288e+02 1.63879e-01
7.79033e+02 1.64124e-01
7.79779e+02 1.64379e-01
7.80524e+02 1.64643e-01
7.81269e+02 1.64923e-01
7.82015e+02 1.65245e-01
7.82760e+02 1.65562e-01
7.83505e+02 1.65872e-01
7.84250e+02 1.66170e-01
7.84995e+02 1.66452e-01
7.85739e+02 1.66738e-01
7.86484e+02 1.67082e-01
7.87229e+02 1.67452e-01
7.87973e+02 1.67842e-01
7.88718e+02 1.68191e-01
7.89462e+02 1.68518e-01
7.90207e+02 1.68839e-01
7.90951e+02 1.69202e-01
7.91695e+02 1.69608e-01
7.92439e+02 1.69998e-01
7.93183e+02 1.70355e-01
7.93927e+02 1.70681e-01
7.94671e+02 1.71012e-01
7.95415e+02 1.71388e-01
7.96159e+02 1.71819e-01
7.96902e+02 1.72219e-01
7.97646e+02 1.72592e-01
7.98389e+02 1.72919e-01
7.99133e+02 1.73259e-01
7.99876e+02 1.73658e-01
8.00619e+02 1.74085e-01
8.01363e+02 1.74496e-01
8.02106e+02 1.74852e-01
8.02849e+02 1.75191e-01
8.03592e+02 1.75557e-01
8.04335e+02 1.75921e-01
8.05077e+02 1.76343e-01
8.05820e+02 1.76751e-01
8.06563e+02 1.77098e-01
8.07305e+02 1.77420e-01
8.08048e+02 1.77753e-01
8.08790e+02 1.78100e-01
8.09533e+02 1.78502e-01
8.10275e+02 1.78889e-01
8.11017e+02 1.79272e-01
8.11759e+02 1.79604e-01
8.12501e+02 1.79924e-01
8.13243e+02 1.80253e-01
8.13985e+02 1.80611e-01
8.14727e+02 1.80976e-01
8.15468e+02 1.81339e-01
8.16210e+02 1.81673e-01
8.16951e+02 1.81972e-01
8.17693e+02 1.82262e-01
8.18434e+02 1.82543e-01
8.19176e+02 1.82852e-01
8.19917e+02 1.83202e-01
8.20658e+02 1.83549e-01
8.21399e+02 1.83859e-01
8.22140e+02 1.84150e-01
8.22881e+02 1.84384e-01
8.23622e+02 1.84638e-01
8.24363e+02 1.84938e-01
8.25103e+02 1.85274e-01
8.25844e+02 1.85609e-01
8.26584e+02 1.85924e-01
8.27325e+02 1.86169e-01
8.28065e+02 1.86412e-01
8.28805e+02 1.86685e-01
8.29546e+02 1.86998e-01
8.30286e+02 1.87364e-01
8.31026e+02 1.87726e-01
8.31766e+02 1.87997e-01
8.32506e+02 1.88179e-01
8.33246e+02 1.88372e-01
8.33985e+02 1.88634e-01
8.34725e+02 1.88978e-01
8.35465e+02 1.89343e-01
8.36204e+02 1.89661e-01
8.36944e+02 1.89850e-01
8.37683e+02 1.90012e-01
8.38422e+02 1.90197e-01
8.39161e+02 1.90503e-01
8.39900e+02 1.90854e-01
8.40639e+02 1.91215e-01
8.41378e+02 1.91497e-01
8.42117e+02 1.91688e-01
8.42856e+02 1.91860e-01
8.43595e+02 1.92074e-01
8.44334e+02 1.92352e-01
8.45072e+02 1.92695e-01
8.45811e+02 1.93034e-01
8.46549e+02 1.93270e-01
8.47287e+02 1.93472e-01
8.48026e+02 1.93664e-01
8.48764e+02 1.93893e-01
8.49502e+02 1.94181e-01
8.50240e+02 1.94507e-01
8.50978e+02 1.94836e-01
8.51716e+02 1.95124e-01
8.52453e+02 1.95404e-01
8.53191e+02 1.95666e-01
8.53929e+02 1.95948e-01
8.54666e+02 1.96271e-01
8.55404e+02 1.96593e-01
8.56141e+02 1.96927e-01
8.56879e+02 1.97263e-01
8.57616e+02 1.97587e-01
8.58353e+02 1.97901e-01
8.59090e+02 1.98223e-01
8.59827e+02 1.98542e-01
8.60564e+02 1.98857e-01
8.61301e+02 1.99211e-01
8.62038e+02 1.99627e-01
8.62774e+02 2.00078e-01
8.63511e+02 2.00556e-01
8.64247e+02 2.01025e-01
8.64984e+02 2.01444e-01
8.65720e+02 2.01860e-01
8.66457e+02 2.02324e-01
8.67193e+02 2.02882e-01
8.67929e+02 2.03541e-01
8.68665e+02 2.04245e-01
8.69401e+02 2.04916e-01
8.70137e+02 2.05541e-01
8.70873e+02 2.06096e-01
8.71608e+02 2.06668e-01
8.72344e+02 2.07339e-01
8.73080e+02 2.08122e-01
8.73815e+02 2.08933e-01
8.74551e+02 2.09686e-01
8.75286e+02 2.10319e-01
8.76021e+02 2.10829e-01
8.76757e+02 2.11298e-01
8.77492e+02 2.11823e-01
8.78227e+02 2.12440e-01
8.78962e+02 2.13111e-01
8.79697e+02 2.13742e-01
8.80431e+02 2.14270e-01
8.81166e+02 2.14631e-01
8.81901e+02 2.14915e-01
8.82635e+02 2.15193e-01
8.83370e+02 2.15548e-01
8.84104e+02 2.15998e-01
8.84839e+02 2.16451e-01
8.85573e+02 2.16866e-01
8.86307e+02 2.17135e-01
8.87041e+02 2.17323e-01
8.87775e+02 2.17508e-01
8.88509e+02 2.17745e-01
8.89243e+02 2.18087e-01
8.89977e+02 2.18494e-01
8.90711e+02 2.18914e-01
8.91444e+02 2.19289e-01
8.92178e+02 2.19647e-01
8.92911e+02 2.19973e-01
8.93645e+02 2.20364e-01
8.94378e+02 2.20867e-01
8.95111e+02 2.21398e-01
8.95844e+02 2.21959e-01
8.96577e+02 2.22503e-01
8.97310e+02 2.23017e-01
8.98043e+02 2.23515e-01
8.98776e+02 2.24026e-01
8.99509e+02 2.24602e-01
9.00242e+02 2.25233e-01
9.00974e+02 2.25860e-01
9.01707e+02 2.26446e-01
9.02439e+02 2.26981e-01
9.03172e+02 2.27505e-01
9.03904e+02 2.28034e-01
9.04636e+02 2.28576e-01
9.05368e+02 2.29186e-01
9.06100e+02 2.29770e-01
9.06832e+02 2.30350e-01
9.07564e+02 2.30894e-01
9.08296e+02 2.31411e-01
9.09028e+02 2.31926e-01
9.09760e+02 2.32490e-01
9.10491e+02 2.33112e-01
9.11223e+02 2.33804e-01
9.11954e+02 2.34538e-01
9.12686e+02 2.35264e-01
9.13417e+02 2.35973e-01
9.14148e+02 2.36684e-01
9.14879e+02 2.37375e-01
9.15610e+02 2.38155e-01
9.16341e+02 2.39071e-01
9.17072e+02 2.40067e-01
9.17803e+02 2.41133e-01
9.18534e+02 2.42220e-01
9.19264e+02 2.43321e-01
9.19995e+02 2.44369e-01
9.20725e+02 2.45415e-01
9.21456e+02 2.46514e-01
9.22186e+02 2.47689e-01
9.22916e+02 2.48977e-01
9.23647e+02 2.50358e-01
9.24377e+02 2.51795e-01
9.25107e+02 2.53340e-01
9.25837e+02 2.54962e-01
9.26567e+02 2.56774e-01
9.27296e+02 2.58892e-01
9.28026e+02 2.61346e-01
9.28756e+02 2.64234e-01
9.29485e+02 2.67539e-01
9.30215e+02 2.71267e-01
9.30944e+02 2.75403e-01
9.31673e+02 2.79955e-01
9.32403e+02 2.84943e-01
9.33132e+02 2.90419e-01
9.33861e+02 2.96428e-01
9.34590e+02 3.02862e-01
9.35319e+02 3.09808e-01
9.36048e+02 3.17232e-01
9.36777e+02 3.24995e-01
9.37505e+02 3.32959e-01
9.38234e+02 3.41098e-01
9.38962e+02 3.49339e-01
9.39691e+02 3.57624e-01
9.40419e+02 3.65743e-01
9.41148e+02 3.73692e-01
9.41876e+02 3.81295e-01
9.42604e+02 3.88382e-01
9.43332e+02 3.94675e-01
9.44060e+02 4.00021e-01
9.44788e+02 4.04343e-01
9.45516e+02 4.07460e-01
9.46243e+02 4.09446e-01
9.46971e+02 4.10262e-01
9.47699e+02 4.09897e-01
9.48426e+02 4.08425e-01
9.49154e+02 4.05886e-01
9.49881e+02 4.02375e-01
9.50608e+02 3.97945e-01
9.51336e+02 3.92927e-01
9.52063e+02 3.87499e-01
9.52790e+02 3.81955e-01
9.53517e+02 3.76430e-01
9.54244e+02 3.70992e-01
9.54970e+02 3.65871e-01
9.55697e+02 3.61124e-01
9.56424e+02 3.56709e-01
9.57150e+02 3.52785e-01
9.57877e+02 3.49320e-01
9.58603e+02 3.46302e-01
9.59330e+02 3.43708e-01
9.60056e+02 3.41535e-01
9.60782e+02 3.39732e-01
9.61508e+02 3.38277e-01
9.62234e+02 3.37079e-01
9.62960e+02 3.36086e-01
9.63686e+02 3.35319e-01
9.64412e+02 3.34734e-01
9.65137e+02 3.34287e-01
9.65863e+02 3.34039e-01
9.66589e+02 3.33927e-01
9.67314e+02 3.34042e-01
9.68040e+02 3.34341e-01
9.68765e+02 3.34737e-01
9.69490e+02 3.35232e-01
9.70215e+02 3.35827e-01
9.70940e+02 3.36512e-01
9.71665e+02 3.37308e-01
9.72390e+02 3.38182e-01
9.73115e+02 3.39165e-01
9.73840e+02 3.40297e-01
9.74565e+02 3.41649e-01
9.75289e+02 3.43153e-01
9.76014e+02 3.44801e-01
9.76738e+02 3.46591e-01
9.77463e+02 3.48467e-01
9.78187e+02 3.50442e-01
9.78911e+02 3.52580e-01
9.79635e+02 3.54794e-01
9.80359e+02 3.57160e-01
9.81083e+02 3.59704e-01
9.81807e+02 3.62409e-01
9.82531e+02 3.65224e-01
9.83255e+02 3.68162e-01
9.83978e+02 3.71148e-01
9.84702e+02 3.74170e-01
9.85425e+02 3.77226e-01
9.86149e+02 3.80254e-01
9.86872e+02 3.83234e-01
9.87596e+02 3.86198e-01
9.88319e+02 3.89139e-01
9.89042e+02 3.92046e-01
9.89765e+02 3.94869e-01
9.90488e+02 3.97672e-01
9.91211e+02 4.00406e-01
9.91934e+02 4.03036e-01
9.92656e+02 4.05504e-01
9.93379e+02 4.07779e-01
9.94101e+02 4.09921e-01
9.94824e+02 4.11944e-01
9.95546e+02 4.13867e-01
9.96269e+02 4.15796e-01
9.96991e+02 4.17662e-01
9.97713e+02 4.19520e-01
9.98435e+02 4.21458e-01
9.99157e+02 4.23409e-01
9.99879e+02 4.25355e-01
1.00060e+03 4.27344e-01
1.00132e+03 4.29358e-01
1.00204e+03 4.31414e-01
1.00277e+03 4.33641e-01
1.00349e+03 4.36109e-01
1.00421e+03 4.38776e-01
1.00493e+03 4.41758e-01
1.00565e+03 4.45002e-01
1.00637e+03 4.48567e-01
1.00709e+03 4.52244e-01
1.00782e+03 4.56089e-01
1.00854e+03 4.60067e-01
1.00926e+03 4.64208e-01
1.00998e+03 4.68528e-01
1.01070e+03 4.73029e-01
1.01142e+03 4.77778e-01
1.01214e+03 4.82881e-01
1.01286e+03 4.88314e-01
1.01358e+03 4.94047e-01
1.01430e+03 4.99914e-01
1.01502e+03 5.05927e-01
1.01574e+03 5.12030e-01
1.01646e+03 5.18138e-01
1.01718e+03 5.24429e-01
1.01790e+03 5.30912e-01
1.01862e+03 5.37642e-01
1.01934e+03 5.44648e-01
1.02006e+03 5.52072e-01
1.02078e+03 5.59690e-01
1.02150e+03 5.67526e-01
1.02222e+03 5.75543e-01
1.02294e+03 5.83558e-01
1.02366e+03 5.91740e-01
1.02438e+03 6.00099e-01
1.02510e+03 6.08601e-01
1.02582e+03 6.17542e-01
1.02654e+03 6.26848e-01
1.02725e+03 6.36586e-01
1.02797e+03 6.46643e-01
1.02869e+03 6.56965e-01
1.02941e+03 6.67407e-01
1.03013e+03 6.78080e-01
1.03085e+03 6.88866e-01
1.03157e+03 7.00020e-01
1.03229e+03 7.11456e-01
1.03300e+03 7.23252e-01
1.03372e+03 7.35445e-01
1.03444e+03 7.48134e-01
1.03516e+03 7.61316e-01
1.03588e+03 7.74966e-01
1.03659e+03 7.89104e-01
1.03731e+03 8.03706e-01
1.03803e+03 8.18653e-01
1.03875e+03 8.33890e-01
1.03946e+03 8.49482e-01
1.04018e+03 8.65617e-01
1.04090e+03 8.82306e-01
1.04162e+03 9.00338e-01
1.04233e+03 9.19409e-01
1.04305e+03 9.39259e-01
1.04377e+03 9.59863e-01
1.04448e+03 9.81323e-01
1.04520e+03 1.00337e+00
1.04592e+03 1.02632e+00
1.04664e+03 1.05021e+00
1.04735e+03 1.07509e+00
1.04807e+03 1.10101e+00
1.04879e+03 1.12800e+00
1.04950e+03 1.15611e+00
1.05022e+03 1.18538e+00
1.05093e+03 1.21586e+00
1.05165e+03 1.24760e+00
1.05237e+03 1.28062e+00
1.05308e+03 1.31498e+00
1.05380e+03 1.35071e+00
1.05452e+03 1.38783e+00
1.05523e+03 1.42638e+00
1.05595e+03 1.46635e+00
1.05666e+03 1.50777e+00
1.05738e+03 1.55061e+00
1.05809e+03 1.59486e+00
1.05881e+03 1.64048e+00
1.05953e+03 1.68739e+00
1.06024e+03 1.73551e+00
1.06096e+03 1.78472e+00
1.06167e+03 1.83488e+00
1.06239e+03 1.88579e+00
1.06310e+03 1.93724e+00
1.06382e+03 1.98896e+00
