2.11055e+02 0.00000e+00
2.11513e+02 0.00000e+00
2.11972e+02 0.00000e+00
2.12430e+02 0.00000e+00
2.12889e+02 0.00000e+00
2.13347e+02 0.00000e+00
2.13805e+02 0.00000e+00
2.14264e+02 0.00000e+00
2.14722e+02 0.00000e+00
2.15181e+02 0.00000e+00
2.15639e+02 0.00000e+00
2.16097e+02 0.00000e+00
2.16556e+02 0.00000e+00
2.17014e+02 0.00000e+00
2.17472e+02 0.00000e+00
2.17930e+02 0.00000e+00
2.18389e+02 0.00000e+00
2.18847e+02 0.00000e+00
2.19305e+02 0.00000e+00
2.19763e+02 0.00000e+00
2.20222e+02 0.00000e+00
2.20680e+02 0.00000e+00
2.21138e+02 0.00000e+00
2.21596e+02 0.00000e+00
2.22054e+02 0.00000e+00
2.22513e+02 0.00000e+00
2.22971e+02 0.00000e+00
2.23429e+02 0.00000e+00
2.23887e+02 0.00000e+00
2.24345e+02 0.00000e+00
2.24803e+02 0.00000e+00
2.25261e+02 0.00000e+00
2.25719e+02 0.00000e+00
2.26177e+02 0.00000e+00
2.26635e+02 0.00000e+00
2.27093e+02 0.00000e+00
2.27551e+02 0.00000e+00
2.28009e+02 0.00000e+00
2.28467e+02 0.00000e+00
2.28925e+02 0.00000e+00
2.29383e+02 0.00000e+00
2.29841e+02 0.00000e+00
2.30299e+02 0.00000e+00
2.30756e+02 0.00000e+00
2.31214e+02 0.00000e+00
2.31672e+02 0.00000e+00
2.32130e+02 0.00000e+00
2.32588e+02 0.00000e+00
2.33045e+02 0.00000e+00
2.33503e+02 0.00000e+00
2.33961e+02 0.00000e+00
2.34419e+02 0.00000e+00
2.34876e+02 0.00000e+00
2.35334e+02 0.00000e+00
2.35792e+02 0.00000e+00
2.36250e+02 0.00000e+00
2.36707e+02 0.00000e+00
2.37165e+02 0.00000e+00
2.37622e+02 0.00000e+00
2.38080e+02 0.00000e+00
2.38538e+02 0.00000e+00
2.38995e+02 0.00000e+00
2.39453e+02 0.00000e+00
2.39910e+02 0.00000e+00
2.40368e+02 0.00000e+00
2.40825e+02 0.00000e+00
2.41283e+02 0.00000e+00
2.41740e+02 0.00000e+00
2.42198e+02 0.00000e+00
2.42655e+02 0.00000e+00
2.43113e+02 0.00000e+00
2.43570e+02 0.00000e+00
2.44028e+02 0.00000e+00
2.44485e+02 0.00000e+00
2.44942e+02 0.00000e+00
2.45400e+02 0.00000e+00
2.45857e+02 0.00000e+00
2.46315e+02 0.00000e+00
2.46772e+02 0.00000e+00
2.47229e+02 0.00000e+00
2.47686e+02 0.00000e+00
2.48144e+02 0.00000e+00
2.48601e+02 0.00000e+00
2.49058e+02 0.00000e+00
2.49515e+02 0.00000e+00
2.49973e+02 0.00000e+00
2.50430e+02 0.00000e+00
2.50887e+02 0.00000e+00
2.51344e+02 0.00000e+00
2.51801e+02 0.00000e+00
2.52258e+02 0.00000e+00
2.52715e+02 0.00000e+00
2.53173e+02 0.00000e+00
2.53630e+02 0.00000e+00
2.54087e+02 0.00000e+00
2.54544e+02 0.00000e+00
2.55001e+02 0.00000e+00
2.55458e+02 0.00000e+00
2.55915e+02 0.00000e+00
2.56372e+02 0.00000e+00
2.56829e+02 0.00000e+00
2.57286e+02 0.00000e+00
2.57743e+02 0.00000e+00
2.58200e+02 0.00000e+00
2.58656e+02 0.00000e+00
2.59113e+02 0.00000e+00
2.59570e+02 0.00000e+00
2.60027e+02 0.00000e+00
2.60484e+02 0.00000e+00
2.60941e+02 0.00000e+00
2.61398e+02 0.00000e+00
2.61854e+02 0.00000e+00
2.62311e+02 0.00000e+00
2.62768e+02 0.00000e+00
2.63225e+02 0.00000e+00
2.63681e+02 0.00000e+00
2.64138e+02 0.00000e+00
2.64595e+02 0.00000e+00
2.65051e+02 0.00000e+00
2.65508e+02 0.00000e+00
2.65965e+02 0.00000e+00
2.66421e+02 0.00000e+00
2.66878e+02 0.00000e+00
2.67334e+02 0.00000e+00
2.67791e+02 0.00000e+00
2.68248e+02 0.00000e+00
2.68704e+02 0.00000e+00
2.69161e+02 0.00000e+00
2.69617e+02 0.00000e+00
2.70074e+02 0.00000e+00
2.70530e+02 0.00000e+00
2.70987e+02 0.00000e+00
2.71443e+02 0.00000e+00
2.71899e+02 0.00000e+00
2.72356e+02 0.00000e+00
2.72812e+02 0.00000e+00
2.73269e+02 0.00000e+00
2.73725e+02 0.00000e+00
2.74181e+02 0.00000e+00
2.74638e+02 0.00000e+00
2.75094e+02 0.00000e+00
2.75550e+02 0.00000e+00
2.76007e+02 0.00000e+00
2.76463e+02 0.00000e+00
2.76919e+02 0.00000e+00
2.77375e+02 0.00000e+00
2.77831e+02 0.00000e+00
2.78288e+02 0.00000e+00
2.78744e+02 0.00000e+00
2.79200e+02 0.00000e+00
2.79656e+02 0.00000e+00
2.80112e+02 0.00000e+00
2.80568e+02 0.00000e+00
2.81024e+02 0.00000e+00
2.81481e+02 0.00000e+00
2.81937e+02 0.00000e+00
2.82393e+02 0.00000e+00
2.82849e+02 0.00000e+00
2.83305e+02 0.00000e+00
2.83761e+02 0.00000e+00
2.84217e+02 0.00000e+00
2.84673e+02 0.00000e+00
2.85129e+02 0.00000e+00
2.85584e+02 0.00000e+00
2.86040e+02 0.00000e+00
2.86496e+02 0.00000e+00
2.86952e+02 0.00000e+00
2.87408e+02 0.00000e+00
2.87864e+02 0.00000e+00
2.88320e+02 0.00000e+00
2.88775e+02 0.00000e+00
2.89231e+02 0.00000e+00
2.89687e+02 0.00000e+00
2.90143e+02 0.00000e+00
2.90598e+02 0.00000e+00
2.91054e+02 0.00000e+00
2.91510e+02 0.00000e+00
2.91966e+02 0.00000e+00
2.92421e+02 0.00000e+00
2.92877e+02 0.00000e+00
2.93332e+02 0.00000e+00
2.93788e+02 0.00000e+00
2.94244e+02 0.00000e+00
2.94699e+02 0.00000e+00
2.95155e+02 0.00000e+00
2.95610e+02 0.00000e+00
2.96066e+02 0.00000e+00
2.96521e+02 0.00000e+00
2.96977e+02 0.00000e+00
2.97432e+02 0.00000e+00
2.97888e+02 0.00000e+00
2.98343e+02 0.00000e+00
2.98799e+02 0.00000e+00
2.99254e+02 0.00000e+00
2.99709e+02 0.00000e+00
3.00165e+02 0.00000e+00
3.00620e+02 0.00000e+00
3.01075e+02 0.00000e+00
3.01531e+02 0.00000e+00
3.01986e+02 0.00000e+00
3.02441e+02 0.00000e+00
3.02897e+02 0.00000e+00
3.03352e+02 0.00000e+00
3.03807e+02 0.00000e+00
3.04262e+02 0.00000e+00
3.04718e+02 0.00000e+00
3.05173e+02 0.00000e+00
3.05628e+02 0.00000e+00
3.06083e+02 0.00000e+00
3.06538e+02 0.00000e+00
3.06993e+02 0.00000e+00
3.07448e+02 0.00000e+00
3.07903e+02 0.00000e+00
3.08358e+02 0.00000e+00
3.08813e+02 0.00000e+00
3.09268e+02 0.00000e+00
3.09723e+02 0.00000e+00
3.10178e+02 0.00000e+00
3.10633e+02 0.00000e+00
3.11088e+02 0.00000e+00
3.11543e+02 0.00000e+00
3.11998e+02 0.00000e+00
3.12453e+02 0.00000e+00
3.12908e+02 0.00000e+00
3.13363e+02 0.00000e+00
3.13818e+02 0.00000e+00
3.14272e+02 0.00000e+00
3.14727e+02 0.00000e+00
3.15182e+02 0.00000e+00
3.15637e+02 0.00000e+00
3.16092e+02 0.00000e+00
3.16546e+02 0.00000e+00
3.17001e+02 0.00000e+00
3.17456e+02 0.00000e+00
3.17910e+02 0.00000e+00
3.18365e+02 0.00000e+00
3.18820e+02 0.00000e+00
3.19274e+02 0.00000e+00
3.19729e+02 0.00000e+00
3.20183e+02 0.00000e+00
3.20638e+02 0.00000e+00
3.21093e+02 0.00000e+00
3.21547e+02 0.00000e+00
3.22002e+02 0.00000e+00
3.22456e+02 0.00000e+00
3.22911e+02 0.00000e+00
3.23365e+02 0.00000e+00
3.23819e+02 0.00000e+00
3.24274e+02 0.00000e+00
3.24728e+02 0.00000e+00
3.25183e+02 0.00000e+00
3.25637e+02 0.00000e+00
3.26091e+02 0.00000e+00
3.26546e+02 0.00000e+00
3.27000e+02 0.00000e+00
3.27454e+02 0.00000e+00
3.27909e+02 0.00000e+00
3.28363e+02 0.00000e+00
3.28817e+02 0.00000e+00
3.29271e+02 0.00000e+00
3.29725e+02 0.00000e+00
3.30180e+02 0.00000e+00
3.30634e+02 0.00000e+00
3.31088e+02 0.00000e+00
3.31542e+02 0.00000e+00
3.31996e+02 0.00000e+00
3.32450e+02 0.00000e+00
3.32904e+02 0.00000e+00
3.33358e+02 0.00000e+00
3.33812e+02 0.00000e+00
3.34266e+02 0.00000e+00
3.34720e+02 0.00000e+00
3.35174e+02 0.00000e+00
3.35628e+02 0.00000e+00
3.36082e+02 0.00000e+00
3.36536e+02 0.00000e+00
3.36990e+02 0.00000e+00
3.37444e+02 0.00000e+00
3.37898e+02 0.00000e+00
3.38352e+02 0.00000e+00
3.38806e+02 0.00000e+00
3.39259e+02 0.00000e+00
3.39713e+02 0.00000e+00
3.40167e+02 0.00000e+00
3.40621e+02 0.00000e+00
3.41074e+02 0.00000e+00
3.41528e+02 0.00000e+00
3.41982e+02 0.00000e+00
3.42435e+02 0.00000e+00
3.42889e+02 0.00000e+00
3.43343e+02 0.00000e+00
3.43796e+02 0.00000e+00
3.44250e+02 0.00000e+00
3.44704e+02 0.00000e+00
3.45157e+02 0.00000e+00
3.45611e+02 0.00000e+00
3.46064e+02 0.00000e+00
3.46518e+02 0.00000e+00
3.46971e+02 0.00000e+00
3.47425e+02 0.00000e+00
3.47878e+02 0.00000e+00
3.48332e+02 0.00000e+00
3.48785e+02 0.00000e+00
3.49238e+02 0.00000e+00
3.49692e+02 0.00000e+00
3.50145e+02 3.76517e-01
3.50598e+02 3.72026e-01
3.51052e+02 3.67063e-01
3.51505e+02 3.62680e-01
3.51958e+02 3.59208e-01
3.52412e+02 3.55060e-01
3.52865e+02 3.51362e-01
3.53318e+02 3.49428e-01
3.53771e+02 3.45667e-01
3.54224e+02 3.42778e-01
3.54678e+02 3.40266e-01
3.55131e+02 3.36304e-01
3.55584e+02 3.33267e-01
3.56037e+02 3.30346e-01
3.56490e+02 3.27788e-01
3.56943e+02 3.25224e-01
3.57396e+02 3.22395e-01
3.57849e+02 3.19527e-01
3.58302e+02 3.17152e-01
3.58755e+02 3.14489e-01
3.59208e+02 3.11586e-01
3.59661e+02 3.08620e-01
3.60114e+02 3.06194e-01
3.60567e+02 3.03846e-01
3.61020e+02 3.01575e-01
3.61473e+02 2.99190e-01
3.61926e+02 2.96711e-01
3.62378e+02 2.94115e-01
3.62831e+02 2.91643e-01
3.63284e+02 2.89438e-01
3.63737e+02 2.86826e-01
3.64190e+02 2.84483e-01
3.64642e+02 2.81791e-01
3.65095e+02 2.79594e-01
3.65548e+02 2.77790e-01
3.66000e+02 2.75633e-01
3.66453e+02 2.73540e-01
3.66906e+02 2.71348e-01
3.67358e+02 2.69359e-01
3.67811e+02 2.67189e-01
3.68263e+02 2.65088e-01
3.68716e+02 2.63327e-01
3.69169e+02 2.60918e-01
3.69621e+02 2.58782e-01
3.70074e+02 2.56197e-01
3.70526e+02 2.54042e-01
3.70979e+02 2.51647e-01
3.71431e+02 2.49395e-01
3.71883e+02 2.47063e-01
3.72336e+02 2.44453e-01
3.72788e+02 2.42067e-01
3.73241e+02 2.39671e-01
3.73693e+02 2.37330e-01
3.74145e+02 2.35080e-01
3.74598e+02 2.32767e-01
3.75050e+02 2.30609e-01
3.75502e+02 2.28467e-01
3.75954e+02 2.26602e-01
3.76407e+02 2.24671e-01
3.76859e+02 2.22587e-01
3.77311e+02 2.20621e-01
3.77763e+02 2.18716e-01
3.78215e+02 2.16847e-01
3.78667e+02 2.15045e-01
3.79119e+02 2.13175e-01
3.79572e+02 2.11361e-01
3.80024e+02 2.09700e-01
3.80476e+02 2.07938e-01
3.80928e+02 2.06277e-01
3.81380e+02 2.04563e-01
3.81832e+02 2.02905e-01
3.82284e+02 2.01207e-01
3.82736e+02 1.99581e-01
3.83187e+02 1.97903e-01
3.83639e+02 1.96296e-01
3.84091e+02 1.94744e-01
3.84543e+02 1.93227e-01
3.84995e+02 1.91646e-01
3.85447e+02 1.90127e-01
3.85899e+02 1.88690e-01
3.86350e+02 1.87110e-01
3.86802e+02 1.85480e-01
3.87254e+02 1.84053e-01
3.87706e+02 1.82533e-01
3.88157e+02 1.81058e-01
3.88609e+02 1.79499e-01
3.89061e+02 1.78048e-01
3.89512e+02 1.76717e-01
3.89964e+02 1.75400e-01
3.90416e+02 1.74045e-01
3.90867e+02 1.72710e-01
3.91319e+02 1.71420e-01
3.91770e+02 1.70222e-01
3.92222e+02 1.69009e-01
3.92673e+02 1.67856e-01
3.93125e+02 1.66768e-01
3.93576e+02 1.65533e-01
3.94028e+02 1.64480e-01
3.94479e+02 1.63333e-01
3.94930e+02 1.62279e-01
3.95382e+02 1.61206e-01
3.95833e+02 1.60138e-01
3.96284e+02 1.58977e-01
3.96736e+02 1.57930e-01
3.97187e+02 1.56905e-01
3.97638e+02 1.55873e-01
3.98090e+02 1.54827e-01
3.98541e+02 1.53820e-01
3.98992e+02 1.52787e-01
3.99443e+02 1.51826e-01
3.99894e+02 1.50880e-01
4.00346e+02 1.49930e-01
4.00797e+02 1.48970e-01
4.01248e+02 1.48003e-01
4.01699e+02 1.47066e-01
4.02150e+02 1.46209e-01
4.02601e+02 1.45317e-01
4.03052e+02 1.44478e-01
4.03503e+02 1.43665e-01
4.03954e+02 1.42889e-01
4.04405e+02 1.42083e-01
4.04856e+02 1.41296e-01
4.05307e+02 1.40546e-01
4.05758e+02 1.39736e-01
4.06209e+02 1.38989e-01
4.06659e+02 1.38182e-01
4.07110e+02 1.37457e-01
4.07561e+02 1.36746e-01
4.08012e+02 1.36054e-01
4.08463e+02 1.35360e-01
4.08913e+02 1.34671e-01
4.09364e+02 1.34003e-01
4.09815e+02 1.33354e-01
4.10266e+02 1.32715e-01
4.10716e+02 1.32053e-01
4.11167e+02 1.31394e-01
4.11617e+02 1.30782e-01
4.12068e+02 1.30146e-01
4.12519e+02 1.29510e-01
4.12969e+02 1.28871e-01
4.13420e+02 1.28240e-01
4.13870e+02 1.27626e-01
4.14321e+02 1.27046e-01
4.14771e+02 1.26419e-01
4.15222e+02 1.25836e-01
4.15672e+02 1.25242e-01
4.16123e+02 1.24661e-01
4.16573e+02 1.24072e-01
4.17023e+02 1.23500e-01
4.17474e+02 1.22947e-01
4.17924e+02 1.22368e-01
4.18374e+02 1.21833e-01
4.18825e+02 1.21254e-01
4.19275e+02 1.20707e-01
4.19725e+02 1.20172e-01
4.20175e+02 1.19611e-01
4.20626e+02 1.19103e-01
4.21076e+02 1.18599e-01
4.21526e+02 1.18069e-01
4.21976e+02 1.17564e-01
4.22426e+02 1.17053e-01
4.22876e+02 1.16577e-01
4.23326e+02 1.16085e-01
4.23776e+02 1.15623e-01
4.24226e+02 1.15145e-01
4.24676e+02 1.14694e-01
4.25126e+02 1.14253e-01
4.25576e+02 1.13813e-01
4.26026e+02 1.13392e-01
4.26476e+02 1.12980e-01
4.26926e+02 1.12576e-01
4.27376e+02 1.12209e-01
4.27826e+02 1.11829e-01
4.28276e+02 1.11457e-01
4.28726e+02 1.11098e-01
4.29175e+02 1.10735e-01
4.29625e+02 1.10387e-01
4.30075e+02 1.10011e-01
4.30525e+02 1.09641e-01
4.30974e+02 1.09287e-01
4.31424e+02 1.08936e-01
4.31874e+02 1.08580e-01
4.32323e+02 1.08240e-01
4.32773e+02 1.07898e-01
4.33223e+02 1.07581e-01
4.33672e+02 1.07254e-01
4.34122e+02 1.06917e-01
4.34571e+02 1.06606e-01
4.35021e+02 1.06293e-01
4.35470e+02 1.05970e-01
4.35920e+02 1.05658e-01
4.36369e+02 1.05350e-01
4.36819e+02 1.05038e-01
4.37268e+02 1.04741e-01
4.37717e+02 1.04428e-01
4.38167e+02 1.04128e-01
4.38616e+02 1.03836e-01
4.39065e+02 1.03550e-01
4.39515e+02 1.03265e-01
4.39964e+02 1.02970e-01
4.40413e+02 1.02699e-01
4.40862e+02 1.02411e-01
4.41312e+02 1.02136e-01
4.41761e+02 1.01855e-01
4.42210e+02 1.01587e-01
4.42659e+02 1.01321e-01
4.43108e+02 1.01049e-01
4.43557e+02 1.00766e-01
4.44006e+02 1.00498e-01
4.44455e+02 1.00238e-01
4.44904e+02 9.99773e-02
4.45353e+02 9.97081e-02
4.45802e+02 9.94416e-02
4.46251e+02 9.91912e-02
4.46700e+02 9.89316e-02
4.47149e+02 9.86866e-02
4.47598e+02 9.84368e-02
4.48047e+02 9.82161e-02
4.48496e+02 9.79678e-02
4.48945e+02 9.77345e-02
4.49394e+02 9.74996e-02
4.49842e+02 9.72702e-02
4.50291e+02 9.70314e-02
4.50740e+02 9.67820e-02
4.51189e+02 9.65603e-02
4.51637e+02 9.63456e-02
4.52086e+02 9.61178e-02
4.52535e+02 9.59118e-02
4.52983e+02 9.56989e-02
4.53432e+02 9.54908e-02
4.53880e+02 9.52925e-02
4.54329e+02 9.50849e-02
4.54777e+02 9.48767e-02
4.55226e+02 9.46809e-02
4.55674e+02 9.44703e-02
4.56123e+02 9.42847e-02
4.56571e+02 9.40949e-02
4.57020e+02 9.38964e-02
4.57468e+02 9.36955e-02
4.57917e+02 9.34853e-02
4.58365e+02 9.33021e-02
4.58813e+02 9.31200e-02
4.59262e+02 9.29364e-02
4.59710e+02 9.27461e-02
4.60158e+02 9.25608e-02
4.60606e+02 9.23760e-02
4.61055e+02 9.21816e-02
4.61503e+02 9.19970e-02
4.61951e+02 9.18025e-02
4.62399e+02 9.16219e-02
4.62847e+02 9.14408e-02
4.63295e+02 9.12553e-02
4.63744e+02 9.10712e-02
4.64192e+02 9.08962e-02
4.64640e+02 9.07335e-02
4.65088e+02 9.05464e-02
4.65536e+02 9.03733e-02
4.65984e+02 9.02064e-02
4.66432e+02 9.00394e-02
4.66880e+02 8.98749e-02
4.67327e+02 8.97054e-02
4.67775e+02 8.95389e-02
4.68223e+02 8.93765e-02
4.68671e+02 8.92176e-02
4.69119e+02 8.90462e-02
4.69567e+02 8.88845e-02
4.70014e+02 8.87246e-02
4.70462e+02 8.85666e-02
4.70910e+02 8.84003e-02
4.71358e+02 8.82475e-02
4.71805e+02 8.80938e-02
4.72253e+02 8.79354e-02
4.72701e+02 8.77731e-02
4.73148e+02 8.76267e-02
4.73596e+02 8.74890e-02
4.74043e+02 8.73473e-02
4.74491e+02 8.72084e-02
4.74938e+02 8.70586e-02
4.75386e+02 8.69278e-02
4.75833e+02 8.67842e-02
4.76281e+02 8.66454e-02
4.76728e+02 8.65039e-02
4.77176e+02 8.63624e-02
4.77623e+02 8.62232e-02
4.78070e+02 8.60815e-02
4.78518e+02 8.59357e-02
4.78965e+02 8.57933e-02
4.79412e+02 8.56539e-02
4.79860e+02 8.55101e-02
4.80307e+02 8.53771e-02
4.80754e+02 8.52277e-02
4.81201e+02 8.50814e-02
4.81648e+02 8.49499e-02
4.82096e+02 8.48236e-02
4.82543e+02 8.47011e-02
4.82990e+02 8.45675e-02
4.83437e+02 8.44476e-02
4.83884e+02 8.43182e-02
4.84331e+02 8.41971e-02
4.84778e+02 8.40683e-02
4.85225e+02 8.39417e-02
4.85672e+02 8.38164e-02
4.86119e+02 8.36933e-02
4.86566e+02 8.35797e-02
4.87013e+02 8.34587e-02
4.87459e+02 8.33403e-02
4.87906e+02 8.32308e-02
4.88353e+02 8.31193e-02
4.88800e+02 8.30034e-02
4.89247e+02 8.28830e-02
4.89693e+02 8.27719e-02
4.90140e+02 8.26638e-02
4.90587e+02 8.25464e-02
4.91034e+02 8.24318e-02
4.91480e+02 8.23196e-02
4.91927e+02 8.22098e-02
4.92373e+02 8.20880e-02
4.92820e+02 8.19851e-02
4.93267e+02 8.18591e-02
4.93713e+02 8.17375e-02
4.94160e+02 8.16144e-02
4.94606e+02 8.14923e-02
4.95053e+02 8.13568e-02
4.95499e+02 8.12335e-02
4.95945e+02 8.10918e-02
4.96392e+02 8.09516e-02
4.96838e+02 8.08203e-02
4.97285e+02 8.06921e-02
4.97731e+02 8.05585e-02
4.98177e+02 8.04287e-02
4.98623e+02 8.02893e-02
4.99070e+02 8.01436e-02
4.99516e+02 8.00124e-02
4.99962e+02 7.98661e-02
5.00408e+02 7.97340e-02
5.00854e+02 7.95979e-02
5.01301e+02 7.94640e-02
5.01747e+02 7.93311e-02
5.02193e+02 7.92018e-02
5.02639e+02 7.90734e-02
5.03085e+02 7.89555e-02
5.03531e+02 7.88344e-02
5.03977e+02 7.87128e-02
5.04423e+02 7.85924e-02
5.04869e+02 7.84689e-02
5.05315e+02 7.83478e-02
5.05761e+02 7.82251e-02
5.06206e+02 7.81018e-02
5.06652e+02 7.79826e-02
5.07098e+02 7.78634e-02
5.07544e+02 7.77456e-02
5.07990e+02 7.76244e-02
5.08435e+02 7.75071e-02
5.08881e+02 7.73786e-02
5.09327e+02 7.72546e-02
5.09773e+02 7.71258e-02
5.10218e+02 7.70040e-02
5.10664e+02 7.68781e-02
5.11109e+02 7.67514e-02
5.11555e+02 7.66249e-02
5.12001e+02 7.64973e-02
5.12446e+02 7.63725e-02
5.12892e+02 7.62495e-02
5.13337e+02 7.61314e-02
5.13783e+02 7.60099e-02
5.14228e+02 7.58866e-02
5.14673e+02 7.57591e-02
5.15119e+02 7.56335e-02
5.15564e+02 7.55165e-02
5.16009e+02 7.53975e-02
5.16455e+02 7.52761e-02
5.16900e+02 7.51666e-02
5.17345e+02 7.50449e-02
5.17791e+02 7.49276e-02
5.18236e+02 7.48194e-02
5.18681e+02 7.47136e-02
5.19126e+02 7.46096e-02
5.19571e+02 7.45039e-02
5.20016e+02 7.43918e-02
5.20461e+02 7.42898e-02
5.20907e+02 7.41892e-02
5.21352e+02 7.40875e-02
5.21797e+02 7.39874e-02
5.22242e+02 7.38825e-02
5.22687e+02 7.37751e-02
5.23131e+02 7.36731e-02
5.23576e+02 7.35691e-02
5.24021e+02 7.34672e-02
5.24466e+02 7.33722e-02
5.24911e+02 7.32707e-02
5.25356e+02 7.31728e-02
5.25801e+02 7.30801e-02
5.26245e+02 7.29874e-02
5.26690e+02 7.28991e-02
5.27135e+02 7.28163e-02
5.27580e+02 7.27348e-02
5.28024e+02 7.26523e-02
5.28469e+02 7.25636e-02
5.28914e+02 7.24819e-02
5.29358e+02 7.23980e-02
5.29803e+02 7.23137e-02
5.30247e+02 7.22403e-02
5.30692e+02 7.21699e-02
5.31136e+02 7.20969e-02
5.31581e+02 7.20283e-02
5.32025e+02 7.19644e-02
5.32470e+02 7.19024e-02
5.32914e+02 7.18393e-02
5.33358e+02 7.17798e-02
5.33803e+02 7.17172e-02
5.34247e+02 7.16544e-02
5.34691e+02 7.15993e-02
5.35136e+02 7.15419e-02
5.35580e+02 7.14915e-02
5.36024e+02 7.14435e-02
5.36468e+02 7.13975e-02
5.36912e+02 7.13487e-02
5.37357e+02 7.13073e-02
5.37801e+02 7.12591e-02
5.38245e+02 7.12125e-02
5.38689e+02 7.11737e-02
5.39133e+02 7.11384e-02
5.39577e+02 7.11074e-02
5.40021e+02 7.10794e-02
5.40465e+02 7.10510e-02
5.40909e+02 7.10239e-02
5.41353e+02 7.09963e-02
5.41797e+02 7.09690e-02
5.42241e+02 7.09510e-02
5.42684e+02 7.09312e-02
5.43128e+02 7.09102e-02
5.43572e+02 7.08848e-02
5.44016e+02 7.08637e-02
5.44460e+02 7.08428e-02
5.44903e+02 7.08172e-02
5.45347e+02 7.07962e-02
5.45791e+02 7.07733e-02
5.46234e+02 7.07474e-02
5.46678e+02 7.07269e-02
5.47121e+02 7.07031e-02
5.47565e+02 7.06807e-02
5.48009e+02 7.06624e-02
5.48452e+02 7.06370e-02
5.48896e+02 7.06092e-02
5.49339e+02 7.05869e-02
5.49783e+02 7.05637e-02
5.50226e+02 7.05355e-02
5.50669e+02 7.05117e-02
5.51113e+02 7.04853e-02
5.51556e+02 7.04643e-02
5.51999e+02 7.04341e-02
5.52443e+02 7.04052e-02
5.52886e+02 7.03772e-02
5.53329e+02 7.03444e-02
5.53772e+02 7.03147e-02
5.54216e+02 7.02894e-02
5.54659e+02 7.02647e-02
5.55102e+02 7.02387e-02
5.55545e+02 7.02164e-02
5.55988e+02 7.01985e-02
5.56431e+02 7.01813e-02
5.56874e+02 7.01669e-02
5.57317e+02 7.01478e-02
5.57760e+02 7.01265e-02
5.58203e+02 7.01091e-02
5.58646e+02 7.00943e-02
5.59089e+02 7.00748e-02
5.59532e+02 7.00564e-02
5.59975e+02 7.00376e-02
5.60417e+02 7.00178e-02
5.60860e+02 6.99983e-02
5.61303e+02 6.99776e-02
5.61746e+02 6.99505e-02
5.62188e+02 6.99295e-02
5.62631e+02 6.99083e-02
5.63074e+02 6.98891e-02
5.63516e+02 6.98669e-02
5.63959e+02 6.98437e-02
5.64402e+02 6.98165e-02
5.64844e+02 6.97884e-02
5.65287e+02 6.97598e-02
5.65729e+02 6.97362e-02
5.66172e+02 6.97114e-02
5.66614e+02 6.96845e-02
5.67057e+02 6.96530e-02
5.67499e+02 6.96267e-02
5.67942e+02 6.95998e-02
5.68384e+02 6.95707e-02
5.68826e+02 6.95446e-02
5.69268e+02 6.95228e-02
5.69711e+02 6.94952e-02
5.70153e+02 6.94756e-02
5.70595e+02 6.94582e-02
5.71037e+02 6.94451e-02
5.71480e+02 6.94329e-02
5.71922e+02 6.94229e-02
5.72364e+02 6.94121e-02
5.72806e+02 6.94040e-02
5.73248e+02 6.93969e-02
5.73690e+02 6.93960e-02
5.74132e+02 6.93918e-02
5.74574e+02 6.93865e-02
5.75016e+02 6.93814e-02
5.75458e+02 6.93819e-02
5.75900e+02 6.93802e-02
5.76342e+02 6.93819e-02
5.76784e+02 6.93782e-02
5.77226e+02 6.93792e-02
5.77667e+02 6.93804e-02
5.78109e+02 6.93823e-02
5.78551e+02 6.93848e-02
5.78993e+02 6.93906e-02
5.79434e+02 6.93918e-02
5.79876e+02 6.93964e-02
5.80318e+02 6.93994e-02
5.80759e+02 6.94035e-02
5.81201e+02 6.93990e-02
5.81642e+02 6.93971e-02
5.82084e+02 6.93957e-02
5.82525e+02 6.93886e-02
5.82967e+02 6.93805e-02
5.83408e+02 6.93692e-02
5.83850e+02 6.93621e-02
5.84291e+02 6.93496e-02
5.84733e+02 6.93351e-02
5.85174e+02 6.93185e-02
5.85615e+02 6.92986e-02
5.86057e+02 6.92798e-02
5.86498e+02 6.92583e-02
5.86939e+02 6.92401e-02
5.87380e+02 6.92140e-02
5.87822e+02 6.91896e-02
5.88263e+02 6.91652e-02
5.88704e+02 6.91415e-02
5.89145e+02 6.91171e-02
5.89586e+02 6.90917e-02
5.90027e+02 6.90650e-02
5.90468e+02 6.90347e-02
5.90909e+02 6.89986e-02
5.91350e+02 6.89671e-02
5.91791e+02 6.89332e-02
5.92232e+02 6.88978e-02
5.92673e+02 6.88660e-02
5.93114e+02 6.88318e-02
5.93555e+02 6.87950e-02
5.93996e+02 6.87630e-02
5.94436e+02 6.87301e-02
5.94877e+02 6.86949e-02
5.95318e+02 6.86606e-02
5.95759e+02 6.86290e-02
5.96199e+02 6.85970e-02
5.96640e+02 6.85658e-02
5.97081e+02 6.85371e-02
5.97521e+02 6.85124e-02
5.97962e+02 6.84825e-02
5.98402e+02 6.84526e-02
5.98843e+02 6.84272e-02
5.99283e+02 6.84039e-02
5.99724e+02 6.83830e-02
6.00164e+02 6.83673e-02
6.00605e+02 6.83487e-02
6.01045e+02 6.83335e-02
6.01485e+02 6.83169e-02
6.01926e+02 6.83039e-02
6.02366e+02 6.82920e-02
6.02806e+02 6.82808e-02
6.03247e+02 6.82686e-02
6.03687e+02 6.82573e-02
6.04127e+02 6.82446e-02
6.04567e+02 6.82308e-02
6.05007e+02 6.82236e-02
6.05447e+02 6.82168e-02
6.05888e+02 6.82116e-02
6.06328e+02 6.82022e-02
6.06768e+02 6.81968e-02
6.07208e+02 6.81886e-02
6.07648e+02 6.81797e-02
6.08088e+02 6.81703e-02
6.08527e+02 6.81579e-02
6.08967e+02 6.81454e-02
6.09407e+02 6.81321e-02
6.09847e+02 6.81237e-02
6.10287e+02 6.81156e-02
6.10727e+02 6.81065e-02
6.11166e+02 6.80945e-02
6.11606e+02 6.80838e-02
6.12046e+02 6.80754e-02
6.12486e+02 6.80665e-02
6.12925e+02 6.80575e-02
6.13365e+02 6.80462e-02
6.13804e+02 6.80376e-02
6.14244e+02 6.80246e-02
6.14684e+02 6.80094e-02
6.15123e+02 6.80016e-02
6.15563e+02 6.79921e-02
6.16002e+02 6.79848e-02
6.16441e+02 6.79809e-02
6.16881e+02 6.79762e-02
6.17320e+02 6.79703e-02
6.17760e+02 6.79670e-02
6.18199e+02 6.79610e-02
6.18638e+02 6.79587e-02
6.19077e+02 6.79566e-02
6.19517e+02 6.79531e-02
6.19956e+02 6.79488e-02
6.20395e+02 6.79465e-02
6.20834e+02 6.79470e-02
6.21273e+02 6.79488e-02
6.21712e+02 6.79496e-02
6.22152e+02 6.79519e-02
6.22591e+02 6.79541e-02
6.23030e+02 6.79599e-02
6.23469e+02 6.79684e-02
6.23908e+02 6.79788e-02
6.24346e+02 6.79839e-02
6.24785e+02 6.79926e-02
6.25224e+02 6.80029e-02
6.25663e+02 6.80168e-02
6.26102e+02 6.80297e-02
6.26541e+02 6.80433e-02
6.26979e+02 6.80535e-02
6.27418e+02 6.80574e-02
6.27857e+02 6.80622e-02
6.28296e+02 6.80717e-02
6.28734e+02 6.80851e-02
6.29173e+02 6.80895e-02
6.29611e+02 6.80965e-02
6.30050e+02 6.81012e-02
6.30489e+02 6.81088e-02
6.30927e+02 6.81114e-02
6.31366e+02 6.81166e-02
6.31804e+02 6.81231e-02
6.32242e+02 6.81274e-02
6.32681e+02 6.81355e-02
6.33119e+02 6.81482e-02
6.33558e+02 6.81620e-02
6.33996e+02 6.81746e-02
6.34434e+02 6.81857e-02
6.34872e+02 6.82017e-02
6.35311e+02 6.82201e-02
6.35749e+02 6.82438e-02
6.36187e+02 6.82653e-02
6.36625e+02 6.82906e-02
6.37063e+02 6.83179e-02
6.37501e+02 6.83452e-02
6.37939e+02 6.83739e-02
6.38377e+02 6.84036e-02
6.38815e+02 6.84397e-02
6.39253e+02 6.84708e-02
6.39691e+02 6.85028e-02
6.40129e+02 6.85368e-02
6.40567e+02 6.85659e-02
6.41005e+02 6.85908e-02
6.41443e+02 6.86184e-02
6.41881e+02 6.86415e-02
6.42318e+02 6.86669e-02
6.42756e+02 6.86839e-02
6.43194e+02 6.86991e-02
6.43632e+02 6.87130e-02
6.44069e+02 6.87250e-02
6.44507e+02 6.87347e-02
6.44945e+02 6.87421e-02
6.45382e+02 6.87498e-02
6.45820e+02 6.87534e-02
6.46257e+02 6.87525e-02
6.46695e+02 6.87499e-02
6.47132e+02 6.87447e-02
6.47570e+02 6.87401e-02
6.48007e+02 6.87319e-02
6.48444e+02 6.87281e-02
6.48882e+02 6.87267e-02
6.49319e+02 6.87253e-02
6.49756e+02 6.87173e-02
6.50194e+02 6.87123e-02
6.50631e+02 6.87047e-02
6.51068e+02 6.87012e-02
6.51505e+02 6.86975e-02
6.51942e+02 6.86966e-02
6.52379e+02 6.86963e-02
6.52817e+02 6.86966e-02
6.53254e+02 6.87052e-02
6.53691e+02 6.87147e-02
6.54128e+02 6.87271e-02
6.54565e+02 6.87414e-02
6.55002e+02 6.87606e-02
6.55438e+02 6.87786e-02
6.55875e+02 6.87949e-02
6.56312e+02 6.88128e-02
6.56749e+02 6.88301e-02
6.57186e+02 6.88443e-02
6.57623e+02 6.88574e-02
6.58059e+02 6.88751e-02
6.58496e+02 6.88974e-02
6.58933e+02 6.89167e-02
6.59369e+02 6.89381e-02
6.59806e+02 6.89630e-02
6.60243e+02 6.89930e-02
6.60679e+02 6.90221e-02
6.61116e+02 6.90524e-02
6.61552e+02 6.90866e-02
6.61989e+02 6.91192e-02
6.62425e+02 6.91549e-02
6.62862e+02 6.91863e-02
6.63298e+02 6.92201e-02
6.63734e+02 6.92541e-02
6.64171e+02 6.92831e-02
6.64607e+02 6.93124e-02
6.65043e+02 6.93470e-02
6.65479e+02 6.93786e-02
6.65916e+02 6.94098e-02
6.66352e+02 6.94360e-02
6.66788e+02 6.94672e-02
6.67224e+02 6.94944e-02
6.67660e+02 6.95216e-02
6.68096e+02 6.95523e-02
6.68532e+02 6.95870e-02
6.68968e+02 6.96187e-02
6.69404e+02 6.96445e-02
6.69840e+02 6.96719e-02
6.70276e+02 6.97010e-02
6.70712e+02 6.97306e-02
6.71148e+02 6.97638e-02
6.71584e+02 6.97908e-02
6.72020e+02 6.98246e-02
6.72455e+02 6.98574e-02
6.72891e+02 6.98862e-02
6.73327e+02 6.99131e-02
6.73763e+02 6.99465e-02
6.74198e+02 6.99818e-02
6.74634e+02 7.00181e-02
6.75069e+02 7.00566e-02
6.75505e+02 7.00945e-02
6.75941e+02 7.01369e-02
6.76376e+02 7.01778e-02
6.76812e+02 7.02225e-02
6.77247e+02 7.02667e-02
6.77682e+02 7.03132e-02
6.78118e+02 7.03636e-02
6.78553e+02 7.04089e-02
6.78989e+02 7.04545e-02
6.79424e+02 7.05009e-02
6.79859e+02 7.05488e-02
6.80294e+02 7.05943e-02
6.80730e+02 7.06416e-02
6.81165e+02 7.06897e-02
6.81600e+02 7.07399e-02
6.82035e+02 7.07885e-02
6.82470e+02 7.08343e-02
6.82905e+02 7.08807e-02
6.83340e+02 7.09270e-02
6.83775e+02 7.09724e-02
6.84210e+02 7.10152e-02
6.84645e+02 7.10588e-02
6.85080e+02 7.10993e-02
6.85515e+02 7.11342e-02
6.85950e+02 7.11712e-02
6.86385e+02 7.12083e-02
6.86819e+02 7.12478e-02
6.87254e+02 7.12804e-02
6.87689e+02 7.13099e-02
6.88124e+02 7.13401e-02
6.88558e+02 7.13693e-02
6.88993e+02 7.13993e-02
6.89428e+02 7.14267e-02
6.89862e+02 7.14529e-02
6.90297e+02 7.14817e-02
6.90731e+02 7.15081e-02
6.91166e+02 7.15385e-02
6.91600e+02 7.15664e-02
6.92035e+02 7.15909e-02
6.92469e+02 7.16105e-02
6.92903e+02 7.16359e-02
6.93338e+02 7.16633e-02
6.93772e+02 7.16900e-02
6.94206e+02 7.17179e-02
6.94641e+02 7.17507e-02
6.95075e+02 7.17789e-02
6.95509e+02 7.18124e-02
6.95943e+02 7.18442e-02
6.96377e+02 7.18727e-02
6.96811e+02 7.19052e-02
6.97245e+02 7.19447e-02
6.97679e+02 7.19915e-02
6.98114e+02 7.20406e-02
6.98547e+02 7.20910e-02
6.98981e+02 7.21377e-02
6.99415e+02 7.21869e-02
6.99849e+02 7.22353e-02
7.00283e+02 7.22842e-02
7.00717e+02 7.23367e-02
7.01151e+02 7.23914e-02
7.01585e+02 7.24480e-02
7.02018e+02 7.25023e-02
7.02452e+02 7.25614e-02
7.02886e+02 7.26206e-02
7.03319e+02 7.26784e-02
7.03753e+02 7.27386e-02
7.04186e+02 7.28016e-02
7.04620e+02 7.28613e-02
7.05054e+02 7.29197e-02
7.05487e+02 7.29698e-02
7.05921e+02 7.30137e-02
7.06354e+02 7.30540e-02
7.06787e+02 7.30957e-02
7.07221e+02 7.31431e-02
7.07654e+02 7.31964e-02
7.08087e+02 7.32556e-02
7.08521e+02 7.33248e-02
7.08954e+02 7.33903e-02
7.09387e+02 7.34579e-02
7.09820e+02 7.35249e-02
7.10253e+02 7.35919e-02
7.10687e+02 7.36589e-02
7.11120e+02 7.37315e-02
7.11553e+02 7.38082e-02
7.11986e+02 7.38866e-02
7.12419e+02 7.39701e-02
7.12852e+02 7.40534e-02
7.13285e+02 7.41425e-02
7.13718e+02 7.42352e-02
7.14151e+02 7.43332e-02
7.14583e+02 7.44305e-02
7.15016e+02 7.45254e-02
7.15449e+02 7.46211e-02
7.15882e+02 7.47199e-02
7.16314e+02 7.48201e-02
7.16747e+02 7.49196e-02
7.17180e+02 7.50219e-02
7.17612e+02 7.51211e-02
7.18045e+02 7.52152e-02
7.18478e+02 7.53030e-02
7.18910e+02 7.53863e-02
7.19343e+02 7.54671e-02
7.19775e+02 7.55415e-02
7.20208e+02 7.56159e-02
7.20640e+02 7.56920e-02
7.21072e+02 7.57625e-02
7.21505e+02 7.58253e-02
7.21937e+02 7.58748e-02
7.22369e+02 7.59205e-02
7.22802e+02 7.59577e-02
7.23234e+02 7.59864e-02
7.23666e+02 7.60056e-02
7.24098e+02 7.60274e-02
7.24530e+02 7.60448e-02
7.24962e+02 7.60609e-02
7.25395e+02 7.60790e-02
7.25827e+02 7.60970e-02
7.26259e+02 7.61124e-02
7.26691e+02 7.61298e-02
7.27123e+02 7.61497e-02
7.27554e+02 7.61662e-02
7.27986e+02 7.61736e-02
7.28418e+02 7.61733e-02
7.28850e+02 7.61632e-02
7.29282e+02 7.61577e-02
7.29714e+02 7.61525e-02
7.30145e+02 7.61557e-02
7.30577e+02 7.61636e-02
7.31009e+02 7.61790e-02
7.31440e+02 7.61985e-02
7.31872e+02 7.62196e-02
7.32303e+02 7.62310e-02
7.32735e+02 7.62422e-02
7.33166e+02 7.62568e-02
7.33598e+02 7.62787e-02
7.34029e+02 7.62959e-02
7.34461e+02 7.63157e-02
7.34892e+02 7.63386e-02
7.35324e+02 7.63615e-02
7.35755e+02 7.63868e-02
7.36186e+02 7.64201e-02
7.36617e+02 7.64534e-02
7.37049e+02 7.64871e-02
7.37480e+02 7.65178e-02
7.37911e+02 7.65459e-02
7.38342e+02 7.65730e-02
7.38773e+02 7.65984e-02
7.39204e+02 7.66263e-02
7.39635e+02 7.66567e-02
7.40066e+02 7.66916e-02
7.40497e+02 7.67300e-02
7.40928e+02 7.67630e-02
7.41359e+02 7.67974e-02
7.41790e+02 7.68300e-02
7.42221e+02 7.68659e-02
7.42652e+02 7.69060e-02
7.43082e+02 7.69433e-02
7.43513e+02 7.69860e-02
7.43944e+02 7.70313e-02
7.44375e+02 7.70767e-02
7.44805e+02 7.71254e-02
7.45236e+02 7.71747e-02
7.45666e+02 7.72268e-02
7.46097e+02 7.72765e-02
7.46528e+02 7.73231e-02
7.46958e+02 7.73697e-02
7.47389e+02 7.74177e-02
7.47819e+02 7.74661e-02
7.48249e+02 7.75194e-02
7.48680e+02 7.75743e-02
7.49110e+02 7.76254e-02
7.49540e+02 7.76825e-02
7.49971e+02 7.77460e-02
7.50401e+02 7.78130e-02
7.50831e+02 7.78783e-02
7.51261e+02 7.79459e-02
7.51691e+02 7.80162e-02
7.52121e+02 7.80884e-02
7.52552e+02 7.81619e-02
7.52982e+02 7.82296e-02
7.53412e+02 7.82991e-02
7.53842e+02 7.83643e-02
7.54272e+02 7.84338e-02
7.54701e+02 7.85051e-02
7.55131e+02 7.85833e-02
7.55561e+02 7.86623e-02
7.55991e+02 7.87470e-02
7.56421e+02 7.88368e-02
7.56851e+02 7.89276e-02
7.57280e+02 7.90123e-02
7.57710e+02 7.91051e-02
7.58140e+02 7.91989e-02
7.58569e+02 7.92857e-02
7.58999e+02 7.93773e-02
7.59428e+02 7.94700e-02
7.59858e+02 7.95608e-02
7.60287e+02 7.96530e-02
7.60717e+02 7.97479e-02
7.61146e+02 7.98455e-02
7.61576e+02 7.99435e-02
7.62005e+02 8.00449e-02
7.62434e+02 8.01517e-02
7.62864e+02 8.02622e-02
7.63293e+02 8.03749e-02
7.63722e+02 8.04855e-02
7.64151e+02 8.05945e-02
7.64581e+02 8.06987e-02
7.65010e+02 8.07973e-02
7.65439e+02 8.09014e-02
7.65868e+02 8.10036e-02
7.66297e+02 8.11084e-02
7.66726e+02 8.12166e-02
7.67155e+02 8.13264e-02
7.67584e+02 8.14380e-02
7.68013e+02 8.15520e-02
7.68442e+02 8.16643e-02
7.68871e+02 8.17705e-02
7.69299e+02 8.18692e-02
7.69728e+02 8.19608e-02
7.70157e+02 8.20463e-02
7.70586e+02 8.21312e-02
7.71014e+02 8.22138e-02
7.71443e+02 8.22951e-02
7.71872e+02 8.23751e-02
7.72300e+02 8.24554e-02
7.72729e+02 8.25382e-02
7.73157e+02 8.26219e-02
7.73586e+02 8.27080e-02
7.74014e+02 8.27907e-02
7.74443e+02 8.28728e-02
7.74871e+02 8.29500e-02
7.75299e+02 8.30209e-02
7.75728e+02 8.30884e-02
7.76156e+02 8.31544e-02
7.76584e+02 8.32194e-02
7.77012e+02 8.32928e-02
7.77441e+02 8.33770e-02
7.77869e+02 8.34678e-02
7.78297e+02 8.35649e-02
7.78725e+02 8.36701e-02
7.79153e+02 8.37841e-02
7.79581e+02 8.38961e-02
7.80009e+02 8.40044e-02
7.80437e+02 8.41099e-02
7.80865e+02 8.42143e-02
7.81293e+02 8.43139e-02
7.81721e+02 8.44125e-02
7.82149e+02 8.45232e-02
7.82576e+02 8.46346e-02
7.83004e+02 8.47561e-02
7.83432e+02 8.48849e-02
7.83860e+02 8.50190e-02
7.84287e+02 8.51538e-02
7.84715e+02 8.52922e-02
7.85142e+02 8.54357e-02
7.85570e+02 8.55769e-02
7.85997e+02 8.57192e-02
7.86425e+02 8.58558e-02
7.86852e+02 8.59867e-02
7.87280e+02 8.61155e-02
7.87707e+02 8.62434e-02
7.88135e+02 8.63738e-02
7.88562e+02 8.65100e-02
7.88989e+02 8.66501e-02
7.89416e+02 8.67999e-02
7.89844e+02 8.69517e-02
7.90271e+02 8.71075e-02
7.90698e+02 8.72678e-02
7.91125e+02 8.74316e-02
7.91552e+02 8.75930e-02
7.91979e+02 8.77501e-02
7.92406e+02 8.79048e-02
7.92833e+02 8.80629e-02
7.93260e+02 8.82250e-02
7.93687e+02 8.83914e-02
7.94114e+02 8.85601e-02
7.94541e+02 8.87405e-02
7.94968e+02 8.89204e-02
7.95395e+02 8.91002e-02
7.95821e+02 8.92743e-02
7.96248e+02 8.94480e-02
7.96675e+02 8.96216e-02
7.97101e+02 8.97886e-02
7.97528e+02 8.99570e-02
7.97955e+02 9.01240e-02
7.98381e+02 9.02896e-02
7.98808e+02 9.04554e-02
7.99234e+02 9.06163e-02
7.99661e+02 9.07767e-02
8.00087e+02 9.09455e-02
8.00514e+02 9.11132e-02
8.00940e+02 9.12819e-02
8.01366e+02 9.14519e-02
8.01793e+02 9.16351e-02
8.02219e+02 9.18144e-02
8.02645e+02 9.19907e-02
8.03071e+02 9.21588e-02
8.03497e+02 9.23225e-02
8.03923e+02 9.24820e-02
8.04350e+02 9.26441e-02
8.04776e+02 9.28093e-02
8.05202e+02 9.29811e-02
8.05628e+02 9.31509e-02
8.06054e+02 9.33286e-02
8.06479e+02 9.35041e-02
8.06905e+02 9.36805e-02
8.07331e+02 9.38657e-02
8.07757e+02 9.40599e-02
8.08183e+02 9.42575e-02
8.08608e+02 9.44542e-02
8.09034e+02 9.46503e-02
8.09460e+02 9.48357e-02
8.09886e+02 9.50199e-02
8.10311e+02 9.52053e-02
8.10737e+02 9.53931e-02
8.11162e+02 9.55731e-02
8.11588e+02 9.57513e-02
8.12013e+02 9.59279e-02
8.12439e+02 9.61090e-02
8.12864e+02 9.62903e-02
8.13289e+02 9.64771e-02
8.13715e+02 9.66633e-02
8.14140e+02 9.68485e-02
8.14565e+02 9.70332e-02
8.14991e+02 9.72124e-02
8.15416e+02 9.73967e-02
8.15841e+02 9.75785e-02
8.16266e+02 9.77688e-02
8.16691e+02 9.79573e-02
8.17116e+02 9.81488e-02
8.17541e+02 9.83355e-02
8.17966e+02 9.85130e-02
8.18391e+02 9.86968e-02
8.18816e+02 9.88746e-02
8.19241e+02 9.90563e-02
8.19666e+02 9.92436e-02
8.20091e+02 9.94315e-02
8.20516e+02 9.96255e-02
8.20940e+02 9.98195e-02
8.21365e+02 1.00018e-01
8.21790e+02 1.00204e-01
8.22214e+02 1.00385e-01
8.22639e+02 1.00576e-01
8.23064e+02 1.00763e-01
8.23488e+02 1.00948e-01
8.23913e+02 1.01135e-01
8.24337e+02 1.01326e-01
8.24761e+02 1.01522e-01
8.25186e+02 1.01715e-01
8.25610e+02 1.01909e-01
8.26035e+02 1.02101e-01
8.26459e+02 1.02292e-01
8.26883e+02 1.02488e-01
8.27307e+02 1.02685e-01
8.27732e+02 1.02881e-01
8.28156e+02 1.03076e-01
8.28580e+02 1.03267e-01
8.29004e+02 1.03452e-01
8.29428e+02 1.03634e-01
8.29852e+02 1.03822e-01
8.30276e+02 1.04010e-01
8.30700e+02 1.04196e-01
8.31124e+02 1.04375e-01
8.31548e+02 1.04546e-01
8.31972e+02 1.04721e-01
8.32396e+02 1.04894e-01
8.32819e+02 1.05068e-01
8.33243e+02 1.05246e-01
8.33667e+02 1.05413e-01
8.34090e+02 1.05572e-01
8.34514e+02 1.05731e-01
8.34938e+02 1.05886e-01
8.35361e+02 1.06042e-01
8.35785e+02 1.06196e-01
8.36208e+02 1.06353e-01
8.36632e+02 1.06503e-01
8.37055e+02 1.06657e-01
8.37479e+02 1.06811e-01
8.37902e+02 1.06962e-01
8.38325e+02 1.07115e-01
8.38749e+02 1.07276e-01
8.39172e+02 1.07440e-01
8.39595e+02 1.07594e-01
8.40018e+02 1.07743e-01
8.40441e+02 1.07890e-01
8.40865e+02 1.08044e-01
8.41288e+02 1.08205e-01
8.41711e+02 1.08369e-01
8.42134e+02 1.08538e-01
8.42557e+02 1.08698e-01
8.42980e+02 1.08858e-01
8.43403e+02 1.09012e-01
8.43825e+02 1.09166e-01
8.44248e+02 1.09314e-01
8.44671e+02 1.09452e-01
8.45094e+02 1.09590e-01
8.45517e+02 1.09731e-01
8.45939e+02 1.09857e-01
8.46362e+02 1.09975e-01
8.46785e+02 1.10096e-01
8.47207e+02 1.10214e-01
8.47630e+02 1.10328e-01
8.48052e+02 1.10447e-01
8.48475e+02 1.10577e-01
8.48897e+02 1.10712e-01
8.49320e+02 1.10848e-01
8.49742e+02 1.10985e-01
8.50164e+02 1.11122e-01
8.50587e+02 1.11265e-01
8.51009e+02 1.11405e-01
8.51431e+02 1.11546e-01
8.51853e+02 1.11680e-01
8.52275e+02 1.11814e-01
8.52698e+02 1.11947e-01
8.53120e+02 1.12081e-01
8.53542e+02 1.12217e-01
8.53964e+02 1.12350e-01
8.54386e+02 1.12486e-01
8.54808e+02 1.12636e-01
8.55230e+02 1.12793e-01
8.55652e+02 1.12956e-01
8.56073e+02 1.13124e-01
8.56495e+02 1.13281e-01
8.56917e+02 1.13441e-01
8.57339e+02 1.13599e-01
8.57760e+02 1.13748e-01
8.58182e+02 1.13895e-01
8.58604e+02 1.14038e-01
8.59025e+02 1.14179e-01
8.59447e+02 1.14322e-01
8.59868e+02 1.14463e-01
8.60290e+02 1.14602e-01
8.60711e+02 1.14740e-01
8.61133e+02 1.14879e-01
8.61554e+02 1.15020e-01
8.61975e+02 1.15148e-01
8.62397e+02 1.15267e-01
8.62818e+02 1.15383e-01
8.63239e+02 1.15502e-01
8.63660e+02 1.15626e-01
8.64082e+02 1.15751e-01
8.64503e+02 1.15884e-01
8.64924e+02 1.16017e-01
8.65345e+02 1.16151e-01
8.65766e+02 1.16298e-01
8.66187e+02 1.16458e-01
8.66608e+02 1.16645e-01
8.67029e+02 1.16847e-01
8.67450e+02 1.17059e-01
8.67871e+02 1.17277e-01
8.68291e+02 1.17502e-01
8.68712e+02 1.17732e-01
8.69133e+02 1.17974e-01
8.69554e+02 1.18223e-01
8.69974e+02 1.18477e-01
8.70395e+02 1.18741e-01
8.70815e+02 1.19014e-01
8.71236e+02 1.19291e-01
8.71657e+02 1.19578e-01
8.72077e+02 1.19858e-01
8.72497e+02 1.20124e-01
8.72918e+02 1.20395e-01
8.73338e+02 1.20651e-01
8.73759e+02 1.20893e-01
8.74179e+02 1.21122e-01
8.74599e+02 1.21324e-01
8.75019e+02 1.21513e-01
8.75440e+02 1.21688e-01
8.75860e+02 1.21853e-01
8.76280e+02 1.21996e-01
8.76700e+02 1.22128e-01
8.77120e+02 1.22239e-01
8.77540e+02 1.22358e-01
8.77960e+02 1.22469e-01
8.78380e+02 1.22574e-01
8.78800e+02 1.22673e-01
8.79220e+02 1.22760e-01
8.79639e+02 1.22841e-01
8.80059e+02 1.22918e-01
8.80479e+02 1.22992e-01
8.80899e+02 1.23071e-01
8.81318e+02 1.23157e-01
8.81738e+02 1.23254e-01
8.82158e+02 1.23363e-01
8.82577e+02 1.23475e-01
8.82997e+02 1.23594e-01
8.83416e+02 1.23721e-01
8.83836e+02 1.23845e-01
8.84255e+02 1.23966e-01
8.84675e+02 1.24081e-01
8.85094e+02 1.24197e-01
8.85513e+02 1.24317e-01
8.85933e+02 1.24441e-01
8.86352e+02 1.24565e-01
8.86771e+02 1.24688e-01
8.87190e+02 1.24815e-01
8.87609e+02 1.24947e-01
8.88028e+02 1.25086e-01
8.88447e+02 1.25234e-01
8.88866e+02 1.25391e-01
8.89285e+02 1.25567e-01
8.89704e+02 1.25735e-01
8.90123e+02 1.25895e-01
8.90542e+02 1.26055e-01
8.90961e+02 1.26204e-01
8.91380e+02 1.26353e-01
8.91799e+02 1.26505e-01
8.92217e+02 1.26647e-01
8.92636e+02 1.26802e-01
8.93055e+02 1.26963e-01
8.93473e+02 1.27130e-01
8.93892e+02 1.27306e-01
8.94310e+02 1.27508e-01
8.94729e+02 1.27709e-01
8.95147e+02 1.27927e-01
8.95566e+02 1.28154e-01
8.95984e+02 1.28379e-01
8.96403e+02 1.28608e-01
8.96821e+02 1.28834e-01
8.97239e+02 1.29054e-01
8.97658e+02 1.29278e-01
8.98076e+02 1.29502e-01
8.98494e+02 1.29717e-01
8.98912e+02 1.29925e-01
8.99330e+02 1.30133e-01
8.99748e+02 1.30322e-01
9.00166e+02 1.30526e-01
9.00584e+02 1.30722e-01
9.01002e+02 1.30924e-01
9.01420e+02 1.31133e-01
9.01838e+02 1.31338e-01
9.02256e+02 1.31552e-01
9.02674e+02 1.31787e-01
9.03091e+02 1.32032e-01
9.03509e+02 1.32284e-01
9.03927e+02 1.32536e-01
9.04344e+02 1.32786e-01
9.04762e+02 1.33036e-01
9.05180e+02 1.33284e-01
9.05597e+02 1.33528e-01
9.06015e+02 1.33755e-01
9.06432e+02 1.33979e-01
9.06850e+02 1.34203e-01
9.07267e+02 1.34416e-01
9.07684e+02 1.34637e-01
9.08102e+02 1.34852e-01
9.08519e+02 1.35066e-01
9.08936e+02 1.35284e-01
9.09353e+02 1.35513e-01
9.09771e+02 1.35757e-01
9.10188e+02 1.36018e-01
9.10605e+02 1.36290e-01
9.11022e+02 1.36581e-01
9.11439e+02 1.36883e-01
9.11856e+02 1.37199e-01
9.12273e+02 1.37511e-01
9.12690e+02 1.37820e-01
9.13107e+02 1.38125e-01
9.13523e+02 1.38410e-01
9.13940e+02 1.38694e-01
9.14357e+02 1.38985e-01
9.14774e+02 1.39268e-01
9.15190e+02 1.39555e-01
9.15607e+02 1.39854e-01
9.16024e+02 1.40152e-01
9.16440e+02 1.40462e-01
9.16857e+02 1.40787e-01
9.17273e+02 1.41122e-01
9.17690e+02 1.41479e-01
9.18106e+02 1.41842e-01
9.18522e+02 1.42215e-01
9.18939e+02 1.42615e-01
9.19355e+02 1.43040e-01
9.19771e+02 1.43473e-01
9.20188e+02 1.43918e-01
9.20604e+02 1.44367e-01
9.21020e+02 1.44823e-01
9.21436e+02 1.45279e-01
9.21852e+02 1.45729e-01
9.22268e+02 1.46172e-01
9.22684e+02 1.46620e-01
9.23100e+02 1.47074e-01
9.23516e+02 1.47530e-01
9.23932e+02 1.47998e-01
9.24348e+02 1.48474e-01
9.24764e+02 1.48962e-01
9.25179e+02 1.49470e-01
9.25595e+02 1.49983e-01
9.26011e+02 1.50504e-01
9.26427e+02 1.51039e-01
9.26842e+02 1.51602e-01
9.27258e+02 1.52201e-01
9.27673e+02 1.52824e-01
9.28089e+02 1.53468e-01
9.28504e+02 1.54144e-01
9.28920e+02 1.54870e-01
9.29335e+02 1.55635e-01
9.29750e+02 1.56428e-01
9.30166e+02 1.57274e-01
9.30581e+02 1.58170e-01
9.30996e+02 1.59135e-01
9.31411e+02 1.60208e-01
9.31827e+02 1.61378e-01
9.32242e+02 1.62641e-01
9.32657e+02 1.64020e-01
9.33072e+02 1.65508e-01
9.33487e+02 1.67114e-01
9.33902e+02 1.68827e-01
9.34317e+02 1.70642e-01
9.34732e+02 1.72565e-01
9.35147e+02 1.74570e-01
9.35561e+02 1.76660e-01
9.35976e+02 1.78833e-01
9.36391e+02 1.81101e-01
9.36806e+02 1.83444e-01
9.37220e+02 1.85810e-01
9.37635e+02 1.88215e-01
9.38049e+02 1.90633e-01
9.38464e+02 1.93012e-01
9.38879e+02 1.95356e-01
9.39293e+02 1.97640e-01
9.39707e+02 1.99850e-01
9.40122e+02 2.01993e-01
9.40536e+02 2.04027e-01
9.40951e+02 2.05943e-01
9.41365e+02 2.07734e-01
9.41779e+02 2.09386e-01
9.42193e+02 2.10854e-01
9.42607e+02 2.12164e-01
9.43022e+02 2.13281e-01
9.43436e+02 2.14244e-01
9.43850e+02 2.15021e-01
9.44264e+02 2.15633e-01
9.44678e+02 2.16110e-01
9.45092e+02 2.16445e-01
9.45506e+02 2.16639e-01
9.45919e+02 2.16712e-01
9.46333e+02 2.16666e-01
9.46747e+02 2.16527e-01
9.47161e+02 2.16309e-01
9.47574e+02 2.16028e-01
9.47988e+02 2.15683e-01
9.48402e+02 2.15287e-01
9.48815e+02 2.14864e-01
9.49229e+02 2.14405e-01
9.49642e+02 2.13916e-01
9.50056e+02 2.13406e-01
9.50469e+02 2.12824e-01
9.50883e+02 2.12221e-01
9.51296e+02 2.11604e-01
9.51709e+02 2.10948e-01
9.52123e+02 2.10251e-01
9.52536e+02 2.09526e-01
9.52949e+02 2.08783e-01
9.53362e+02 2.08040e-01
9.53775e+02 2.07331e-01
9.54188e+02 2.06609e-01
9.54601e+02 2.05889e-01
9.55014e+02 2.05185e-01
9.55427e+02 2.04497e-01
9.55840e+02 2.03824e-01
9.56253e+02 2.03181e-01
9.56666e+02 2.02556e-01
9.57079e+02 2.01966e-01
9.57492e+02 2.01402e-01
9.57904e+02 2.00890e-01
9.58317e+02 2.00450e-01
9.58730e+02 2.00095e-01
9.59142e+02 1.99791e-01
9.59555e+02 1.99535e-01
9.59967e+02 1.99335e-01
9.60380e+02 1.99188e-01
9.60792e+02 1.99070e-01
9.61205e+02 1.99015e-01
9.61617e+02 1.98991e-01
9.62029e+02 1.99027e-01
9.62442e+02 1.99119e-01
9.62854e+02 1.99246e-01
9.63266e+02 1.99407e-01
9.63678e+02 1.99608e-01
9.64091e+02 1.99862e-01
9.64503e+02 2.00128e-01
9.64915e+02 2.00412e-01
9.65327e+02 2.00723e-01
9.65739e+02 2.01075e-01
9.66151e+02 2.01428e-01
9.66563e+02 2.01790e-01
9.66974e+02 2.02160e-01
9.67386e+02 2.02537e-01
9.67798e+02 2.02931e-01
9.68210e+02 2.03342e-01
9.68622e+02 2.03758e-01
9.69033e+02 2.04189e-01
9.69445e+02 2.04624e-01
9.69856e+02 2.05057e-01
9.70268e+02 2.05509e-01
9.70679e+02 2.05972e-01
9.71091e+02 2.06452e-01
9.71502e+02 2.06919e-01
9.71914e+02 2.07392e-01
9.72325e+02 2.07871e-01
9.72736e+02 2.08333e-01
9.73148e+02 2.08810e-01
9.73559e+02 2.09325e-01
9.73970e+02 2.09829e-01
9.74381e+02 2.10325e-01
9.74792e+02 2.10823e-01
9.75203e+02 2.11320e-01
9.75614e+02 2.11854e-01
9.76025e+02 2.12405e-01
9.76436e+02 2.12957e-01
9.76847e+02 2.13514e-01
9.77258e+02 2.14076e-01
9.77669e+02 2.14654e-01
9.78080e+02 2.15237e-01
9.78491e+02 2.15833e-01
9.78901e+02 2.16430e-01
9.79312e+02 2.17046e-01
9.79723e+02 2.17693e-01
9.80133e+02 2.18377e-01
9.80544e+02 2.19114e-01
9.80954e+02 2.19893e-01
9.81365e+02 2.20662e-01
9.81775e+02 2.21456e-01
9.82186e+02 2.22259e-01
9.82596e+02 2.23081e-01
9.83006e+02 2.23907e-01
9.83417e+02 2.24767e-01
9.83827e+02 2.25623e-01
9.84237e+02 2.26508e-01
9.84647e+02 2.27411e-01
9.85057e+02 2.28321e-01
9.85467e+02 2.29252e-01
9.85877e+02 2.30212e-01
9.86287e+02 2.31195e-01
9.86697e+02 2.32193e-01
9.87107e+02 2.33211e-01
9.87517e+02 2.34252e-01
9.87927e+02 2.35309e-01
9.88337e+02 2.36358e-01
9.88746e+02 2.37429e-01
9.89156e+02 2.38521e-01
9.89566e+02 2.39687e-01
9.89976e+02 2.40890e-01
9.90385e+02 2.42109e-01
9.90795e+02 2.43365e-01
9.91204e+02 2.44660e-01
9.91614e+02 2.45986e-01
9.92023e+02 2.47358e-01
9.92432e+02 2.48760e-01
9.92842e+02 2.50194e-01
9.93251e+02 2.51624e-01
9.93660e+02 2.53064e-01
9.94070e+02 2.54538e-01
9.94479e+02 2.56037e-01
9.94888e+02 2.57542e-01
9.95297e+02 2.59066e-01
9.95706e+02 2.60643e-01
9.96115e+02 2.62208e-01
9.96524e+02 2.63784e-01
9.96933e+02 2.65378e-01
9.97342e+02 2.66962e-01
9.97751e+02 2.68599e-01
9.98160e+02 2.70212e-01
9.98569e+02 2.71845e-01
9.98977e+02 2.73498e-01
9.99386e+02 2.75163e-01
9.99795e+02 2.76846e-01
1.00020e+03 2.78568e-01
1.00061e+03 2.80314e-01
1.00102e+03 2.82114e-01
1.00143e+03 2.83989e-01
1.00184e+03 2.85927e-01
1.00225e+03 2.87898e-01
1.00265e+03 2.89919e-01
1.00306e+03 2.91983e-01
1.00347e+03 2.94075e-01
1.00388e+03 2.96211e-01
1.00429e+03 2.98379e-01
1.00470e+03 3.00585e-01
1.00510e+03 3.02830e-01
1.00551e+03 3.05079e-01
1.00592e+03 3.07353e-01
1.00633e+03 3.09663e-01
1.00674e+03 3.11977e-01
1.00714e+03 3.14274e-01
1.00755e+03 3.16596e-01
1.00796e+03 3.18914e-01
1.00837e+03 3.21227e-01
1.00877e+03 3.23562e-01
1.00918e+03 3.25876e-01
1.00959e+03 3.28190e-01
1.01000e+03 3.30514e-01
1.01041e+03 3.32839e-01
1.01081e+03 3.35187e-01
1.01122e+03 3.37566e-01
1.01163e+03 3.40006e-01
1.01204e+03 3.42482e-01
1.01244e+03 3.45016e-01
1.01285e+03 3.47633e-01
1.01326e+03 3.50333e-01
1.01366e+03 3.53117e-01
1.01407e+03 3.55989e-01
1.01448e+03 3.58944e-01
1.01489e+03 3.61993e-01
1.01529e+03 3.65079e-01
1.01570e+03 3.68278e-01
1.01611e+03 3.71569e-01
1.01651e+03 3.74915e-01
1.01692e+03 3.78286e-01
1.01733e+03 3.81749e-01
1.01774e+03 3.85241e-01
1.01814e+03 3.88710e-01
1.01855e+03 3.92179e-01
1.01896e+03 3.95616e-01
1.01936e+03 3.99034e-01
1.01977e+03 4.02473e-01
1.02018e+03 4.05828e-01
1.02058e+03 4.09169e-01
1.02099e+03 4.12488e-01
1.02140e+03 4.15760e-01
1.02180e+03 4.19025e-01
1.02221e+03 4.22358e-01
1.02261e+03 4.25703e-01
1.02302e+03 4.29103e-01
1.02343e+03 4.32595e-01
1.02383e+03 4.36160e-01
1.02424e+03 4.39801e-01
1.02465e+03 4.43570e-01
1.02505e+03 4.47455e-01
1.02546e+03 4.51513e-01
1.02586e+03 4.55726e-01
1.02627e+03 4.60087e-01
1.02668e+03 4.64636e-01
1.02708e+03 4.69339e-01
1.02749e+03 4.74219e-01
1.02789e+03 4.79294e-01
1.02830e+03 4.84535e-01
1.02871e+03 4.89900e-01
1.02911e+03 4.95388e-01
1.02952e+03 5.00995e-01
1.02992e+03 5.06642e-01
1.03033e+03 5.12315e-01
1.03073e+03 5.18070e-01
1.03114e+03 5.23798e-01
1.03154e+03 5.29525e-01
1.03195e+03 5.35282e-01
1.03236e+03 5.41028e-01
1.03276e+03 5.46689e-01
1.03317e+03 5.52234e-01
1.03357e+03 5.57752e-01
1.03398e+03 5.63237e-01
1.03438e+03 5.68711e-01
1.03479e+03 5.74220e-01
1.03519e+03 5.79806e-01
1.03560e+03 5.85479e-01
1.03600e+03 5.91261e-01
1.03641e+03 5.97183e-01
1.03681e+03 6.03161e-01
1.03722e+03 6.09265e-01
1.03762e+03 6.15646e-01
1.03803e+03 6.22271e-01
1.03843e+03 6.29112e-01
1.03884e+03 6.36176e-01
1.03924e+03 6.43508e-01
1.03964e+03 6.51002e-01
1.04005e+03 6.58778e-01
1.04045e+03 6.66807e-01
1.04086e+03 6.75010e-01
1.04126e+03 6.83462e-01
1.04167e+03 6.92052e-01
1.04207e+03 7.00805e-01
1.04248e+03 7.09624e-01
1.04288e+03 7.18562e-01
1.04328e+03 7.27638e-01
1.04369e+03 7.36876e-01
1.04409e+03 7.46252e-01
1.04450e+03 7.55589e-01
1.04490e+03 7.65019e-01
1.04530e+03 7.74595e-01
1.04571e+03 7.84142e-01
1.04611e+03 7.93615e-01
1.04652e+03 8.03116e-01
1.04692e+03 8.12573e-01
1.04732e+03 8.22221e-01
1.04773e+03 8.31889e-01
1.04813e+03 8.41712e-01
1.04854e+03 8.51682e-01
1.04894e+03 8.61813e-01
1.04934e+03 8.72221e-01
1.04975e+03 8.82954e-01
1.05015e+03 8.94208e-01
1.05055e+03 9.05910e-01
1.05096e+03 9.18141e-01
1.05136e+03 9.30999e-01
1.05176e+03 9.44333e-01
1.05217e+03 9.58390e-01
1.05257e+03 9.73155e-01
1.05297e+03 9.88743e-01
1.05338e+03 1.00512e+00
1.05378e+03 1.02235e+00
1.05418e+03 1.04046e+00
1.05459e+03 1.05935e+00
1.05499e+03 1.07915e+00
1.05539e+03 1.09996e+00
1.05579e+03 1.12172e+00
1.05620e+03 1.14471e+00
1.05660e+03 1.16902e+00
1.05700e+03 1.19436e+00
1.05741e+03 1.22092e+00
1.05781e+03 1.24853e+00
1.05821e+03 1.27729e+00
1.05861e+03 1.30703e+00
1.05902e+03 1.33838e+00
1.05942e+03 1.37112e+00
1.05982e+03 1.40533e+00
1.06022e+03 1.44078e+00
1.06063e+03 1.47787e+00
1.06103e+03 1.51647e+00
1.06143e+03 1.55684e+00
1.06183e+03 1.59893e+00
1.06224e+03 1.64248e+00
1.06264e+03 1.68753e+00
1.06304e+03 1.73436e+00
1.06344e+03 1.78262e+00
1.06384e+03 1.83291e+00
1.06425e+03 1.88464e+00
1.06465e+03 1.93869e+00
1.06505e+03 1.99518e+00
1.06545e+03 2.05421e+00
1.06585e+03 2.11544e+00
1.06626e+03 2.17912e+00
1.06666e+03 2.24592e+00
1.06706e+03 2.31522e+00
1.06746e+03 2.38699e+00
1.06786e+03 2.46150e+00
1.06826e+03 2.53956e+00
1.06867e+03 2.61982e+00
1.06907e+03 2.70407e+00
1.06947e+03 2.79096e+00
1.06987e+03 2.88154e+00
1.07027e+03 2.97435e+00
1.07067e+03 3.07104e+00
1.07107e+03 3.17136e+00
1.07148e+03 3.27640e+00
1.07188e+03 3.38538e+00
1.07228e+03 3.49861e+00
1.07268e+03 3.61721e+00
1.07308e+03 3.74101e+00
1.07348e+03 3.86963e+00
1.07388e+03 4.00383e+00
1.07428e+03 4.14471e+00
1.07468e+03 4.29310e+00
1.07508e+03 4.44773e+00
1.07549e+03 4.60974e+00
1.07589e+03 4.78122e+00
1.07629e+03 4.96070e+00
1.07669e+03 5.14915e+00
1.07709e+03 5.34538e+00
1.07749e+03 5.55048e+00
1.07789e+03 5.76901e+00
1.07829e+03 5.99552e+00
1.07869e+03 6.23095e+00
1.07909e+03 6.47992e+00
1.07949e+03 6.73929e+00
1.07989e+03 7.00942e+00
1.08029e+03 7.29202e+00
1.08069e+03 7.59032e+00
1.08109e+03 7.89987e+00
1.08149e+03 8.22329e+00
1.08189e+03 8.55969e+00
1.08229e+03 8.91306e+00
1.08269e+03 9.27492e+00
1.08309e+03 9.65584e+00
1.08349e+03 1.00447e+01
1.08389e+03 1.04445e+01
1.08429e+03 1.08621e+01
1.08469e+03 1.12905e+01
1.08509e+03 1.17285e+01
1.08549e+03 1.21835e+01
1.08589e+03 1.26373e+01
1.08629e+03 1.31006e+01
1.08669e+03 1.35731e+01
1.08709e+03 1.40588e+01
1.08749e+03 1.45324e+01
1.08789e+03 1.50047e+01
1.08829e+03 1.54733e+01
1.08869e+03 1.59360e+01
1.08909e+03 1.63902e+01
1.08949e+03 1.68340e+01
1.08989e+03 1.72651e+01
1.09029e+03 1.76817e+01
1.09068e+03 1.80821e+01
1.09108e+03 1.84653e+01
1.09148e+03 1.88302e+01
1.09188e+03 1.91765e+01
1.09228e+03 1.95044e+01
1.09268e+03 1.98144e+01
1.09308e+03 2.01079e+01
1.09348e+03 2.03864e+01
1.09388e+03 2.06524e+01
1.09428e+03 2.09084e+01
1.09467e+03 2.11579e+01
1.09507e+03 2.14048e+01
1.09547e+03 2.16534e+01
1.09587e+03 2.19088e+01
1.09627e+03 2.21765e+01
1.09667e+03 2.24630e+01
1.09707e+03 2.27755e+01
1.09746e+03 2.31220e+01
1.09786e+03 2.35121e+01
