2.82856e+02 -3.75614e-02
2.83651e+02 -3.97710e-02
2.84446e+02 -4.17397e-02
2.85241e+02 -4.34418e-02
2.86036e+02 -4.48506e-02
2.86831e+02 -4.59200e-02
2.87626e+02 -4.66506e-02
2.88421e+02 -4.70250e-02
2.89216e+02 -4.70172e-02
2.90010e+02 -4.65974e-02
2.90805e+02 -4.57724e-02
2.91599e+02 -4.45309e-02
2.92394e+02 -4.28325e-02
2.93188e+02 -4.06673e-02
2.93982e+02 -3.80355e-02
2.94777e+02 -3.49144e-02
2.95571e+02 -3.12518e-02
2.96365e+02 -2.70462e-02
2.97159e+02 -2.22807e-02
2.97953e+02 -1.69228e-02
2.98746e+02 -1.08915e-02
2.99540e+02 -4.18425e-03
3.00334e+02 3.23551e-03
3.01127e+02 1.14172e-02
3.01921e+02 2.04464e-02
3.02714e+02 3.02985e-02
3.03507e+02 4.10317e-02
3.04301e+02 5.27493e-02
3.05094e+02 6.55012e-02
3.05887e+02 7.94667e-02
3.06680e+02 9.42122e-02
3.07473e+02 1.10364e-01
3.08266e+02 1.27678e-01
3.09059e+02 1.46377e-01
3.09851e+02 1.67999e-01
3.10644e+02 1.90239e-01
3.11437e+02 2.14334e-01
3.12229e+02 2.38690e-01
3.13021e+02 2.62948e-01
3.13814e+02 2.87668e-01
3.14606e+02 3.17383e-01
3.15398e+02 3.49459e-01
3.16190e+02 3.82124e-01
3.16982e+02 4.11337e-01
3.17774e+02 4.47646e-01
3.18566e+02 4.82928e-01
3.19358e+02 5.21298e-01
3.20150e+02 5.54679e-01
3.20941e+02 5.97414e-01
3.21733e+02 6.40377e-01
3.22524e+02 6.79612e-01
3.23316e+02 7.06494e-01
3.24107e+02 7.38572e-01
3.24898e+02 7.76003e-01
3.25690e+02 8.10092e-01
3.26481e+02 8.56474e-01
3.27272e+02 8.83213e-01
3.28063e+02 9.15746e-01
3.28854e+02 9.54427e-01
3.29644e+02 9.72723e-01
3.30435e+02 1.00661e+00
3.31226e+02 1.04120e+00
3.32016e+02 1.07954e+00
3.32807e+02 1.12218e+00
3.33597e+02 1.15412e+00
3.34388e+02 1.18222e+00
3.35178e+02 1.23317e+00
3.35968e+02 1.27268e+00
3.36758e+02 1.32533e+00
3.37548e+02 1.37541e+00
3.38338e+02 1.41532e+00
3.39128e+02 1.46895e+00
3.39918e+02 1.51094e+00
3.40708e+02 1.55840e+00
3.41497e+02 1.58745e+00
3.42287e+02 1.61390e+00
3.43076e+02 1.65588e+00
3.43866e+02 1.68041e+00
3.44655e+02 1.70597e+00
3.45444e+02 1.72677e+00
3.46233e+02 1.74305e+00
3.47023e+02 1.78358e+00
3.47812e+02 1.82011e+00
3.48601e+02 1.85660e+00
3.49389e+02 1.89596e+00
3.50178e+02 1.91947e+00
3.50967e+02 1.94556e+00
3.51756e+02 1.96081e+00
3.52544e+02 1.98959e+00
3.53333e+02 2.00314e+00
3.54121e+02 2.00466e+00
3.54909e+02 1.99233e+00
3.55698e+02 2.00249e+00
3.56486e+02 2.02235e+00
3.57274e+02 2.03920e+00
3.58062e+02 2.03108e+00
3.58850e+02 2.03361e+00
3.59638e+02 2.04008e+00
3.60426e+02 2.03294e+00
3.61213e+02 2.00637e+00
3.62001e+02 1.99119e+00
3.62789e+02 1.95407e+00
3.63576e+02 1.94615e+00
3.64364e+02 1.92176e+00
3.65151e+02 1.87496e+00
3.65938e+02 1.83883e+00
3.66725e+02 1.80886e+00
3.67512e+02 1.78108e+00
3.68300e+02 1.73859e+00
3.69086e+02 1.70002e+00
3.69873e+02 1.65871e+00
3.70660e+02 1.62684e+00
3.71447e+02 1.59277e+00
3.72234e+02 1.55420e+00
3.73020e+02 1.52255e+00
3.73807e+02 1.49447e+00
3.74593e+02 1.46552e+00
3.75379e+02 1.43415e+00
3.76166e+02 1.40537e+00
3.76952e+02 1.37971e+00
3.77738e+02 1.35972e+00
3.78524e+02 1.33823e+00
3.79310e+02 1.31859e+00
3.80096e+02 1.29784e+00
3.80882e+02 1.27925e+00
3.81667e+02 1.26122e+00
3.82453e+02 1.24370e+00
3.83239e+02 1.22396e+00
3.84024e+02 1.20929e+00
3.84810e+02 1.19358e+00
3.85595e+02 1.17770e+00
3.86380e+02 1.15920e+00
3.87165e+02 1.14232e+00
3.87950e+02 1.12809e+00
3.88735e+02 1.11392e+00
3.89520e+02 1.09817e+00
3.90305e+02 1.08194e+00
3.91090e+02 1.06712e+00
3.91875e+02 1.05265e+00
3.92660e+02 1.03635e+00
3.93444e+02 1.02074e+00
3.94229e+02 1.00583e+00
3.95013e+02 9.92246e-01
3.95797e+02 9.78611e-01
3.96582e+02 9.64275e-01
3.97366e+02 9.49488e-01
3.98150e+02 9.37893e-01
3.98934e+02 9.26393e-01
3.99718e+02 9.14949e-01
4.00502e+02 9.04310e-01
4.01286e+02 8.92748e-01
4.02069e+02 8.81780e-01
4.02853e+02 8.70657e-01
4.03637e+02 8.59506e-01
4.04420e+02 8.49875e-01
4.05203e+02 8.40143e-01
4.05987e+02 8.30881e-01
4.06770e+02 8.21831e-01
4.07553e+02 8.13027e-01
4.08336e+02 8.05328e-01
4.09119e+02 7.97393e-01
4.09902e+02 7.89541e-01
4.10685e+02 7.82188e-01
4.11468e+02 7.75614e-01
4.12251e+02 7.69193e-01
4.13033e+02 7.62647e-01
4.13816e+02 7.55646e-01
4.14599e+02 7.49439e-01
4.15381e+02 7.43252e-01
4.16163e+02 7.36769e-01
4.16946e+02 7.31336e-01
4.17728e+02 7.25616e-01
4.18510e+02 7.20490e-01
4.19292e+02 7.14638e-01
4.20074e+02 7.09740e-01
4.20856e+02 7.04557e-01
4.21638e+02 6.99217e-01
4.22419e+02 6.94614e-01
4.23201e+02 6.89434e-01
4.23983e+02 6.84658e-01
4.24764e+02 6.79991e-01
4.25545e+02 6.75640e-01
4.26327e+02 6.71589e-01
4.27108e+02 6.66849e-01
4.27889e+02 6.61732e-01
4.28670e+02 6.57111e-01
4.29451e+02 6.53145e-01
4.30232e+02 6.48364e-01
4.31013e+02 6.43915e-01
4.31794e+02 6.38932e-01
4.32575e+02 6.34111e-01
4.33355e+02 6.29909e-01
4.34136e+02 6.25216e-01
4.34916e+02 6.20662e-01
4.35697e+02 6.15937e-01
4.36477e+02 6.11643e-01
4.37257e+02 6.07220e-01
4.38038e+02 6.02875e-01
4.38818e+02 5.98778e-01
4.39598e+02 5.94836e-01
4.40378e+02 5.91144e-01
4.41158e+02 5.87762e-01
4.41937e+02 5.84511e-01
4.42717e+02 5.80940e-01
4.43497e+02 5.77702e-01
4.44276e+02 5.74563e-01
4.45056e+02 5.71425e-01
4.45835e+02 5.68271e-01
4.46615e+02 5.65202e-01
4.47394e+02 5.62325e-01
4.48173e+02 5.59722e-01
4.48952e+02 5.57133e-01
4.49731e+02 5.54478e-01
4.50510e+02 5.52006e-01
4.51289e+02 5.49474e-01
4.52068e+02 5.47139e-01
4.52847e+02 5.44892e-01
4.53625e+02 5.42570e-01
4.54404e+02 5.40194e-01
4.55182e+02 5.37878e-01
4.55961e+02 5.35277e-01
4.56739e+02 5.32729e-01
4.57517e+02 5.30189e-01
4.58296e+02 5.27552e-01
4.59074e+02 5.25220e-01
4.59852e+02 5.22591e-01
4.60630e+02 5.19995e-01
4.61407e+02 5.17223e-01
4.62185e+02 5.14738e-01
4.62963e+02 5.11935e-01
4.63741e+02 5.09306e-01
4.64518e+02 5.06677e-01
4.65296e+02 5.03979e-01
4.66073e+02 5.01583e-01
4.66850e+02 4.99074e-01
4.67628e+02 4.96661e-01
4.68405e+02 4.93872e-01
4.69182e+02 4.91152e-01
4.69959e+02 4.88592e-01
4.70736e+02 4.86179e-01
4.71513e+02 4.83892e-01
4.72290e+02 4.81204e-01
4.73066e+02 4.78768e-01
4.73843e+02 4.76258e-01
4.74620e+02 4.73862e-01
4.75396e+02 4.71398e-01
4.76172e+02 4.69059e-01
4.76949e+02 4.66680e-01
4.77725e+02 4.64147e-01
4.78501e+02 4.61726e-01
4.79277e+02 4.59297e-01
4.80053e+02 4.56913e-01
4.80829e+02 4.54604e-01
4.81605e+02 4.52349e-01
4.82381e+02 4.49960e-01
4.83157e+02 4.47713e-01
4.83932e+02 4.45494e-01
4.84708e+02 4.43296e-01
4.85483e+02 4.41190e-01
4.86259e+02 4.39070e-01
4.87034e+02 4.37083e-01
4.87809e+02 4.35199e-01
4.88584e+02 4.33237e-01
4.89360e+02 4.31390e-01
4.90135e+02 4.29592e-01
4.90910e+02 4.27819e-01
4.91684e+02 4.26148e-01
4.92459e+02 4.24549e-01
4.93234e+02 4.22890e-01
4.94009e+02 4.21325e-01
4.94783e+02 4.19634e-01
4.95558e+02 4.18041e-01
4.96332e+02 4.16507e-01
4.97106e+02 4.14783e-01
4.97881e+02 4.13130e-01
4.98655e+02 4.11463e-01
4.99429e+02 4.09767e-01
5.00203e+02 4.07946e-01
5.00977e+02 4.06192e-01
5.01751e+02 4.04265e-01
5.02524e+02 4.02456e-01
5.03298e+02 4.00572e-01
5.04072e+02 3.98645e-01
5.04845e+02 3.96669e-01
5.05619e+02 3.94844e-01
5.06392e+02 3.92794e-01
5.07165e+02 3.90901e-01
5.07939e+02 3.88941e-01
5.08712e+02 3.86967e-01
5.09485e+02 3.85001e-01
5.10258e+02 3.82983e-01
5.11031e+02 3.81124e-01
5.11804e+02 3.79317e-01
5.12577e+02 3.77475e-01
5.13349e+02 3.75752e-01
5.14122e+02 3.73932e-01
5.14894e+02 3.72379e-01
5.15667e+02 3.70935e-01
5.16439e+02 3.69494e-01
5.17212e+02 3.68183e-01
5.17984e+02 3.66898e-01
5.18756e+02 3.65618e-01
5.19528e+02 3.64377e-01
5.20300e+02 3.63270e-01
5.21072e+02 3.62202e-01
5.21844e+02 3.61215e-01
5.22616e+02 3.60258e-01
5.23387e+02 3.59325e-01
5.24159e+02 3.58486e-01
5.24931e+02 3.57688e-01
5.25702e+02 3.56940e-01
5.26473e+02 3.56172e-01
5.27245e+02 3.55428e-01
5.28016e+02 3.54792e-01
5.28787e+02 3.54089e-01
5.29558e+02 3.53398e-01
5.30329e+02 3.52627e-01
5.31100e+02 3.51939e-01
5.31871e+02 3.51316e-01
5.32642e+02 3.50672e-01
5.33412e+02 3.50046e-01
5.34183e+02 3.49365e-01
5.34954e+02 3.48650e-01
5.35724e+02 3.48017e-01
5.36494e+02 3.47338e-01
5.37265e+02 3.46741e-01
5.38035e+02 3.46109e-01
5.38805e+02 3.45450e-01
5.39575e+02 3.44825e-01
5.40345e+02 3.44166e-01
5.41115e+02 3.43486e-01
5.41885e+02 3.42770e-01
5.42655e+02 3.42103e-01
5.43424e+02 3.41376e-01
5.44194e+02 3.40733e-01
5.44964e+02 3.40089e-01
5.45733e+02 3.39373e-01
5.46502e+02 3.38716e-01
5.47272e+02 3.38054e-01
5.48041e+02 3.37403e-01
5.48810e+02 3.36841e-01
5.49579e+02 3.36207e-01
5.50348e+02 3.35649e-01
5.51117e+02 3.35063e-01
5.51886e+02 3.34463e-01
5.52655e+02 3.33869e-01
5.53423e+02 3.33264e-01
5.54192e+02 3.32705e-01
5.54960e+02 3.32200e-01
5.55729e+02 3.31711e-01
5.56497e+02 3.31271e-01
5.57266e+02 3.30795e-01
5.58034e+02 3.30261e-01
5.58802e+02 3.29819e-01
5.59570e+02 3.29332e-01
5.60338e+02 3.28865e-01
5.61106e+02 3.28447e-01
5.61874e+02 3.28040e-01
5.62641e+02 3.27588e-01
5.63409e+02 3.27183e-01
5.64177e+02 3.26804e-01
5.64944e+02 3.26419e-01
5.65712e+02 3.26098e-01
5.66479e+02 3.25714e-01
5.67246e+02 3.25283e-01
5.68014e+02 3.24869e-01
5.68781e+02 3.24523e-01
5.69548e+02 3.24176e-01
5.70315e+02 3.23770e-01
5.71082e+02 3.23426e-01
5.71848e+02 3.23060e-01
5.72615e+02 3.22724e-01
5.73382e+02 3.22387e-01
5.74148e+02 3.22101e-01
5.74915e+02 3.21782e-01
5.75681e+02 3.21384e-01
5.76448e+02 3.21065e-01
5.77214e+02 3.20784e-01
5.77980e+02 3.20486e-01
5.78746e+02 3.20204e-01
5.79512e+02 3.19952e-01
5.80278e+02 3.19682e-01
5.81044e+02 3.19459e-01
5.81810e+02 3.19227e-01
5.82576e+02 3.19005e-01
5.83341e+02 3.18828e-01
5.84107e+02 3.18675e-01
5.84873e+02 3.18562e-01
5.85638e+02 3.18494e-01
5.86403e+02 3.18464e-01
5.87169e+02 3.18442e-01
5.87934e+02 3.18533e-01
5.88699e+02 3.18636e-01
5.89464e+02 3.18815e-01
5.90229e+02 3.18977e-01
5.90994e+02 3.19157e-01
5.91759e+02 3.19422e-01
5.92523e+02 3.19603e-01
5.93288e+02 3.19772e-01
5.94053e+02 3.19977e-01
5.94817e+02 3.20215e-01
5.95582e+02 3.20445e-01
5.96346e+02 3.20631e-01
5.97110e+02 3.20799e-01
5.97874e+02 3.20901e-01
5.98638e+02 3.21002e-01
5.99403e+02 3.21088e-01
6.00166e+02 3.21140e-01
6.00930e+02 3.21126e-01
6.01694e+02 3.21060e-01
6.02458e+02 3.20926e-01
6.03222e+02 3.20734e-01
6.03985e+02 3.20483e-01
6.04749e+02 3.20225e-01
6.05512e+02 3.19923e-01
6.06275e+02 3.19571e-01
6.07039e+02 3.19164e-01
6.07802e+02 3.18770e-01
6.08565e+02 3.18330e-01
6.09328e+02 3.18006e-01
6.10091e+02 3.17706e-01
6.10854e+02 3.17405e-01
6.11617e+02 3.17175e-01
6.12379e+02 3.17028e-01
6.13142e+02 3.16903e-01
6.13904e+02 3.16798e-01
6.14667e+02 3.16733e-01
6.15429e+02 3.16741e-01
6.16192e+02 3.16698e-01
6.16954e+02 3.16694e-01
6.17716e+02 3.16782e-01
6.18478e+02 3.16820e-01
6.19240e+02 3.16847e-01
6.20002e+02 3.16911e-01
6.20764e+02 3.16946e-01
6.21526e+02 3.16913e-01
6.22287e+02 3.16924e-01
6.23049e+02 3.16849e-01
6.23811e+02 3.16775e-01
6.24572e+02 3.16674e-01
6.25334e+02 3.16559e-01
6.26095e+02 3.16420e-01
6.26856e+02 3.16231e-01
6.27617e+02 3.16072e-01
6.28378e+02 3.15892e-01
6.29139e+02 3.15724e-01
6.29900e+02 3.15506e-01
6.30661e+02 3.15272e-01
6.31422e+02 3.15040e-01
6.32183e+02 3.14787e-01
6.32943e+02 3.14551e-01
6.33704e+02 3.14323e-01
6.34464e+02 3.14121e-01
6.35225e+02 3.13957e-01
6.35985e+02 3.13829e-01
6.36745e+02 3.13725e-01
6.37505e+02 3.13675e-01
6.38265e+02 3.13706e-01
6.39025e+02 3.13790e-01
6.39785e+02 3.13922e-01
6.40545e+02 3.14058e-01
6.41305e+02 3.14239e-01
6.42065e+02 3.14465e-01
6.42824e+02 3.14692e-01
6.43584e+02 3.14896e-01
6.44343e+02 3.15139e-01
6.45103e+02 3.15374e-01
6.45862e+02 3.15634e-01
6.46621e+02 3.15885e-01
6.47380e+02 3.16129e-01
6.48139e+02 3.16318e-01
6.48898e+02 3.16562e-01
6.49657e+02 3.16730e-01
6.50416e+02 3.16974e-01
6.51175e+02 3.17185e-01
6.51934e+02 3.17405e-01
6.52692e+02 3.17659e-01
6.53451e+02 3.17921e-01
6.54209e+02 3.18139e-01
6.54968e+02 3.18358e-01
6.55726e+02 3.18605e-01
6.56484e+02 3.18840e-01
6.57242e+02 3.19058e-01
6.58000e+02 3.19326e-01
6.58758e+02 3.19559e-01
6.59516e+02 3.19798e-01
6.60274e+02 3.20034e-01
6.61032e+02 3.20305e-01
6.61789e+02 3.20515e-01
6.62547e+02 3.20738e-01
6.63304e+02 3.20988e-01
6.64062e+02 3.21203e-01
6.64819e+02 3.21430e-01
6.65577e+02 3.21686e-01
6.66334e+02 3.21951e-01
6.67091e+02 3.22249e-01
6.67848e+02 3.22531e-01
6.68605e+02 3.22844e-01
6.69362e+02 3.23163e-01
6.70119e+02 3.23539e-01
6.70875e+02 3.23889e-01
6.71632e+02 3.24180e-01
6.72389e+02 3.24544e-01
6.73145e+02 3.24885e-01
6.73902e+02 3.25268e-01
6.74658e+02 3.25651e-01
6.75414e+02 3.26040e-01
6.76170e+02 3.26467e-01
6.76926e+02 3.26893e-01
6.77683e+02 3.27305e-01
6.78438e+02 3.27744e-01
6.79194e+02 3.28226e-01
6.79950e+02 3.28734e-01
6.80706e+02 3.29176e-01
6.81462e+02 3.29618e-01
6.82217e+02 3.30147e-01
6.82973e+02 3.30606e-01
6.83728e+02 3.31036e-01
6.84483e+02 3.31480e-01
6.85239e+02 3.31989e-01
6.85994e+02 3.32500e-01
6.86749e+02 3.33001e-01
6.87504e+02 3.33460e-01
6.88259e+02 3.33925e-01
6.89014e+02 3.34372e-01
6.89769e+02 3.34810e-01
6.90523e+02 3.35187e-01
6.91278e+02 3.35602e-01
6.92032e+02 3.36024e-01
6.92787e+02 3.36478e-01
6.93541e+02 3.36891e-01
6.94296e+02 3.37301e-01
6.95050e+02 3.37704e-01
6.95804e+02 3.38118e-01
6.96558e+02 3.38530e-01
6.97312e+02 3.38887e-01
6.98066e+02 3.39313e-01
6.98820e+02 3.39731e-01
6.99574e+02 3.40114e-01
7.00328e+02 3.40502e-01
7.01081e+02 3.40822e-01
7.01835e+02 3.41168e-01
7.02588e+02 3.41437e-01
7.03342e+02 3.41705e-01
7.04095e+02 3.41964e-01
7.04848e+02 3.42201e-01
7.05601e+02 3.42508e-01
7.06354e+02 3.42794e-01
7.07107e+02 3.43082e-01
7.07860e+02 3.43451e-01
7.08613e+02 3.43834e-01
7.09366e+02 3.44298e-01
7.10119e+02 3.44823e-01
7.10871e+02 3.45350e-01
7.11624e+02 3.45858e-01
7.12376e+02 3.46421e-01
7.13129e+02 3.47047e-01
7.13881e+02 3.47656e-01
7.14633e+02 3.48234e-01
7.15385e+02 3.48876e-01
7.16137e+02 3.49560e-01
7.16889e+02 3.50193e-01
7.17641e+02 3.50771e-01
7.18393e+02 3.51288e-01
7.19145e+02 3.51813e-01
7.19897e+02 3.52367e-01
7.20648e+02 3.52840e-01
7.21400e+02 3.53171e-01
7.22151e+02 3.53475e-01
7.22903e+02 3.53735e-01
7.23654e+02 3.53903e-01
7.24405e+02 3.53993e-01
7.25156e+02 3.54022e-01
7.25907e+02 3.54029e-01
7.26658e+02 3.54018e-01
7.27409e+02 3.53988e-01
7.28160e+02 3.53956e-01
7.28911e+02 3.53891e-01
7.29661e+02 3.53784e-01
7.30412e+02 3.53664e-01
7.31162e+02 3.53600e-01
7.31913e+02 3.53583e-01
7.32663e+02 3.53532e-01
7.33414e+02 3.53478e-01
7.34164e+02 3.53427e-01
7.34914e+02 3.53453e-01
7.35664e+02 3.53532e-01
7.36414e+02 3.53591e-01
7.37164e+02 3.53672e-01
7.37914e+02 3.53824e-01
7.38663e+02 3.54033e-01
7.39413e+02 3.54209e-01
7.40163e+02 3.54326e-01
7.40912e+02 3.54389e-01
7.41661e+02 3.54449e-01
7.42411e+02 3.54517e-01
7.43160e+02 3.54473e-01
7.43909e+02 3.54363e-01
7.44658e+02 3.54166e-01
7.45407e+02 3.53940e-01
7.46156e+02 3.53733e-01
7.46905e+02 3.53430e-01
7.47654e+02 3.53110e-01
7.48403e+02 3.52729e-01
7.49151e+02 3.52313e-01
7.49900e+02 3.51911e-01
7.50648e+02 3.51476e-01
7.51397e+02 3.50999e-01
7.52145e+02 3.50491e-01
7.52893e+02 3.49999e-01
7.53642e+02 3.49548e-01
7.54390e+02 3.49152e-01
7.55138e+02 3.48753e-01
7.55886e+02 3.48410e-01
7.56634e+02 3.48026e-01
7.57381e+02 3.47683e-01
7.58129e+02 3.47445e-01
7.58877e+02 3.47214e-01
7.59624e+02 3.47028e-01
7.60372e+02 3.46892e-01
7.61119e+02 3.46732e-01
7.61866e+02 3.46635e-01
7.62614e+02 3.46609e-01
7.63361e+02 3.46622e-01
7.64108e+02 3.46561e-01
7.64855e+02 3.46484e-01
7.65602e+02 3.46445e-01
7.66349e+02 3.46545e-01
7.67095e+02 3.46713e-01
7.67842e+02 3.46917e-01
7.68589e+02 3.47063e-01
7.69335e+02 3.47210e-01
7.70082e+02 3.47408e-01
7.70828e+02 3.47746e-01
7.71574e+02 3.48148e-01
7.72321e+02 3.48527e-01
7.73067e+02 3.48846e-01
7.73813e+02 3.49232e-01
7.74559e+02 3.49660e-01
7.75305e+02 3.50174e-01
7.76051e+02 3.50741e-01
7.76796e+02 3.51300e-01
7.77542e+02 3.51904e-01
7.78288e+02 3.52514e-01
7.79033e+02 3.53106e-01
7.79779e+02 3.53800e-01
7.80524e+02 3.54531e-01
7.81269e+02 3.55294e-01
7.82015e+02 3.56039e-01
7.82760e+02 3.56722e-01
7.83505e+02 3.57431e-01
7.84250e+02 3.58239e-01
7.84995e+02 3.59108e-01
7.85739e+02 3.59983e-01
7.86484e+02 3.60853e-01
7.87229e+02 3.61618e-01
7.87973e+02 3.62358e-01
7.88718e+02 3.63150e-01
7.89462e+02 3.64042e-01
7.90207e+02 3.64962e-01
7.90951e+02 3.65791e-01
7.91695e+02 3.66523e-01
7.92439e+02 3.67258e-01
7.93183e+02 3.68150e-01
7.93927e+02 3.69138e-01
7.94671e+02 3.70061e-01
7.95415e+02 3.70827e-01
7.96159e+02 3.71574e-01
7.96902e+02 3.72332e-01
7.97646e+02 3.73247e-01
7.98389e+02 3.74236e-01
7.99133e+02 3.75173e-01
7.99876e+02 3.76006e-01
8.00619e+02 3.76809e-01
8.01363e+02 3.77642e-01
8.02106e+02 3.78594e-01
8.02849e+02 3.79616e-01
8.03592e+02 3.80622e-01
8.04335e+02 3.81456e-01
8.05077e+02 3.82296e-01
8.05820e+02 3.83126e-01
8.06563e+02 3.84009e-01
8.07305e+02 3.84970e-01
8.08048e+02 3.85971e-01
8.08790e+02 3.86871e-01
8.09533e+02 3.87736e-01
8.10275e+02 3.88516e-01
8.11017e+02 3.89368e-01
8.11759e+02 3.90254e-01
8.12501e+02 3.91196e-01
8.13243e+02 3.92106e-01
8.13985e+02 3.92946e-01
8.14727e+02 3.93688e-01
8.15468e+02 3.94445e-01
8.16210e+02 3.95222e-01
8.16951e+02 3.96043e-01
8.17693e+02 3.96885e-01
8.18434e+02 3.97683e-01
8.19176e+02 3.98442e-01
8.19917e+02 3.99141e-01
8.20658e+02 3.99762e-01
8.21399e+02 4.00430e-01
8.22140e+02 4.01203e-01
8.22881e+02 4.02004e-01
8.23622e+02 4.02870e-01
8.24363e+02 4.03672e-01
8.25103e+02 4.04327e-01
8.25844e+02 4.04913e-01
8.26584e+02 4.05619e-01
8.27325e+02 4.06400e-01
8.28065e+02 4.07308e-01
8.28805e+02 4.08197e-01
8.29546e+02 4.08908e-01
8.30286e+02 4.09456e-01
8.31026e+02 4.09964e-01
8.31766e+02 4.10615e-01
8.32506e+02 4.11516e-01
8.33246e+02 4.12480e-01
8.33985e+02 4.13225e-01
8.34725e+02 4.13697e-01
8.35465e+02 4.14060e-01
8.36204e+02 4.14574e-01
8.36944e+02 4.15295e-01
8.37683e+02 4.16232e-01
8.38422e+02 4.17140e-01
8.39161e+02 4.17890e-01
8.39900e+02 4.18372e-01
8.40639e+02 4.18831e-01
8.41378e+02 4.19408e-01
8.42117e+02 4.20236e-01
8.42856e+02 4.21215e-01
8.43595e+02 4.22126e-01
8.44334e+02 4.22830e-01
8.45072e+02 4.23415e-01
8.45811e+02 4.24005e-01
8.46549e+02 4.24651e-01
8.47287e+02 4.25531e-01
8.48026e+02 4.26517e-01
8.48764e+02 4.27436e-01
8.49502e+02 4.28206e-01
8.50240e+02 4.28849e-01
8.50978e+02 4.29551e-01
8.51716e+02 4.30309e-01
8.52453e+02 4.31210e-01
8.53191e+02 4.32115e-01
8.53929e+02 4.33013e-01
8.54666e+02 4.33888e-01
8.55404e+02 4.34693e-01
8.56141e+02 4.35491e-01
8.56879e+02 4.36293e-01
8.57616e+02 4.37020e-01
8.58353e+02 4.37786e-01
8.59090e+02 4.38632e-01
8.59827e+02 4.39551e-01
8.60564e+02 4.40586e-01
8.61301e+02 4.41663e-01
8.62038e+02 4.42719e-01
8.62774e+02 4.43698e-01
8.63511e+02 4.44709e-01
8.64247e+02 4.45918e-01
8.64984e+02 4.47377e-01
8.65720e+02 4.49091e-01
8.66457e+02 4.50877e-01
8.67193e+02 4.52541e-01
8.67929e+02 4.54082e-01
8.68665e+02 4.55544e-01
8.69401e+02 4.57090e-01
8.70137e+02 4.58889e-01
8.70873e+02 4.60873e-01
8.71608e+02 4.62979e-01
8.72344e+02 4.64906e-01
8.73080e+02 4.66472e-01
8.73815e+02 4.67723e-01
8.74551e+02 4.68979e-01
8.75286e+02 4.70413e-01
8.76021e+02 4.72049e-01
8.76757e+02 4.73818e-01
8.77492e+02 4.75437e-01
8.78227e+02 4.76645e-01
8.78962e+02 4.77476e-01
8.79697e+02 4.78131e-01
8.80431e+02 4.78842e-01
8.81166e+02 4.79770e-01
8.81901e+02 4.80933e-01
8.82635e+02 4.82098e-01
8.83370e+02 4.83031e-01
8.84104e+02 4.83696e-01
8.84839e+02 4.84134e-01
8.85573e+02 4.84672e-01
8.86307e+02 4.85351e-01
8.87041e+02 4.86285e-01
8.87775e+02 4.87424e-01
8.88509e+02 4.88554e-01
8.89243e+02 4.89566e-01
8.89977e+02 4.90450e-01
8.90711e+02 4.91381e-01
8.91444e+02 4.92471e-01
8.92178e+02 4.93911e-01
8.92911e+02 4.95504e-01
8.93645e+02 4.97177e-01
8.94378e+02 4.98816e-01
8.95111e+02 5.00329e-01
8.95844e+02 5.01773e-01
8.96577e+02 5.03237e-01
8.97310e+02 5.04820e-01
8.98043e+02 5.06554e-01
8.98776e+02 5.08309e-01
8.99509e+02 5.09989e-01
9.00242e+02 5.11571e-01
9.00974e+02 5.13061e-01
9.01707e+02 5.14568e-01
9.02439e+02 5.16112e-01
9.03172e+02 5.17713e-01
9.03904e+02 5.19399e-01
9.04636e+02 5.21039e-01
9.05368e+02 5.22623e-01
9.06100e+02 5.24023e-01
9.06832e+02 5.25493e-01
9.07564e+02 5.27108e-01
9.08296e+02 5.28864e-01
9.09028e+02 5.30716e-01
9.09760e+02 5.32589e-01
9.10491e+02 5.34415e-01
9.11223e+02 5.36192e-01
9.11954e+02 5.37914e-01
9.12686e+02 5.39769e-01
9.13417e+02 5.41928e-01
9.14148e+02 5.44482e-01
9.14879e+02 5.47178e-01
9.15610e+02 5.50029e-01
9.16341e+02 5.52954e-01
9.17072e+02 5.55731e-01
9.17803e+02 5.58338e-01
9.18534e+02 5.60969e-01
9.19264e+02 5.63798e-01
9.19995e+02 5.66694e-01
9.20725e+02 5.69718e-01
9.21456e+02 5.72776e-01
9.22186e+02 5.75826e-01
9.22916e+02 5.78970e-01
9.23647e+02 5.82364e-01
9.24377e+02 5.86240e-01
9.25107e+02 5.90951e-01
9.25837e+02 5.96500e-01
9.26567e+02 6.03161e-01
9.27296e+02 6.10989e-01
9.28026e+02 6.19843e-01
9.28756e+02 6.29741e-01
9.29485e+02 6.40667e-01
9.30215e+02 6.52853e-01
9.30944e+02 6.66455e-01
9.31673e+02 6.81486e-01
9.32403e+02 6.97952e-01
9.33132e+02 7.15790e-01
9.33861e+02 7.34776e-01
9.34590e+02 7.54506e-01
9.35319e+02 7.74767e-01
9.36048e+02 7.95588e-01
9.36777e+02 8.16853e-01
9.37505e+02 8.38260e-01
9.38234e+02 8.59537e-01
9.38962e+02 8.80290e-01
9.39691e+02 9.00154e-01
9.40419e+02 9.18100e-01
9.41148e+02 9.33808e-01
9.41876e+02 9.46774e-01
9.42604e+02 9.56909e-01
9.43332e+02 9.63995e-01
9.44060e+02 9.68017e-01
9.44788e+02 9.68867e-01
9.45516e+02 9.66388e-01
9.46243e+02 9.60828e-01
9.46971e+02 9.52378e-01
9.47699e+02 9.41178e-01
9.48426e+02 9.27852e-01
9.49154e+02 9.13176e-01
9.49881e+02 8.97910e-01
9.50608e+02 8.82413e-01
9.51336e+02 8.67342e-01
9.52063e+02 8.53044e-01
9.52790e+02 8.39854e-01
9.53517e+02 8.27869e-01
9.54244e+02 8.17069e-01
9.54970e+02 8.07835e-01
9.55697e+02 8.00120e-01
9.56424e+02 7.93557e-01
9.57150e+02 7.88402e-01
9.57877e+02 7.84450e-01
9.58603e+02 7.81369e-01
9.59330e+02 7.78932e-01
9.60056e+02 7.76951e-01
9.60782e+02 7.75432e-01
9.61508e+02 7.74359e-01
9.62234e+02 7.73682e-01
9.62960e+02 7.73339e-01
9.63686e+02 7.73471e-01
9.64412e+02 7.74072e-01
9.65137e+02 7.75071e-01
9.65863e+02 7.76525e-01
9.66589e+02 7.77969e-01
9.67314e+02 7.79653e-01
9.68040e+02 7.81554e-01
9.68765e+02 7.83506e-01
9.69490e+02 7.85630e-01
9.70215e+02 7.87959e-01
9.70940e+02 7.90586e-01
9.71665e+02 7.93686e-01
9.72390e+02 7.97166e-01
9.73115e+02 8.00877e-01
9.73840e+02 8.04781e-01
9.74565e+02 8.08996e-01
9.75289e+02 8.13447e-01
9.76014e+02 8.18229e-01
9.76738e+02 8.23331e-01
9.77463e+02 8.28634e-01
9.78187e+02 8.34354e-01
9.78911e+02 8.40675e-01
9.79635e+02 8.47375e-01
9.80359e+02 8.54463e-01
9.81083e+02 8.61777e-01
9.81807e+02 8.69241e-01
9.82531e+02 8.76803e-01
9.83255e+02 8.84522e-01
9.83978e+02 8.92210e-01
9.84702e+02 8.99942e-01
9.85425e+02 9.07736e-01
9.86149e+02 9.15760e-01
9.86872e+02 9.23799e-01
9.87596e+02 9.31840e-01
9.88319e+02 9.39743e-01
9.89042e+02 9.47343e-01
9.89765e+02 9.54453e-01
9.90488e+02 9.61176e-01
9.91211e+02 9.67403e-01
9.91934e+02 9.73202e-01
9.92656e+02 9.78693e-01
9.93379e+02 9.83856e-01
9.94101e+02 9.89013e-01
9.94824e+02 9.94112e-01
9.95546e+02 9.99039e-01
9.96269e+02 1.00397e+00
9.96991e+02 1.00849e+00
9.97713e+02 1.01255e+00
9.98435e+02 1.01649e+00
9.99157e+02 1.02031e+00
9.99879e+02 1.02435e+00
1.00060e+03 1.02868e+00
1.00132e+03 1.03358e+00
1.00204e+03 1.03921e+00
1.00277e+03 1.04578e+00
1.00349e+03 1.05310e+00
1.00421e+03 1.06081e+00
1.00493e+03 1.06884e+00
1.00565e+03 1.07701e+00
1.00637e+03 1.08573e+00
1.00709e+03 1.09481e+00
1.00782e+03 1.10438e+00
1.00854e+03 1.11473e+00
1.00926e+03 1.12619e+00
1.00998e+03 1.13879e+00
1.01070e+03 1.15219e+00
1.01142e+03 1.16604e+00
1.01214e+03 1.18020e+00
1.01286e+03 1.19451e+00
1.01358e+03 1.20917e+00
1.01430e+03 1.22393e+00
1.01502e+03 1.23924e+00
1.01574e+03 1.25514e+00
1.01646e+03 1.27177e+00
1.01718e+03 1.28971e+00
1.01790e+03 1.30862e+00
1.01862e+03 1.32816e+00
1.01934e+03 1.34753e+00
1.02006e+03 1.36710e+00
1.02078e+03 1.38633e+00
1.02150e+03 1.40596e+00
1.02222e+03 1.42618e+00
1.02294e+03 1.44690e+00
1.02366e+03 1.46880e+00
1.02438e+03 1.49216e+00
1.02510e+03 1.51663e+00
1.02582e+03 1.54210e+00
1.02654e+03 1.56776e+00
1.02725e+03 1.59349e+00
1.02797e+03 1.61926e+00
1.02869e+03 1.64533e+00
1.02941e+03 1.67211e+00
1.03013e+03 1.70013e+00
1.03085e+03 1.72909e+00
1.03157e+03 1.75955e+00
1.03229e+03 1.79115e+00
1.03300e+03 1.82423e+00
1.03372e+03 1.85813e+00
1.03444e+03 1.89267e+00
1.03516e+03 1.92782e+00
1.03588e+03 1.96377e+00
1.03659e+03 2.00022e+00
1.03731e+03 2.03732e+00
1.03803e+03 2.07563e+00
1.03875e+03 2.11564e+00
1.03946e+03 2.15854e+00
1.04018e+03 2.20502e+00
1.04090e+03 2.25397e+00
1.04162e+03 2.30535e+00
1.04233e+03 2.35754e+00
1.04305e+03 2.41035e+00
1.04377e+03 2.46504e+00
1.04448e+03 2.52273e+00
1.04520e+03 2.58290e+00
1.04592e+03 2.64568e+00
1.04664e+03 2.71122e+00
1.04735e+03 2.77964e+00
1.04807e+03 2.85107e+00
1.04879e+03 2.92563e+00
1.04950e+03 3.00344e+00
1.05022e+03 3.08462e+00
1.05093e+03 3.16925e+00
1.05165e+03 3.25744e+00
1.05237e+03 3.34925e+00
1.05308e+03 3.44471e+00
1.05380e+03 3.54383e+00
1.05452e+03 3.64659e+00
1.05523e+03 3.75288e+00
1.05595e+03 3.86257e+00
1.05666e+03 3.97541e+00
1.05738e+03 4.09111e+00
1.05809e+03 4.20924e+00
1.05881e+03 4.32925e+00
1.05953e+03 4.45045e+00
1.06024e+03 4.57201e+00
1.06096e+03 4.69292e+00
1.06167e+03 4.81195e+00
1.06239e+03 4.92769e+00
1.06310e+03 5.03854e+00
1.06382e+03 5.14266e+00
