2.06050e+02 0.00000e+00
2.06526e+02 0.00000e+00
2.07001e+02 0.00000e+00
2.07477e+02 0.00000e+00
2.07952e+02 0.00000e+00
2.08428e+02 0.00000e+00
2.08903e+02 0.00000e+00
2.09378e+02 0.00000e+00
2.09854e+02 0.00000e+00
2.10329e+02 0.00000e+00
2.10804e+02 0.00000e+00
2.11279e+02 0.00000e+00
2.11754e+02 0.00000e+00
2.12230e+02 0.00000e+00
2.12705e+02 0.00000e+00
2.13180e+02 0.00000e+00
2.13655e+02 0.00000e+00
2.14130e+02 0.00000e+00
2.14605e+02 0.00000e+00
2.15080e+02 0.00000e+00
2.15555e+02 0.00000e+00
2.16030e+02 0.00000e+00
2.16505e+02 0.00000e+00
2.16980e+02 0.00000e+00
2.17455e+02 0.00000e+00
2.17930e+02 0.00000e+00
2.18404e+02 0.00000e+00
2.18879e+02 0.00000e+00
2.19354e+02 0.00000e+00
2.19829e+02 0.00000e+00
2.20303e+02 0.00000e+00
2.20778e+02 0.00000e+00
2.21253e+02 0.00000e+00
2.21727e+02 0.00000e+00
2.22202e+02 0.00000e+00
2.22677e+02 0.00000e+00
2.23151e+02 0.00000e+00
2.23626e+02 0.00000e+00
2.24100e+02 0.00000e+00
2.24575e+02 0.00000e+00
2.25049e+02 0.00000e+00
2.25524e+02 0.00000e+00
2.25998e+02 0.00000e+00
2.26472e+02 0.00000e+00
2.26947e+02 0.00000e+00
2.27421e+02 0.00000e+00
2.27895e+02 0.00000e+00
2.28370e+02 0.00000e+00
2.28844e+02 0.00000e+00
2.29318e+02 0.00000e+00
2.29792e+02 0.00000e+00
2.30266e+02 0.00000e+00
2.30741e+02 0.00000e+00
2.31215e+02 0.00000e+00
2.31689e+02 0.00000e+00
2.32163e+02 0.00000e+00
2.32637e+02 0.00000e+00
2.33111e+02 0.00000e+00
2.33585e+02 0.00000e+00
2.34059e+02 0.00000e+00
2.34533e+02 0.00000e+00
2.35007e+02 0.00000e+00
2.35481e+02 0.00000e+00
2.35954e+02 0.00000e+00
2.36428e+02 0.00000e+00
2.36902e+02 0.00000e+00
2.37376e+02 0.00000e+00
2.37850e+02 0.00000e+00
2.38323e+02 0.00000e+00
2.38797e+02 0.00000e+00
2.39271e+02 0.00000e+00
2.39744e+02 0.00000e+00
2.40218e+02 0.00000e+00
2.40692e+02 0.00000e+00
2.41165e+02 0.00000e+00
2.41639e+02 0.00000e+00
2.42112e+02 0.00000e+00
2.42586e+02 0.00000e+00
2.43059e+02 0.00000e+00
2.43533e+02 0.00000e+00
2.44006e+02 0.00000e+00
2.44479e+02 0.00000e+00
2.44953e+02 0.00000e+00
2.45426e+02 0.00000e+00
2.45899e+02 0.00000e+00
2.46373e+02 0.00000e+00
2.46846e+02 0.00000e+00
2.47319e+02 0.00000e+00
2.47792e+02 0.00000e+00
2.48265e+02 0.00000e+00
2.48739e+02 0.00000e+00
2.49212e+02 0.00000e+00
2.49685e+02 0.00000e+00
2.50158e+02 0.00000e+00
2.50631e+02 0.00000e+00
2.51104e+02 0.00000e+00
2.51577e+02 0.00000e+00
2.52050e+02 0.00000e+00
2.52523e+02 0.00000e+00
2.52996e+02 0.00000e+00
2.53468e+02 0.00000e+00
2.53941e+02 0.00000e+00
2.54414e+02 0.00000e+00
2.54887e+02 0.00000e+00
2.55360e+02 0.00000e+00
2.55832e+02 0.00000e+00
2.56305e+02 0.00000e+00
2.56778e+02 0.00000e+00
2.57251e+02 0.00000e+00
2.57723e+02 0.00000e+00
2.58196e+02 0.00000e+00
2.58668e+02 0.00000e+00
2.59141e+02 0.00000e+00
2.59613e+02 0.00000e+00
2.60086e+02 0.00000e+00
2.60558e+02 0.00000e+00
2.61031e+02 0.00000e+00
2.61503e+02 0.00000e+00
2.61976e+02 0.00000e+00
2.62448e+02 0.00000e+00
2.62920e+02 0.00000e+00
2.63393e+02 0.00000e+00
2.63865e+02 0.00000e+00
2.64337e+02 0.00000e+00
2.64810e+02 0.00000e+00
2.65282e+02 0.00000e+00
2.65754e+02 0.00000e+00
2.66226e+02 0.00000e+00
2.66698e+02 0.00000e+00
2.67170e+02 0.00000e+00
2.67643e+02 0.00000e+00
2.68115e+02 0.00000e+00
2.68587e+02 0.00000e+00
2.69059e+02 0.00000e+00
2.69531e+02 0.00000e+00
2.70003e+02 0.00000e+00
2.70474e+02 0.00000e+00
2.70946e+02 0.00000e+00
2.71418e+02 0.00000e+00
2.71890e+02 0.00000e+00
2.72362e+02 0.00000e+00
2.72834e+02 0.00000e+00
2.73305e+02 0.00000e+00
2.73777e+02 0.00000e+00
2.74249e+02 0.00000e+00
2.74721e+02 0.00000e+00
2.75192e+02 0.00000e+00
2.75664e+02 0.00000e+00
2.76136e+02 0.00000e+00
2.76607e+02 0.00000e+00
2.77079e+02 0.00000e+00
2.77550e+02 0.00000e+00
2.78022e+02 0.00000e+00
2.78493e+02 0.00000e+00
2.78965e+02 0.00000e+00
2.79436e+02 0.00000e+00
2.79907e+02 0.00000e+00
2.80379e+02 0.00000e+00
2.80850e+02 0.00000e+00
2.81321e+02 0.00000e+00
2.81793e+02 0.00000e+00
2.82264e+02 0.00000e+00
2.82735e+02 0.00000e+00
2.83206e+02 0.00000e+00
2.83678e+02 0.00000e+00
2.84149e+02 0.00000e+00
2.84620e+02 0.00000e+00
2.85091e+02 0.00000e+00
2.85562e+02 0.00000e+00
2.86033e+02 0.00000e+00
2.86504e+02 0.00000e+00
2.86975e+02 0.00000e+00
2.87446e+02 0.00000e+00
2.87917e+02 0.00000e+00
2.88388e+02 0.00000e+00
2.88859e+02 0.00000e+00
2.89330e+02 0.00000e+00
2.89801e+02 0.00000e+00
2.90271e+02 0.00000e+00
2.90742e+02 0.00000e+00
2.91213e+02 0.00000e+00
2.91684e+02 0.00000e+00
2.92154e+02 0.00000e+00
2.92625e+02 0.00000e+00
2.93096e+02 0.00000e+00
2.93566e+02 0.00000e+00
2.94037e+02 0.00000e+00
2.94508e+02 0.00000e+00
2.94978e+02 0.00000e+00
2.95449e+02 0.00000e+00
2.95919e+02 0.00000e+00
2.96390e+02 0.00000e+00
2.96860e+02 0.00000e+00
2.97330e+02 0.00000e+00
2.97801e+02 0.00000e+00
2.98271e+02 0.00000e+00
2.98741e+02 0.00000e+00
2.99212e+02 0.00000e+00
2.99682e+02 0.00000e+00
3.00152e+02 0.00000e+00
3.00623e+02 0.00000e+00
3.01093e+02 0.00000e+00
3.01563e+02 0.00000e+00
3.02033e+02 0.00000e+00
3.02503e+02 0.00000e+00
3.02973e+02 0.00000e+00
3.03443e+02 0.00000e+00
3.03913e+02 0.00000e+00
3.04383e+02 0.00000e+00
3.04853e+02 0.00000e+00
3.05323e+02 0.00000e+00
3.05793e+02 0.00000e+00
3.06263e+02 0.00000e+00
3.06733e+02 0.00000e+00
3.07203e+02 0.00000e+00
3.07673e+02 0.00000e+00
3.08143e+02 0.00000e+00
3.08612e+02 0.00000e+00
3.09082e+02 0.00000e+00
3.09552e+02 0.00000e+00
3.10021e+02 0.00000e+00
3.10491e+02 0.00000e+00
3.10961e+02 0.00000e+00
3.11430e+02 0.00000e+00
3.11900e+02 0.00000e+00
3.12369e+02 0.00000e+00
3.12839e+02 0.00000e+00
3.13309e+02 0.00000e+00
3.13778e+02 0.00000e+00
3.14247e+02 0.00000e+00
3.14717e+02 0.00000e+00
3.15186e+02 0.00000e+00
3.15656e+02 0.00000e+00
3.16125e+02 0.00000e+00
3.16594e+02 0.00000e+00
3.17064e+02 0.00000e+00
3.17533e+02 0.00000e+00
3.18002e+02 0.00000e+00
3.18471e+02 0.00000e+00
3.18941e+02 0.00000e+00
3.19410e+02 0.00000e+00
3.19879e+02 0.00000e+00
3.20348e+02 0.00000e+00
3.20817e+02 0.00000e+00
3.21286e+02 0.00000e+00
3.21755e+02 0.00000e+00
3.22224e+02 0.00000e+00
3.22693e+02 0.00000e+00
3.23162e+02 0.00000e+00
3.23631e+02 0.00000e+00
3.24100e+02 0.00000e+00
3.24569e+02 0.00000e+00
3.25037e+02 0.00000e+00
3.25506e+02 0.00000e+00
3.25975e+02 0.00000e+00
3.26444e+02 0.00000e+00
3.26913e+02 0.00000e+00
3.27381e+02 0.00000e+00
3.27850e+02 0.00000e+00
3.28319e+02 0.00000e+00
3.28787e+02 0.00000e+00
3.29256e+02 0.00000e+00
3.29724e+02 0.00000e+00
3.30193e+02 0.00000e+00
3.30661e+02 0.00000e+00
3.31130e+02 0.00000e+00
3.31598e+02 0.00000e+00
3.32067e+02 0.00000e+00
3.32535e+02 0.00000e+00
3.33004e+02 0.00000e+00
3.33472e+02 0.00000e+00
3.33940e+02 0.00000e+00
3.34409e+02 0.00000e+00
3.34877e+02 0.00000e+00
3.35345e+02 0.00000e+00
3.35813e+02 0.00000e+00
3.36282e+02 0.00000e+00
3.36750e+02 0.00000e+00
3.37218e+02 0.00000e+00
3.37686e+02 0.00000e+00
3.38154e+02 0.00000e+00
3.38622e+02 0.00000e+00
3.39090e+02 0.00000e+00
3.39558e+02 0.00000e+00
3.40026e+02 0.00000e+00
3.40494e+02 0.00000e+00
3.40962e+02 0.00000e+00
3.41430e+02 0.00000e+00
3.41898e+02 0.00000e+00
3.42366e+02 0.00000e+00
3.42833e+02 0.00000e+00
3.43301e+02 0.00000e+00
3.43769e+02 0.00000e+00
3.44237e+02 0.00000e+00
3.44704e+02 0.00000e+00
3.45172e+02 0.00000e+00
3.45640e+02 0.00000e+00
3.46107e+02 0.00000e+00
3.46575e+02 0.00000e+00
3.47043e+02 0.00000e+00
3.47510e+02 0.00000e+00
3.47978e+02 0.00000e+00
3.48445e+02 0.00000e+00
3.48913e+02 0.00000e+00
3.49380e+02 0.00000e+00
3.49847e+02 0.00000e+00
3.50315e+02 2.27419e-01
3.50782e+02 2.29615e-01
3.51250e+02 2.29225e-01
3.51717e+02 2.29438e-01
3.52184e+02 2.29512e-01
3.52651e+02 2.28087e-01
3.53119e+02 2.27980e-01
3.53586e+02 2.28359e-01
3.54053e+02 2.29354e-01
3.54520e+02 2.28282e-01
3.54987e+02 2.29704e-01
3.55454e+02 2.29174e-01
3.55921e+02 2.30066e-01
3.56388e+02 2.30067e-01
3.56855e+02 2.30632e-01
3.57322e+02 2.30002e-01
3.57789e+02 2.28999e-01
3.58256e+02 2.28559e-01
3.58723e+02 2.26616e-01
3.59190e+02 2.25796e-01
3.59657e+02 2.23768e-01
3.60124e+02 2.20956e-01
3.60591e+02 2.20088e-01
3.61057e+02 2.19687e-01
3.61524e+02 2.18008e-01
3.61991e+02 2.17018e-01
3.62457e+02 2.17437e-01
3.62924e+02 2.16724e-01
3.63391e+02 2.15550e-01
3.63857e+02 2.14772e-01
3.64324e+02 2.13997e-01
3.64791e+02 2.13020e-01
3.65257e+02 2.12661e-01
3.65724e+02 2.11769e-01
3.66190e+02 2.11978e-01
3.66656e+02 2.10839e-01
3.67123e+02 2.11689e-01
3.67589e+02 2.10655e-01
3.68056e+02 2.09842e-01
3.68522e+02 2.09492e-01
3.68988e+02 2.09496e-01
3.69455e+02 2.09246e-01
3.69921e+02 2.08854e-01
3.70387e+02 2.07903e-01
3.70853e+02 2.07452e-01
3.71319e+02 2.07209e-01
3.71786e+02 2.06850e-01
3.72252e+02 2.06054e-01
3.72718e+02 2.04543e-01
3.73184e+02 2.02981e-01
3.73650e+02 2.02835e-01
3.74116e+02 2.01668e-01
3.74582e+02 2.01251e-01
3.75048e+02 2.00727e-01
3.75514e+02 2.00279e-01
3.75980e+02 1.99996e-01
3.76446e+02 1.99473e-01
3.76911e+02 1.98750e-01
3.77377e+02 1.98064e-01
3.77843e+02 1.98349e-01
3.78309e+02 1.98473e-01
3.78775e+02 1.98640e-01
3.79240e+02 1.98470e-01
3.79706e+02 1.97826e-01
3.80172e+02 1.98384e-01
3.80637e+02 1.97694e-01
3.81103e+02 1.97895e-01
3.81568e+02 1.97636e-01
3.82034e+02 1.97629e-01
3.82500e+02 1.97125e-01
3.82965e+02 1.97262e-01
3.83431e+02 1.96723e-01
3.83896e+02 1.95883e-01
3.84361e+02 1.96229e-01
3.84827e+02 1.95651e-01
3.85292e+02 1.95384e-01
3.85757e+02 1.95484e-01
3.86223e+02 1.95198e-01
3.86688e+02 1.94687e-01
3.87153e+02 1.93586e-01
3.87619e+02 1.93422e-01
3.88084e+02 1.92495e-01
3.88549e+02 1.91752e-01
3.89014e+02 1.90914e-01
3.89479e+02 1.90518e-01
3.89944e+02 1.89714e-01
3.90409e+02 1.89160e-01
3.90874e+02 1.88882e-01
3.91339e+02 1.88266e-01
3.91804e+02 1.87282e-01
3.92269e+02 1.87264e-01
3.92734e+02 1.86717e-01
3.93199e+02 1.86141e-01
3.93664e+02 1.85791e-01
3.94129e+02 1.85574e-01
3.94594e+02 1.85274e-01
3.95059e+02 1.84624e-01
3.95523e+02 1.84104e-01
3.95988e+02 1.83909e-01
3.96453e+02 1.83292e-01
3.96917e+02 1.82969e-01
3.97382e+02 1.82297e-01
3.97847e+02 1.81293e-01
3.98311e+02 1.80784e-01
3.98776e+02 1.80459e-01
3.99240e+02 1.79894e-01
3.99705e+02 1.79215e-01
4.00169e+02 1.78428e-01
4.00634e+02 1.77982e-01
4.01098e+02 1.77316e-01
4.01563e+02 1.76949e-01
4.02027e+02 1.76482e-01
4.02492e+02 1.75910e-01
4.02956e+02 1.75147e-01
4.03420e+02 1.74532e-01
4.03884e+02 1.73872e-01
4.04349e+02 1.72996e-01
4.04813e+02 1.72381e-01
4.05277e+02 1.71881e-01
4.05741e+02 1.71094e-01
4.06205e+02 1.70304e-01
4.06670e+02 1.69589e-01
4.07134e+02 1.68809e-01
4.07598e+02 1.67899e-01
4.08062e+02 1.67199e-01
4.08526e+02 1.66517e-01
4.08990e+02 1.65815e-01
4.09454e+02 1.65641e-01
4.09918e+02 1.64997e-01
4.10382e+02 1.64555e-01
4.10845e+02 1.64095e-01
4.11309e+02 1.63421e-01
4.11773e+02 1.62916e-01
4.12237e+02 1.62292e-01
4.12701e+02 1.62137e-01
4.13164e+02 1.61563e-01
4.13628e+02 1.61028e-01
4.14092e+02 1.60333e-01
4.14555e+02 1.60123e-01
4.15019e+02 1.59839e-01
4.15483e+02 1.59570e-01
4.15946e+02 1.59341e-01
4.16410e+02 1.58929e-01
4.16873e+02 1.58869e-01
4.17337e+02 1.58844e-01
4.17800e+02 1.58702e-01
4.18264e+02 1.58445e-01
4.18727e+02 1.58516e-01
4.19190e+02 1.58527e-01
4.19654e+02 1.58680e-01
4.20117e+02 1.58781e-01
4.20580e+02 1.58913e-01
4.21044e+02 1.59079e-01
4.21507e+02 1.58997e-01
4.21970e+02 1.59367e-01
4.22433e+02 1.59470e-01
4.22897e+02 1.59839e-01
4.23360e+02 1.60232e-01
4.23823e+02 1.60530e-01
4.24286e+02 1.61062e-01
4.24749e+02 1.61560e-01
4.25212e+02 1.62277e-01
4.25675e+02 1.63020e-01
4.26138e+02 1.64040e-01
4.26601e+02 1.65039e-01
4.27064e+02 1.65859e-01
4.27527e+02 1.66603e-01
4.27990e+02 1.67604e-01
4.28452e+02 1.68876e-01
4.28915e+02 1.69941e-01
4.29378e+02 1.71220e-01
4.29841e+02 1.72507e-01
4.30303e+02 1.73485e-01
4.30766e+02 1.74796e-01
4.31229e+02 1.76021e-01
4.31691e+02 1.77398e-01
4.32154e+02 1.78974e-01
4.32617e+02 1.80508e-01
4.33079e+02 1.82143e-01
4.33542e+02 1.83813e-01
4.34004e+02 1.85661e-01
4.34467e+02 1.87659e-01
4.34929e+02 1.89535e-01
4.35392e+02 1.91432e-01
4.35854e+02 1.93480e-01
4.36316e+02 1.95780e-01
4.36779e+02 1.98053e-01
4.37241e+02 2.00102e-01
4.37703e+02 2.02242e-01
4.38166e+02 2.04545e-01
4.38628e+02 2.06730e-01
4.39090e+02 2.09029e-01
4.39552e+02 2.11862e-01
4.40014e+02 2.14431e-01
4.40477e+02 2.16946e-01
4.40939e+02 2.19584e-01
4.41401e+02 2.22415e-01
4.41863e+02 2.25462e-01
4.42325e+02 2.28254e-01
4.42787e+02 2.31126e-01
4.43249e+02 2.34329e-01
4.43711e+02 2.37640e-01
4.44173e+02 2.40795e-01
4.44634e+02 2.44158e-01
4.45096e+02 2.47276e-01
4.45558e+02 2.50534e-01
4.46020e+02 2.53678e-01
4.46482e+02 2.56744e-01
4.46943e+02 2.60023e-01
4.47405e+02 2.63327e-01
4.47867e+02 2.66957e-01
4.48328e+02 2.70377e-01
4.48790e+02 2.73898e-01
4.49252e+02 2.78019e-01
4.49713e+02 2.81809e-01
4.50175e+02 2.85901e-01
4.50636e+02 2.90237e-01
4.51098e+02 2.94327e-01
4.51559e+02 2.98033e-01
4.52021e+02 3.02002e-01
4.52482e+02 3.06459e-01
4.52944e+02 3.10902e-01
4.53405e+02 3.15522e-01
4.53866e+02 3.19934e-01
4.54328e+02 3.24296e-01
4.54789e+02 3.28638e-01
4.55250e+02 3.32761e-01
4.55711e+02 3.37627e-01
4.56173e+02 3.42346e-01
4.56634e+02 3.47054e-01
4.57095e+02 3.52130e-01
4.57556e+02 3.56914e-01
4.58017e+02 3.61630e-01
4.58478e+02 3.66246e-01
4.58939e+02 3.71628e-01
4.59400e+02 3.76075e-01
4.59861e+02 3.80549e-01
4.60322e+02 3.85448e-01
4.60783e+02 3.91252e-01
4.61244e+02 3.96502e-01
4.61705e+02 4.01127e-01
4.62166e+02 4.05394e-01
4.62626e+02 4.10157e-01
4.63087e+02 4.15041e-01
4.63548e+02 4.20268e-01
4.64009e+02 4.24559e-01
4.64469e+02 4.29096e-01
4.64930e+02 4.33228e-01
4.65391e+02 4.37633e-01
4.65851e+02 4.42399e-01
4.66312e+02 4.47302e-01
4.66772e+02 4.51127e-01
4.67233e+02 4.55953e-01
4.67693e+02 4.60609e-01
4.68154e+02 4.65660e-01
4.68614e+02 4.69967e-01
4.69075e+02 4.74220e-01
4.69535e+02 4.78632e-01
4.69996e+02 4.83700e-01
4.70456e+02 4.88425e-01
4.70916e+02 4.91938e-01
4.71377e+02 4.95451e-01
4.71837e+02 4.99402e-01
4.72297e+02 5.04677e-01
4.72757e+02 5.09035e-01
4.73217e+02 5.13479e-01
4.73678e+02 5.17842e-01
4.74138e+02 5.22973e-01
4.74598e+02 5.27862e-01
4.75058e+02 5.32080e-01
4.75518e+02 5.36283e-01
4.75978e+02 5.39202e-01
4.76438e+02 5.44237e-01
4.76898e+02 5.48716e-01
4.77358e+02 5.53277e-01
4.77818e+02 5.57191e-01
4.78278e+02 5.61010e-01
4.78737e+02 5.64676e-01
4.79197e+02 5.68233e-01
4.79657e+02 5.72507e-01
4.80117e+02 5.76285e-01
4.80577e+02 5.80595e-01
4.81036e+02 5.84300e-01
4.81496e+02 5.87932e-01
4.81956e+02 5.91667e-01
4.82415e+02 5.95301e-01
4.82875e+02 5.98196e-01
4.83334e+02 6.01247e-01
4.83794e+02 6.04688e-01
4.84253e+02 6.07151e-01
4.84713e+02 6.10083e-01
4.85172e+02 6.13646e-01
4.85632e+02 6.16955e-01
4.86091e+02 6.19732e-01
4.86551e+02 6.22391e-01
4.87010e+02 6.24873e-01
4.87469e+02 6.27625e-01
4.87929e+02 6.30606e-01
4.88388e+02 6.33321e-01
4.88847e+02 6.33639e-01
4.89306e+02 6.35178e-01
4.89765e+02 6.37188e-01
4.90225e+02 6.38803e-01
4.90684e+02 6.40460e-01
4.91143e+02 6.42989e-01
4.91602e+02 6.43757e-01
4.92061e+02 6.46179e-01
4.92520e+02 6.47628e-01
4.92979e+02 6.49639e-01
4.93438e+02 6.52175e-01
4.93897e+02 6.55140e-01
4.94356e+02 6.57676e-01
4.94815e+02 6.60872e-01
4.95274e+02 6.62629e-01
4.95732e+02 6.64709e-01
4.96191e+02 6.67110e-01
4.96650e+02 6.69498e-01
4.97109e+02 6.71704e-01
4.97567e+02 6.72894e-01
4.98026e+02 6.74544e-01
4.98485e+02 6.76612e-01
4.98943e+02 6.78591e-01
4.99402e+02 6.79711e-01
4.99861e+02 6.80058e-01
5.00319e+02 6.80939e-01
5.00778e+02 6.81254e-01
5.01236e+02 6.82120e-01
5.01695e+02 6.81929e-01
5.02153e+02 6.82730e-01
5.02611e+02 6.82017e-01
5.03070e+02 6.82184e-01
5.03528e+02 6.81992e-01
5.03987e+02 6.81648e-01
5.04445e+02 6.81088e-01
5.04903e+02 6.80239e-01
5.05361e+02 6.79538e-01
5.05820e+02 6.79133e-01
5.06278e+02 6.79215e-01
5.06736e+02 6.78379e-01
5.07194e+02 6.76248e-01
5.07652e+02 6.75346e-01
5.08110e+02 6.74722e-01
5.08568e+02 6.73695e-01
5.09026e+02 6.72878e-01
5.09484e+02 6.72871e-01
5.09942e+02 6.72081e-01
5.10400e+02 6.72153e-01
5.10858e+02 6.72085e-01
5.11316e+02 6.70768e-01
5.11774e+02 6.71094e-01
5.12232e+02 6.70647e-01
5.12690e+02 6.70535e-01
5.13147e+02 6.69816e-01
5.13605e+02 6.68786e-01
5.14063e+02 6.68238e-01
5.14520e+02 6.66640e-01
5.14978e+02 6.66271e-01
5.15436e+02 6.65292e-01
5.15893e+02 6.64260e-01
5.16351e+02 6.63367e-01
5.16808e+02 6.62357e-01
5.17266e+02 6.61790e-01
5.17724e+02 6.60036e-01
5.18181e+02 6.60491e-01
5.18638e+02 6.59012e-01
5.19096e+02 6.56533e-01
5.19553e+02 6.55003e-01
5.20011e+02 6.52953e-01
5.20468e+02 6.51798e-01
5.20925e+02 6.49591e-01
5.21382e+02 6.46995e-01
5.21840e+02 6.44385e-01
5.22297e+02 6.41528e-01
5.22754e+02 6.40099e-01
5.23211e+02 6.37344e-01
5.23668e+02 6.34133e-01
5.24126e+02 6.30840e-01
5.24583e+02 6.27799e-01
5.25040e+02 6.24849e-01
5.25497e+02 6.21807e-01
5.25954e+02 6.19322e-01
5.26411e+02 6.17193e-01
5.26868e+02 6.15577e-01
5.27325e+02 6.12939e-01
5.27781e+02 6.10382e-01
5.28238e+02 6.08083e-01
5.28695e+02 6.05686e-01
5.29152e+02 6.02857e-01
5.29609e+02 6.00538e-01
5.30065e+02 5.98933e-01
5.30522e+02 5.96806e-01
5.30979e+02 5.94570e-01
5.31436e+02 5.91298e-01
5.31892e+02 5.87498e-01
5.32349e+02 5.84858e-01
5.32805e+02 5.81882e-01
5.33262e+02 5.78850e-01
5.33718e+02 5.75862e-01
5.34175e+02 5.73416e-01
5.34631e+02 5.70458e-01
5.35088e+02 5.67182e-01
5.35544e+02 5.63314e-01
5.36001e+02 5.59922e-01
5.36457e+02 5.57006e-01
5.36913e+02 5.53692e-01
5.37370e+02 5.50601e-01
5.37826e+02 5.47399e-01
5.38282e+02 5.43724e-01
5.38738e+02 5.40168e-01
5.39195e+02 5.35750e-01
5.39651e+02 5.32983e-01
5.40107e+02 5.29744e-01
5.40563e+02 5.26960e-01
5.41019e+02 5.24232e-01
5.41475e+02 5.20949e-01
5.41931e+02 5.18214e-01
5.42387e+02 5.14730e-01
5.42843e+02 5.11961e-01
5.43299e+02 5.08361e-01
5.43755e+02 5.04645e-01
5.44211e+02 5.01727e-01
5.44667e+02 4.98850e-01
5.45122e+02 4.95833e-01
5.45578e+02 4.92788e-01
5.46034e+02 4.89700e-01
5.46490e+02 4.86457e-01
5.46946e+02 4.83203e-01
5.47401e+02 4.80340e-01
5.47857e+02 4.76413e-01
5.48312e+02 4.72971e-01
5.48768e+02 4.69722e-01
5.49224e+02 4.66342e-01
5.49679e+02 4.63027e-01
5.50135e+02 4.59740e-01
5.50590e+02 4.56967e-01
5.51046e+02 4.53905e-01
5.51501e+02 4.50605e-01
5.51957e+02 4.46972e-01
5.52412e+02 4.43461e-01
5.52867e+02 4.40354e-01
5.53323e+02 4.37082e-01
5.53778e+02 4.33620e-01
5.54233e+02 4.30693e-01
5.54688e+02 4.27941e-01
5.55144e+02 4.24880e-01
5.55599e+02 4.22021e-01
5.56054e+02 4.18637e-01
5.56509e+02 4.15228e-01
5.56964e+02 4.12177e-01
5.57419e+02 4.08979e-01
5.57874e+02 4.05747e-01
5.58329e+02 4.02636e-01
5.58784e+02 3.99670e-01
5.59239e+02 3.96583e-01
5.59694e+02 3.92866e-01
5.60149e+02 3.89665e-01
5.60604e+02 3.86551e-01
5.61059e+02 3.83543e-01
5.61514e+02 3.80291e-01
5.61968e+02 3.77235e-01
5.62423e+02 3.73991e-01
5.62878e+02 3.71063e-01
5.63333e+02 3.67958e-01
5.63787e+02 3.65190e-01
5.64242e+02 3.62568e-01
5.64697e+02 3.59855e-01
5.65151e+02 3.57177e-01
5.65606e+02 3.54054e-01
5.66060e+02 3.51223e-01
5.66515e+02 3.48368e-01
5.66969e+02 3.45450e-01
5.67424e+02 3.42369e-01
5.67878e+02 3.39485e-01
5.68333e+02 3.36522e-01
5.68787e+02 3.33746e-01
5.69241e+02 3.30886e-01
5.69696e+02 3.28045e-01
5.70150e+02 3.25301e-01
5.70604e+02 3.22520e-01
5.71058e+02 3.19876e-01
5.71513e+02 3.17488e-01
5.71967e+02 3.14906e-01
5.72421e+02 3.12234e-01
5.72875e+02 3.09954e-01
5.73329e+02 3.07631e-01
5.73783e+02 3.05134e-01
5.74237e+02 3.02639e-01
5.74691e+02 3.00231e-01
5.75145e+02 2.97817e-01
5.75599e+02 2.95239e-01
5.76053e+02 2.92775e-01
5.76507e+02 2.90215e-01
5.76961e+02 2.87686e-01
5.77415e+02 2.85335e-01
5.77869e+02 2.82839e-01
5.78322e+02 2.80483e-01
5.78776e+02 2.78305e-01
5.79230e+02 2.75885e-01
5.79684e+02 2.73599e-01
5.80137e+02 2.71283e-01
5.80591e+02 2.69059e-01
5.81045e+02 2.67045e-01
5.81498e+02 2.64856e-01
5.81952e+02 2.62550e-01
5.82405e+02 2.60470e-01
5.82859e+02 2.58532e-01
5.83312e+02 2.56649e-01
5.83766e+02 2.54467e-01
5.84219e+02 2.52433e-01
5.84672e+02 2.50452e-01
5.85126e+02 2.48523e-01
5.85579e+02 2.46605e-01
5.86032e+02 2.44619e-01
5.86486e+02 2.42597e-01
5.86939e+02 2.40701e-01
5.87392e+02 2.39143e-01
5.87845e+02 2.37502e-01
5.88299e+02 2.35905e-01
5.88752e+02 2.34140e-01
5.89205e+02 2.32505e-01
5.89658e+02 2.30964e-01
5.90111e+02 2.29216e-01
5.90564e+02 2.27603e-01
5.91017e+02 2.26157e-01
5.91470e+02 2.24572e-01
5.91923e+02 2.22887e-01
5.92376e+02 2.21309e-01
5.92829e+02 2.19673e-01
5.93282e+02 2.18131e-01
5.93734e+02 2.16581e-01
5.94187e+02 2.15045e-01
5.94640e+02 2.13494e-01
5.95093e+02 2.11945e-01
5.95545e+02 2.10506e-01
5.95998e+02 2.09073e-01
5.96451e+02 2.07643e-01
5.96903e+02 2.06239e-01
5.97356e+02 2.04767e-01
5.97809e+02 2.03220e-01
5.98261e+02 2.01710e-01
5.98714e+02 2.00307e-01
5.99166e+02 1.98787e-01
5.99619e+02 1.97324e-01
6.00071e+02 1.95985e-01
6.00523e+02 1.94599e-01
6.00976e+02 1.93271e-01
6.01428e+02 1.91943e-01
6.01881e+02 1.90600e-01
6.02333e+02 1.89291e-01
6.02785e+02 1.88126e-01
6.03237e+02 1.86954e-01
6.03690e+02 1.85788e-01
6.04142e+02 1.84789e-01
6.04594e+02 1.83763e-01
6.05046e+02 1.82811e-01
6.05498e+02 1.81908e-01
6.05950e+02 1.80947e-01
6.06402e+02 1.80121e-01
6.06854e+02 1.79384e-01
6.07306e+02 1.78614e-01
6.07758e+02 1.77832e-01
6.08210e+02 1.76975e-01
6.08662e+02 1.76321e-01
6.09114e+02 1.75595e-01
6.09566e+02 1.74889e-01
6.10018e+02 1.74211e-01
6.10469e+02 1.73524e-01
6.10921e+02 1.72845e-01
6.11373e+02 1.72222e-01
6.11825e+02 1.71697e-01
6.12276e+02 1.71198e-01
6.12728e+02 1.70636e-01
6.13179e+02 1.70038e-01
6.13631e+02 1.69588e-01
6.14083e+02 1.69058e-01
6.14534e+02 1.68503e-01
6.14986e+02 1.68036e-01
6.15437e+02 1.67601e-01
6.15889e+02 1.67052e-01
6.16340e+02 1.66471e-01
6.16791e+02 1.65986e-01
6.17243e+02 1.65387e-01
6.17694e+02 1.64896e-01
6.18145e+02 1.64313e-01
6.18597e+02 1.63822e-01
6.19048e+02 1.63381e-01
6.19499e+02 1.62930e-01
6.19950e+02 1.62482e-01
6.20401e+02 1.62155e-01
6.20853e+02 1.61769e-01
6.21304e+02 1.61218e-01
6.21755e+02 1.60769e-01
6.22206e+02 1.60367e-01
6.22657e+02 1.59957e-01
6.23108e+02 1.59613e-01
6.23559e+02 1.59225e-01
6.24010e+02 1.58893e-01
6.24461e+02 1.58613e-01
6.24912e+02 1.58286e-01
6.25362e+02 1.58000e-01
6.25813e+02 1.57671e-01
6.26264e+02 1.57357e-01
6.26715e+02 1.57176e-01
6.27166e+02 1.57034e-01
6.27616e+02 1.56890e-01
6.28067e+02 1.56719e-01
6.28518e+02 1.56605e-01
6.28968e+02 1.56515e-01
6.29419e+02 1.56398e-01
6.29869e+02 1.56311e-01
6.30320e+02 1.56295e-01
6.30770e+02 1.56253e-01
6.31221e+02 1.56190e-01
6.31671e+02 1.56194e-01
6.32122e+02 1.56171e-01
6.32572e+02 1.56189e-01
6.33023e+02 1.56177e-01
6.33473e+02 1.56198e-01
6.33923e+02 1.56187e-01
6.34374e+02 1.56203e-01
6.34824e+02 1.56166e-01
6.35274e+02 1.56125e-01
6.35724e+02 1.56131e-01
6.36174e+02 1.56121e-01
6.36625e+02 1.56129e-01
6.37075e+02 1.56074e-01
6.37525e+02 1.56053e-01
6.37975e+02 1.56119e-01
6.38425e+02 1.56134e-01
6.38875e+02 1.56174e-01
6.39325e+02 1.56297e-01
6.39775e+02 1.56301e-01
6.40225e+02 1.56339e-01
6.40675e+02 1.56390e-01
6.41124e+02 1.56503e-01
6.41574e+02 1.56582e-01
6.42024e+02 1.56738e-01
6.42474e+02 1.56849e-01
6.42924e+02 1.57016e-01
6.43373e+02 1.57137e-01
6.43823e+02 1.57239e-01
6.44273e+02 1.57374e-01
6.44722e+02 1.57622e-01
6.45172e+02 1.57785e-01
6.45622e+02 1.57858e-01
6.46071e+02 1.58052e-01
6.46521e+02 1.58205e-01
6.46970e+02 1.58351e-01
6.47420e+02 1.58491e-01
6.47869e+02 1.58647e-01
6.48318e+02 1.58835e-01
6.48768e+02 1.59090e-01
6.49217e+02 1.59330e-01
6.49666e+02 1.59555e-01
6.50116e+02 1.59795e-01
6.50565e+02 1.60004e-01
6.51014e+02 1.60315e-01
6.51463e+02 1.60635e-01
6.51913e+02 1.60848e-01
6.52362e+02 1.61091e-01
6.52811e+02 1.61292e-01
6.53260e+02 1.61495e-01
6.53709e+02 1.61683e-01
6.54158e+02 1.61895e-01
6.54607e+02 1.62130e-01
6.55056e+02 1.62231e-01
6.55505e+02 1.62400e-01
6.55954e+02 1.62614e-01
6.56403e+02 1.62735e-01
6.56852e+02 1.62979e-01
6.57301e+02 1.63263e-01
6.57749e+02 1.63568e-01
6.58198e+02 1.63814e-01
6.58647e+02 1.64041e-01
6.59096e+02 1.64207e-01
6.59544e+02 1.64407e-01
6.59993e+02 1.64683e-01
6.60442e+02 1.64915e-01
6.60890e+02 1.65160e-01
6.61339e+02 1.65385e-01
6.61787e+02 1.65689e-01
6.62236e+02 1.65926e-01
6.62684e+02 1.66209e-01
6.63133e+02 1.66425e-01
6.63581e+02 1.66677e-01
6.64030e+02 1.66823e-01
6.64478e+02 1.67125e-01
6.64926e+02 1.67512e-01
6.65375e+02 1.67886e-01
6.65823e+02 1.68306e-01
6.66271e+02 1.68725e-01
6.66720e+02 1.69033e-01
6.67168e+02 1.69314e-01
6.67616e+02 1.69602e-01
6.68064e+02 1.69943e-01
6.68512e+02 1.70210e-01
6.68960e+02 1.70520e-01
6.69408e+02 1.70754e-01
6.69856e+02 1.70882e-01
6.70304e+02 1.71083e-01
6.70752e+02 1.71226e-01
6.71200e+02 1.71375e-01
6.71648e+02 1.71479e-01
6.72096e+02 1.71616e-01
6.72544e+02 1.71825e-01
6.72992e+02 1.71946e-01
6.73440e+02 1.72087e-01
6.73887e+02 1.72299e-01
6.74335e+02 1.72569e-01
6.74783e+02 1.72830e-01
6.75231e+02 1.73168e-01
6.75678e+02 1.73429e-01
6.76126e+02 1.73586e-01
6.76574e+02 1.73745e-01
6.77021e+02 1.73878e-01
6.77469e+02 1.74120e-01
6.77916e+02 1.74445e-01
6.78364e+02 1.74727e-01
6.78811e+02 1.75041e-01
6.79259e+02 1.75287e-01
6.79706e+02 1.75586e-01
6.80153e+02 1.75880e-01
6.80601e+02 1.76176e-01
6.81048e+02 1.76618e-01
6.81495e+02 1.76986e-01
6.81943e+02 1.77242e-01
6.82390e+02 1.77565e-01
6.82837e+02 1.77895e-01
6.83284e+02 1.78129e-01
6.83731e+02 1.78443e-01
6.84179e+02 1.78809e-01
6.84626e+02 1.79141e-01
6.85073e+02 1.79241e-01
6.85520e+02 1.79306e-01
6.85967e+02 1.79491e-01
6.86414e+02 1.79613e-01
6.86861e+02 1.79806e-01
6.87308e+02 1.79964e-01
6.87755e+02 1.80128e-01
6.88201e+02 1.80332e-01
6.88648e+02 1.80589e-01
6.89095e+02 1.80822e-01
6.89542e+02 1.80968e-01
6.89989e+02 1.81197e-01
6.90435e+02 1.81448e-01
6.90882e+02 1.81668e-01
6.91329e+02 1.82013e-01
6.91775e+02 1.82404e-01
6.92222e+02 1.82791e-01
6.92669e+02 1.83147e-01
6.93115e+02 1.83464e-01
6.93562e+02 1.83706e-01
6.94008e+02 1.83909e-01
6.94455e+02 1.84144e-01
6.94901e+02 1.84404e-01
6.95347e+02 1.84657e-01
6.95794e+02 1.84847e-01
6.96240e+02 1.85103e-01
6.96686e+02 1.85420e-01
6.97133e+02 1.85684e-01
6.97579e+02 1.86041e-01
6.98025e+02 1.86385e-01
6.98471e+02 1.86709e-01
6.98918e+02 1.86938e-01
6.99364e+02 1.87106e-01
6.99810e+02 1.87202e-01
7.00256e+02 1.87255e-01
7.00702e+02 1.87301e-01
7.01148e+02 1.87488e-01
7.01594e+02 1.87690e-01
7.02040e+02 1.87948e-01
7.02486e+02 1.88148e-01
7.02932e+02 1.88316e-01
7.03378e+02 1.88388e-01
7.03824e+02 1.88482e-01
7.04270e+02 1.88511e-01
7.04715e+02 1.88577e-01
7.05161e+02 1.88630e-01
7.05607e+02 1.88817e-01
7.06053e+02 1.89098e-01
7.06498e+02 1.89386e-01
7.06944e+02 1.89711e-01
7.07390e+02 1.89918e-01
7.07835e+02 1.90107e-01
7.08281e+02 1.90291e-01
7.08726e+02 1.90378e-01
7.09172e+02 1.90388e-01
7.09617e+02 1.90521e-01
7.10063e+02 1.90837e-01
7.10508e+02 1.91162e-01
7.10954e+02 1.91469e-01
7.11399e+02 1.91871e-01
7.11844e+02 1.92152e-01
7.12290e+02 1.92455e-01
7.12735e+02 1.92707e-01
7.13180e+02 1.92840e-01
7.13625e+02 1.93119e-01
7.14071e+02 1.93360e-01
7.14516e+02 1.93581e-01
7.14961e+02 1.93992e-01
7.15406e+02 1.94404e-01
7.15851e+02 1.94909e-01
7.16296e+02 1.95408e-01
7.16741e+02 1.95888e-01
7.17186e+02 1.96227e-01
7.17631e+02 1.96492e-01
7.18076e+02 1.96750e-01
7.18521e+02 1.97094e-01
7.18966e+02 1.97387e-01
7.19411e+02 1.97650e-01
7.19856e+02 1.98067e-01
7.20300e+02 1.98491e-01
7.20745e+02 1.98897e-01
7.21190e+02 1.99452e-01
7.21635e+02 1.99862e-01
7.22079e+02 2.00160e-01
7.22524e+02 2.00389e-01
7.22969e+02 2.00542e-01
7.23413e+02 2.00637e-01
7.23858e+02 2.00754e-01
7.24302e+02 2.00854e-01
7.24747e+02 2.00971e-01
7.25191e+02 2.01183e-01
7.25636e+02 2.01474e-01
7.26080e+02 2.01610e-01
7.26525e+02 2.01666e-01
7.26969e+02 2.01676e-01
7.27413e+02 2.01692e-01
7.27858e+02 2.01586e-01
7.28302e+02 2.01524e-01
7.28746e+02 2.01482e-01
7.29190e+02 2.01379e-01
7.29634e+02 2.01446e-01
7.30079e+02 2.01441e-01
7.30523e+02 2.01408e-01
7.30967e+02 2.01549e-01
7.31411e+02 2.01568e-01
7.31855e+02 2.01489e-01
7.32299e+02 2.01480e-01
7.32743e+02 2.01455e-01
7.33187e+02 2.01287e-01
7.33631e+02 2.01271e-01
7.34075e+02 2.01247e-01
7.34519e+02 2.01248e-01
7.34963e+02 2.01177e-01
7.35406e+02 2.01254e-01
7.35850e+02 2.01243e-01
7.36294e+02 2.01388e-01
7.36738e+02 2.01591e-01
7.37181e+02 2.01772e-01
7.37625e+02 2.01961e-01
7.38069e+02 2.01997e-01
7.38512e+02 2.02001e-01
7.38956e+02 2.02035e-01
7.39399e+02 2.02090e-01
7.39843e+02 2.02187e-01
7.40286e+02 2.02233e-01
7.40730e+02 2.02238e-01
7.41173e+02 2.02285e-01
7.41617e+02 2.02311e-01
7.42060e+02 2.02422e-01
7.42504e+02 2.02456e-01
7.42947e+02 2.02457e-01
7.43390e+02 2.02446e-01
7.43833e+02 2.02383e-01
7.44277e+02 2.02130e-01
7.44720e+02 2.02088e-01
7.45163e+02 2.01954e-01
7.45606e+02 2.01562e-01
7.46049e+02 2.01178e-01
7.46492e+02 2.00899e-01
7.46935e+02 2.00641e-01
7.47379e+02 2.00346e-01
7.47822e+02 2.00106e-01
7.48264e+02 1.99871e-01
7.48707e+02 1.99680e-01
7.49150e+02 1.99588e-01
7.49593e+02 1.99454e-01
7.50036e+02 1.99146e-01
7.50479e+02 1.98815e-01
7.50922e+02 1.98636e-01
7.51365e+02 1.98509e-01
7.51807e+02 1.98449e-01
7.52250e+02 1.98489e-01
7.52693e+02 1.98511e-01
7.53135e+02 1.98605e-01
7.53578e+02 1.98857e-01
7.54021e+02 1.99141e-01
7.54463e+02 1.99509e-01
7.54906e+02 1.99973e-01
7.55348e+02 2.00328e-01
7.55791e+02 2.00687e-01
7.56233e+02 2.01072e-01
7.56676e+02 2.01304e-01
7.57118e+02 2.01339e-01
7.57560e+02 2.01555e-01
7.58003e+02 2.01762e-01
7.58445e+02 2.02098e-01
7.58887e+02 2.02468e-01
7.59330e+02 2.02982e-01
7.59772e+02 2.03393e-01
7.60214e+02 2.03879e-01
7.60656e+02 2.04305e-01
7.61098e+02 2.04617e-01
7.61540e+02 2.04804e-01
7.61982e+02 2.04862e-01
7.62424e+02 2.04795e-01
7.62867e+02 2.04727e-01
7.63309e+02 2.04759e-01
7.63750e+02 2.04761e-01
7.64192e+02 2.04904e-01
7.64634e+02 2.05288e-01
7.65076e+02 2.05680e-01
7.65518e+02 2.06207e-01
7.65960e+02 2.06628e-01
7.66402e+02 2.06980e-01
7.66843e+02 2.07226e-01
7.67285e+02 2.07247e-01
7.67727e+02 2.07194e-01
7.68169e+02 2.07122e-01
7.68610e+02 2.07090e-01
7.69052e+02 2.06869e-01
7.69493e+02 2.06807e-01
7.69935e+02 2.06996e-01
7.70376e+02 2.07356e-01
7.70818e+02 2.07618e-01
7.71259e+02 2.07914e-01
7.71701e+02 2.08209e-01
7.72142e+02 2.08501e-01
7.72584e+02 2.08690e-01
7.73025e+02 2.08874e-01
7.73466e+02 2.08928e-01
7.73908e+02 2.08984e-01
7.74349e+02 2.08955e-01
7.74790e+02 2.09070e-01
7.75231e+02 2.09285e-01
7.75672e+02 2.09619e-01
7.76114e+02 2.10035e-01
7.76555e+02 2.10526e-01
7.76996e+02 2.11087e-01
7.77437e+02 2.11662e-01
7.77878e+02 2.12154e-01
7.78319e+02 2.12528e-01
7.78760e+02 2.12863e-01
7.79201e+02 2.13170e-01
7.79642e+02 2.13454e-01
7.80083e+02 2.13667e-01
7.80524e+02 2.13838e-01
7.80964e+02 2.13997e-01
7.81405e+02 2.14290e-01
7.81846e+02 2.14880e-01
7.82287e+02 2.15493e-01
7.82727e+02 2.16190e-01
7.83168e+02 2.16892e-01
7.83609e+02 2.17324e-01
7.84049e+02 2.17805e-01
7.84490e+02 2.18140e-01
7.84930e+02 2.18377e-01
7.85371e+02 2.18555e-01
7.85812e+02 2.18676e-01
7.86252e+02 2.18815e-01
7.86692e+02 2.18969e-01
7.87133e+02 2.19219e-01
7.87573e+02 2.19657e-01
7.88014e+02 2.20297e-01
7.88454e+02 2.21078e-01
7.88894e+02 2.21690e-01
7.89335e+02 2.22484e-01
7.89775e+02 2.22975e-01
7.90215e+02 2.23437e-01
7.90655e+02 2.23683e-01
7.91095e+02 2.23831e-01
7.91535e+02 2.23953e-01
7.91976e+02 2.24047e-01
7.92416e+02 2.23957e-01
7.92856e+02 2.24048e-01
7.93296e+02 2.24355e-01
7.93736e+02 2.24748e-01
7.94176e+02 2.25136e-01
7.94616e+02 2.25583e-01
7.95055e+02 2.26138e-01
7.95495e+02 2.26634e-01
7.95935e+02 2.27013e-01
7.96375e+02 2.27309e-01
7.96815e+02 2.27675e-01
7.97254e+02 2.27838e-01
7.97694e+02 2.27918e-01
7.98134e+02 2.27951e-01
7.98574e+02 2.28122e-01
7.99013e+02 2.28418e-01
7.99453e+02 2.28829e-01
7.99892e+02 2.29305e-01
8.00332e+02 2.29780e-01
8.00771e+02 2.30319e-01
8.01211e+02 2.30920e-01
8.01650e+02 2.31498e-01
8.02090e+02 2.31885e-01
8.02529e+02 2.32334e-01
8.02969e+02 2.32781e-01
8.03408e+02 2.33120e-01
8.03847e+02 2.33376e-01
8.04286e+02 2.33672e-01
8.04726e+02 2.33925e-01
8.05165e+02 2.34288e-01
8.05604e+02 2.34779e-01
8.06043e+02 2.35169e-01
8.06482e+02 2.35689e-01
8.06922e+02 2.36131e-01
8.07361e+02 2.36568e-01
8.07800e+02 2.37120e-01
8.08239e+02 2.37558e-01
8.08678e+02 2.38037e-01
8.09117e+02 2.38409e-01
8.09556e+02 2.38734e-01
8.09994e+02 2.38941e-01
8.10433e+02 2.39243e-01
8.10872e+02 2.39577e-01
8.11311e+02 2.39958e-01
8.11750e+02 2.40476e-01
8.12189e+02 2.40923e-01
8.12627e+02 2.41351e-01
8.13066e+02 2.41969e-01
8.13505e+02 2.42331e-01
8.13943e+02 2.42892e-01
8.14382e+02 2.43361e-01
8.14820e+02 2.43774e-01
8.15259e+02 2.44267e-01
8.15698e+02 2.44776e-01
8.16136e+02 2.45125e-01
8.16574e+02 2.45563e-01
8.17013e+02 2.45932e-01
8.17451e+02 2.46298e-01
8.17890e+02 2.46730e-01
8.18328e+02 2.47230e-01
8.18766e+02 2.47882e-01
8.19205e+02 2.48376e-01
8.19643e+02 2.48888e-01
8.20081e+02 2.49375e-01
8.20519e+02 2.49920e-01
8.20957e+02 2.50426e-01
8.21396e+02 2.50973e-01
8.21834e+02 2.51544e-01
8.22272e+02 2.51999e-01
8.22710e+02 2.52435e-01
8.23148e+02 2.52891e-01
8.23586e+02 2.53203e-01
8.24024e+02 2.53553e-01
8.24462e+02 2.53923e-01
8.24900e+02 2.54427e-01
8.25338e+02 2.54753e-01
8.25775e+02 2.54970e-01
8.26213e+02 2.55312e-01
8.26651e+02 2.55734e-01
8.27089e+02 2.56141e-01
8.27526e+02 2.56554e-01
8.27964e+02 2.57221e-01
8.28402e+02 2.57840e-01
8.28839e+02 2.58274e-01
8.29277e+02 2.58723e-01
8.29715e+02 2.59252e-01
8.30152e+02 2.59927e-01
8.30590e+02 2.60626e-01
8.31027e+02 2.61355e-01
8.31465e+02 2.61996e-01
8.31902e+02 2.62540e-01
8.32339e+02 2.63007e-01
8.32777e+02 2.63238e-01
8.33214e+02 2.63586e-01
8.33652e+02 2.63863e-01
8.34089e+02 2.64227e-01
8.34526e+02 2.64606e-01
8.34963e+02 2.64984e-01
8.35400e+02 2.65455e-01
8.35838e+02 2.65873e-01
8.36275e+02 2.66301e-01
8.36712e+02 2.66870e-01
8.37149e+02 2.67215e-01
8.37586e+02 2.67827e-01
8.38023e+02 2.68334e-01
8.38460e+02 2.68767e-01
8.38897e+02 2.69349e-01
8.39334e+02 2.69803e-01
8.39771e+02 2.70110e-01
8.40208e+02 2.70348e-01
8.40645e+02 2.70550e-01
8.41081e+02 2.70755e-01
8.41518e+02 2.71064e-01
8.41955e+02 2.71482e-01
8.42392e+02 2.72118e-01
8.42828e+02 2.72575e-01
8.43265e+02 2.73456e-01
8.43702e+02 2.74369e-01
8.44138e+02 2.75367e-01
8.44575e+02 2.76378e-01
8.45011e+02 2.77431e-01
8.45448e+02 2.78245e-01
8.45884e+02 2.79022e-01
8.46321e+02 2.79689e-01
8.46757e+02 2.80274e-01
8.47194e+02 2.80677e-01
8.47630e+02 2.80962e-01
8.48066e+02 2.81245e-01
8.48503e+02 2.81462e-01
8.48939e+02 2.81555e-01
8.49375e+02 2.81820e-01
8.49811e+02 2.82216e-01
8.50248e+02 2.82895e-01
8.50684e+02 2.83611e-01
8.51120e+02 2.84394e-01
8.51556e+02 2.85188e-01
8.51992e+02 2.85689e-01
8.52428e+02 2.86061e-01
8.52864e+02 2.86642e-01
8.53300e+02 2.87073e-01
8.53736e+02 2.87360e-01
8.54172e+02 2.87566e-01
8.54608e+02 2.87753e-01
8.55044e+02 2.87752e-01
8.55480e+02 2.87793e-01
8.55915e+02 2.87814e-01
8.56351e+02 2.87887e-01
8.56787e+02 2.88118e-01
8.57223e+02 2.88446e-01
8.57658e+02 2.89071e-01
8.58094e+02 2.89910e-01
8.58530e+02 2.90756e-01
8.58965e+02 2.91691e-01
8.59401e+02 2.92685e-01
8.59836e+02 2.93524e-01
8.60272e+02 2.94431e-01
8.60707e+02 2.95112e-01
8.61143e+02 2.95956e-01
8.61578e+02 2.96579e-01
8.62014e+02 2.97049e-01
8.62449e+02 2.97745e-01
8.62884e+02 2.98223e-01
8.63320e+02 2.98653e-01
8.63755e+02 2.99113e-01
8.64190e+02 2.99619e-01
8.64626e+02 3.00288e-01
8.65061e+02 3.01152e-01
8.65496e+02 3.02105e-01
8.65931e+02 3.03087e-01
8.66366e+02 3.04182e-01
8.66801e+02 3.05569e-01
8.67236e+02 3.06607e-01
8.67671e+02 3.07622e-01
8.68106e+02 3.08557e-01
8.68541e+02 3.09512e-01
8.68976e+02 3.10285e-01
8.69411e+02 3.11003e-01
8.69846e+02 3.11696e-01
8.70281e+02 3.12547e-01
8.70715e+02 3.13071e-01
8.71150e+02 3.13468e-01
8.71585e+02 3.14064e-01
8.72020e+02 3.14882e-01
8.72454e+02 3.15740e-01
8.72889e+02 3.16855e-01
8.73324e+02 3.18075e-01
8.73758e+02 3.19487e-01
8.74193e+02 3.20930e-01
8.74627e+02 3.22375e-01
8.75062e+02 3.23656e-01
8.75496e+02 3.24864e-01
8.75931e+02 3.26047e-01
8.76365e+02 3.27170e-01
8.76800e+02 3.27988e-01
8.77234e+02 3.28691e-01
8.77668e+02 3.29499e-01
8.78103e+02 3.30147e-01
8.78537e+02 3.30672e-01
8.78971e+02 3.31164e-01
8.79405e+02 3.31470e-01
8.79840e+02 3.31708e-01
8.80274e+02 3.31919e-01
8.80708e+02 3.32404e-01
8.81142e+02 3.32974e-01
8.81576e+02 3.33654e-01
8.82010e+02 3.34238e-01
8.82444e+02 3.34771e-01
8.82878e+02 3.35500e-01
8.83312e+02 3.35945e-01
8.83746e+02 3.36413e-01
8.84180e+02 3.36735e-01
8.84614e+02 3.37030e-01
8.85047e+02 3.37247e-01
8.85481e+02 3.37480e-01
8.85915e+02 3.37739e-01
8.86349e+02 3.37800e-01
8.86782e+02 3.37867e-01
8.87216e+02 3.37895e-01
8.87650e+02 3.38043e-01
8.88083e+02 3.38351e-01
8.88517e+02 3.38474e-01
8.88951e+02 3.38764e-01
8.89384e+02 3.39209e-01
8.89818e+02 3.39943e-01
8.90251e+02 3.40794e-01
8.90684e+02 3.41522e-01
8.91118e+02 3.42478e-01
8.91551e+02 3.43307e-01
8.91985e+02 3.44241e-01
8.92418e+02 3.45210e-01
8.92851e+02 3.46002e-01
8.93284e+02 3.46820e-01
8.93718e+02 3.47560e-01
8.94151e+02 3.47951e-01
8.94584e+02 3.48441e-01
8.95017e+02 3.49332e-01
8.95450e+02 3.50318e-01
8.95883e+02 3.51108e-01
8.96316e+02 3.51898e-01
8.96749e+02 3.52670e-01
8.97182e+02 3.53393e-01
8.97615e+02 3.54282e-01
8.98048e+02 3.55087e-01
8.98481e+02 3.55914e-01
8.98914e+02 3.56757e-01
8.99347e+02 3.57652e-01
8.99780e+02 3.58473e-01
9.00213e+02 3.59266e-01
9.00645e+02 3.60016e-01
9.01078e+02 3.60735e-01
9.01511e+02 3.61353e-01
9.01943e+02 3.61935e-01
9.02376e+02 3.62405e-01
9.02809e+02 3.63062e-01
9.03241e+02 3.63625e-01
9.03674e+02 3.64298e-01
9.04106e+02 3.65125e-01
9.04539e+02 3.65755e-01
9.04971e+02 3.66337e-01
9.05404e+02 3.66819e-01
9.05836e+02 3.67685e-01
9.06268e+02 3.68661e-01
9.06701e+02 3.69600e-01
9.07133e+02 3.70680e-01
9.07565e+02 3.71728e-01
9.07998e+02 3.72944e-01
9.08430e+02 3.74234e-01
9.08862e+02 3.75558e-01
9.09294e+02 3.76839e-01
9.09726e+02 3.78258e-01
9.10158e+02 3.79684e-01
9.10590e+02 3.81004e-01
9.11023e+02 3.82399e-01
9.11455e+02 3.83566e-01
9.11887e+02 3.84587e-01
9.12318e+02 3.85690e-01
9.12750e+02 3.86862e-01
9.13182e+02 3.88202e-01
9.13614e+02 3.89419e-01
9.14046e+02 3.90539e-01
9.14478e+02 3.91796e-01
9.14910e+02 3.92934e-01
9.15341e+02 3.94103e-01
9.15773e+02 3.95428e-01
9.16205e+02 3.96813e-01
9.16636e+02 3.98340e-01
9.17068e+02 3.99917e-01
9.17500e+02 4.01727e-01
9.17931e+02 4.03754e-01
9.18363e+02 4.05926e-01
9.18794e+02 4.08081e-01
9.19226e+02 4.10011e-01
9.19657e+02 4.11843e-01
9.20088e+02 4.14100e-01
9.20520e+02 4.16196e-01
9.20951e+02 4.18403e-01
9.21383e+02 4.20502e-01
9.21814e+02 4.22702e-01
9.22245e+02 4.24790e-01
9.22676e+02 4.27073e-01
9.23108e+02 4.29454e-01
9.23539e+02 4.31840e-01
9.23970e+02 4.34288e-01
9.24401e+02 4.36778e-01
9.24832e+02 4.39324e-01
9.25263e+02 4.41912e-01
9.25694e+02 4.44820e-01
9.26125e+02 4.47764e-01
9.26556e+02 4.50558e-01
9.26987e+02 4.53388e-01
9.27418e+02 4.55918e-01
9.27849e+02 4.58213e-01
9.28280e+02 4.60312e-01
9.28710e+02 4.62738e-01
9.29141e+02 4.65388e-01
9.29572e+02 4.67961e-01
9.30003e+02 4.70806e-01
9.30433e+02 4.73846e-01
9.30864e+02 4.77002e-01
9.31295e+02 4.80738e-01
9.31725e+02 4.85053e-01
9.32156e+02 4.90215e-01
9.32586e+02 4.96088e-01
9.33017e+02 5.03020e-01
9.33447e+02 5.10908e-01
9.33878e+02 5.19393e-01
9.34308e+02 5.28679e-01
9.34739e+02 5.38824e-01
9.35169e+02 5.49941e-01
9.35599e+02 5.61634e-01
9.36030e+02 5.74702e-01
9.36460e+02 5.88464e-01
9.36890e+02 6.02837e-01
9.37320e+02 6.17873e-01
9.37751e+02 6.33677e-01
9.38181e+02 6.49893e-01
9.38611e+02 6.67106e-01
9.39041e+02 6.84545e-01
9.39471e+02 7.02122e-01
9.39901e+02 7.19696e-01
9.40331e+02 7.37246e-01
9.40761e+02 7.55100e-01
9.41191e+02 7.71544e-01
9.41621e+02 7.86168e-01
9.42051e+02 7.99972e-01
9.42481e+02 8.11728e-01
9.42910e+02 8.22504e-01
9.43340e+02 8.31608e-01
9.43770e+02 8.37609e-01
9.44200e+02 8.41877e-01
9.44629e+02 8.43772e-01
9.45059e+02 8.43986e-01
9.45489e+02 8.42568e-01
9.45918e+02 8.40470e-01
9.46348e+02 8.36582e-01
9.46778e+02 8.30884e-01
9.47207e+02 8.25428e-01
9.47637e+02 8.18444e-01
9.48066e+02 8.11319e-01
9.48495e+02 8.04450e-01
9.48925e+02 7.98119e-01
9.49354e+02 7.91692e-01
9.49784e+02 7.84873e-01
9.50213e+02 7.78478e-01
9.50642e+02 7.71563e-01
9.51071e+02 7.64364e-01
9.51501e+02 7.57748e-01
9.51930e+02 7.52081e-01
9.52359e+02 7.45960e-01
9.52788e+02 7.40099e-01
9.53217e+02 7.34457e-01
9.53646e+02 7.28837e-01
9.54075e+02 7.23268e-01
9.54504e+02 7.18799e-01
9.54933e+02 7.13949e-01
9.55362e+02 7.08925e-01
9.55791e+02 7.04462e-01
9.56220e+02 7.00553e-01
9.56649e+02 6.96366e-01
9.57078e+02 6.92750e-01
9.57507e+02 6.89432e-01
9.57935e+02 6.86145e-01
9.58364e+02 6.83691e-01
9.58793e+02 6.81247e-01
9.59222e+02 6.79515e-01
9.59650e+02 6.77260e-01
9.60079e+02 6.75362e-01
9.60507e+02 6.73758e-01
9.60936e+02 6.72935e-01
9.61365e+02 6.72744e-01
9.61793e+02 6.72419e-01
9.62221e+02 6.71999e-01
9.62650e+02 6.71738e-01
9.63078e+02 6.71831e-01
9.63507e+02 6.72077e-01
9.63935e+02 6.71942e-01
9.64363e+02 6.71739e-01
9.64792e+02 6.71239e-01
9.65220e+02 6.71365e-01
9.65648e+02 6.71391e-01
9.66076e+02 6.71486e-01
9.66505e+02 6.71281e-01
9.66933e+02 6.71470e-01
9.67361e+02 6.72056e-01
9.67789e+02 6.72417e-01
9.68217e+02 6.72984e-01
9.68645e+02 6.73561e-01
9.69073e+02 6.74085e-01
9.69501e+02 6.74400e-01
9.69929e+02 6.74827e-01
9.70357e+02 6.75080e-01
9.70785e+02 6.75529e-01
9.71212e+02 6.76530e-01
9.71640e+02 6.77619e-01
9.72068e+02 6.78814e-01
9.72496e+02 6.79844e-01
9.72923e+02 6.80577e-01
9.73351e+02 6.81377e-01
9.73779e+02 6.81844e-01
9.74206e+02 6.82252e-01
9.74634e+02 6.84007e-01
9.75062e+02 6.85986e-01
9.75489e+02 6.87663e-01
9.75917e+02 6.89143e-01
9.76344e+02 6.91443e-01
9.76772e+02 6.93538e-01
9.77199e+02 6.95724e-01
9.77626e+02 6.97578e-01
9.78054e+02 6.99375e-01
9.78481e+02 7.01832e-01
9.78908e+02 7.04234e-01
9.79336e+02 7.06325e-01
9.79763e+02 7.08568e-01
9.80190e+02 7.12002e-01
9.80617e+02 7.14813e-01
9.81044e+02 7.17355e-01
9.81471e+02 7.20473e-01
9.81899e+02 7.23514e-01
9.82326e+02 7.26659e-01
9.82753e+02 7.29626e-01
9.83180e+02 7.32293e-01
9.83607e+02 7.35867e-01
9.84034e+02 7.39440e-01
9.84460e+02 7.43282e-01
9.84887e+02 7.46174e-01
9.85314e+02 7.49356e-01
9.85741e+02 7.52514e-01
9.86168e+02 7.55664e-01
9.86594e+02 7.59195e-01
9.87021e+02 7.62927e-01
9.87448e+02 7.66836e-01
9.87875e+02 7.70829e-01
9.88301e+02 7.74811e-01
9.88728e+02 7.78498e-01
9.89154e+02 7.82459e-01
9.89581e+02 7.85720e-01
9.90007e+02 7.89368e-01
9.90434e+02 7.92844e-01
9.90860e+02 7.96110e-01
9.91287e+02 7.98806e-01
9.91713e+02 8.01424e-01
9.92139e+02 8.03732e-01
9.92566e+02 8.05775e-01
9.92992e+02 8.07844e-01
9.93418e+02 8.09632e-01
9.93845e+02 8.11894e-01
9.94271e+02 8.13628e-01
9.94697e+02 8.14842e-01
9.95123e+02 8.16359e-01
9.95549e+02 8.18080e-01
9.95975e+02 8.19218e-01
9.96401e+02 8.20290e-01
9.96827e+02 8.21975e-01
9.97253e+02 8.23738e-01
9.97679e+02 8.26783e-01
9.98105e+02 8.29409e-01
9.98531e+02 8.31490e-01
9.98957e+02 8.33528e-01
9.99383e+02 8.37158e-01
9.99809e+02 8.40919e-01
1.00023e+03 8.44419e-01
1.00066e+03 8.48380e-01
1.00109e+03 8.53513e-01
1.00151e+03 8.58924e-01
1.00194e+03 8.64398e-01
1.00236e+03 8.70605e-01
1.00279e+03 8.78062e-01
1.00321e+03 8.85385e-01
1.00364e+03 8.92735e-01
1.00407e+03 9.00216e-01
1.00449e+03 9.08980e-01
1.00492e+03 9.17740e-01
1.00534e+03 9.25839e-01
1.00577e+03 9.33950e-01
1.00619e+03 9.41538e-01
1.00662e+03 9.49885e-01
1.00704e+03 9.57316e-01
1.00747e+03 9.65589e-01
1.00789e+03 9.73012e-01
1.00832e+03 9.81166e-01
1.00874e+03 9.89130e-01
1.00917e+03 9.96744e-01
1.00959e+03 1.00469e+00
1.01002e+03 1.01202e+00
1.01044e+03 1.01990e+00
1.01087e+03 1.02813e+00
1.01129e+03 1.03609e+00
1.01172e+03 1.04417e+00
1.01214e+03 1.05187e+00
1.01257e+03 1.05981e+00
1.01299e+03 1.06846e+00
1.01342e+03 1.07677e+00
1.01384e+03 1.08501e+00
1.01427e+03 1.09294e+00
1.01469e+03 1.10169e+00
1.01512e+03 1.10975e+00
1.01554e+03 1.11831e+00
1.01597e+03 1.12800e+00
1.01639e+03 1.13717e+00
1.01682e+03 1.14686e+00
1.01724e+03 1.15580e+00
1.01767e+03 1.16490e+00
1.01809e+03 1.17568e+00
1.01851e+03 1.18641e+00
1.01894e+03 1.19663e+00
1.01936e+03 1.20642e+00
1.01979e+03 1.21717e+00
1.02021e+03 1.22719e+00
1.02064e+03 1.23757e+00
1.02106e+03 1.24583e+00
1.02148e+03 1.25525e+00
1.02191e+03 1.26518e+00
1.02233e+03 1.27618e+00
1.02276e+03 1.28693e+00
1.02318e+03 1.29729e+00
1.02361e+03 1.30763e+00
1.02403e+03 1.31895e+00
1.02445e+03 1.33051e+00
1.02488e+03 1.34194e+00
1.02530e+03 1.35396e+00
1.02573e+03 1.36545e+00
1.02615e+03 1.37844e+00
1.02657e+03 1.39229e+00
1.02700e+03 1.40497e+00
1.02742e+03 1.41947e+00
1.02785e+03 1.43212e+00
1.02827e+03 1.44544e+00
1.02869e+03 1.45847e+00
1.02912e+03 1.47283e+00
1.02954e+03 1.48658e+00
1.02996e+03 1.50041e+00
1.03039e+03 1.51614e+00
1.03081e+03 1.53111e+00
1.03123e+03 1.54765e+00
1.03166e+03 1.56334e+00
1.03208e+03 1.57803e+00
1.03250e+03 1.59423e+00
1.03293e+03 1.61136e+00
1.03335e+03 1.63045e+00
1.03378e+03 1.64856e+00
1.03420e+03 1.66637e+00
1.03462e+03 1.68484e+00
1.03505e+03 1.70280e+00
1.03547e+03 1.72284e+00
1.03589e+03 1.74217e+00
1.03631e+03 1.76046e+00
1.03674e+03 1.77922e+00
1.03716e+03 1.79868e+00
1.03758e+03 1.81885e+00
1.03801e+03 1.83852e+00
1.03843e+03 1.85887e+00
1.03885e+03 1.88064e+00
1.03928e+03 1.90402e+00
1.03970e+03 1.92830e+00
1.04012e+03 1.94977e+00
1.04054e+03 1.97341e+00
1.04097e+03 1.99729e+00
1.04139e+03 2.02032e+00
1.04181e+03 2.04427e+00
1.04224e+03 2.06703e+00
1.04266e+03 2.09221e+00
1.04308e+03 2.11692e+00
1.04350e+03 2.13930e+00
1.04393e+03 2.16190e+00
1.04435e+03 2.18674e+00
1.04477e+03 2.21000e+00
1.04519e+03 2.23157e+00
1.04562e+03 2.25554e+00
1.04604e+03 2.27888e+00
1.04646e+03 2.30200e+00
1.04688e+03 2.32582e+00
1.04731e+03 2.35070e+00
1.04773e+03 2.37401e+00
1.04815e+03 2.40001e+00
1.04857e+03 2.42772e+00
1.04900e+03 2.45803e+00
1.04942e+03 2.48469e+00
1.04984e+03 2.51479e+00
1.05026e+03 2.54880e+00
1.05069e+03 2.57874e+00
1.05111e+03 2.60900e+00
1.05153e+03 2.63852e+00
1.05195e+03 2.67323e+00
1.05237e+03 2.70316e+00
1.05280e+03 2.73695e+00
1.05322e+03 2.77480e+00
1.05364e+03 2.80813e+00
1.05406e+03 2.84660e+00
1.05448e+03 2.88197e+00
1.05490e+03 2.91849e+00
1.05533e+03 2.96099e+00
1.05575e+03 3.00315e+00
1.05617e+03 3.04161e+00
1.05659e+03 3.07855e+00
1.05701e+03 3.11936e+00
1.05744e+03 3.16438e+00
1.05786e+03 3.20511e+00
1.05828e+03 3.24552e+00
1.05870e+03 3.28687e+00
1.05912e+03 3.32389e+00
1.05954e+03 3.36736e+00
1.05996e+03 3.40867e+00
1.06039e+03 3.45239e+00
1.06081e+03 3.49566e+00
1.06123e+03 3.53704e+00
1.06165e+03 3.58635e+00
1.06207e+03 3.63861e+00
1.06249e+03 3.68352e+00
1.06291e+03 3.72917e+00
1.06334e+03 3.78356e+00
1.06376e+03 3.83310e+00
1.06418e+03 3.88897e+00
1.06460e+03 3.94318e+00
1.06502e+03 3.99776e+00
1.06544e+03 4.04913e+00
1.06586e+03 4.10433e+00
1.06628e+03 4.15021e+00
1.06670e+03 4.20444e+00
1.06713e+03 4.25564e+00
1.06755e+03 4.30531e+00
1.06797e+03 4.35488e+00
1.06839e+03 4.41440e+00
1.06881e+03 4.47004e+00
1.06923e+03 4.53438e+00
1.06965e+03 4.59796e+00
1.07007e+03 4.65872e+00
1.07049e+03 4.71864e+00
1.07091e+03 4.78877e+00
1.07133e+03 4.86421e+00
1.07175e+03 4.92856e+00
1.07217e+03 4.99983e+00
1.07259e+03 5.08458e+00
1.07302e+03 5.16336e+00
1.07344e+03 5.23790e+00
1.07386e+03 5.31826e+00
1.07428e+03 5.39687e+00
1.07470e+03 5.49922e+00
1.07512e+03 5.58917e+00
1.07554e+03 5.69411e+00
1.07596e+03 5.78772e+00
1.07638e+03 5.88348e+00
1.07680e+03 5.99378e+00
1.07722e+03 6.10206e+00
1.07764e+03 6.21430e+00
1.07806e+03 6.33472e+00
1.07848e+03 6.46379e+00
1.07890e+03 6.59306e+00
1.07932e+03 6.72560e+00
1.07974e+03 6.86916e+00
1.08016e+03 7.01880e+00
1.08058e+03 7.16422e+00
1.08100e+03 7.32435e+00
1.08142e+03 7.48998e+00
1.08184e+03 7.65372e+00
1.08226e+03 7.83535e+00
1.08268e+03 8.00833e+00
1.08310e+03 8.19306e+00
1.08352e+03 8.36784e+00
1.08394e+03 8.56506e+00
1.08436e+03 8.76691e+00
1.08478e+03 8.96861e+00
1.08520e+03 9.16671e+00
1.08562e+03 9.37955e+00
1.08604e+03 9.59015e+00
1.08646e+03 9.80296e+00
1.08688e+03 1.00126e+01
1.08730e+03 1.02096e+01
1.08771e+03 1.04469e+01
1.08813e+03 1.06617e+01
1.08855e+03 1.09271e+01
1.08897e+03 1.11736e+01
1.08939e+03 1.14338e+01
1.08981e+03 1.16996e+01
1.09023e+03 1.19328e+01
1.09065e+03 1.22036e+01
1.09107e+03 1.24973e+01
1.09149e+03 1.28038e+01
1.09191e+03 1.30793e+01
1.09233e+03 1.33845e+01
1.09275e+03 1.36329e+01
1.09316e+03 1.39701e+01
1.09358e+03 1.43006e+01
1.09400e+03 1.46787e+01
1.09442e+03 1.50348e+01
1.09484e+03 1.55564e+01
1.09526e+03 1.60159e+01
1.09568e+03 1.65194e+01
1.09610e+03 1.70307e+01
1.09652e+03 1.75898e+01
1.09693e+03 1.81546e+01
1.09735e+03 1.88401e+01
1.09777e+03 1.92995e+01
1.09819e+03 1.98653e+01
1.09861e+03 2.04147e+01
1.09903e+03 2.10580e+01
1.09945e+03 2.16992e+01
1.09987e+03 2.24005e+01
1.10028e+03 2.30100e+01
1.10070e+03 2.37651e+01
1.10112e+03 2.44602e+01
1.10154e+03 2.51433e+01
1.10196e+03 2.57097e+01
1.10238e+03 2.64652e+01
1.10279e+03 2.71977e+01
1.10321e+03 2.80173e+01
1.10363e+03 2.88627e+01
1.10405e+03 2.98167e+01
1.10447e+03 3.07542e+01
1.10489e+03 3.18471e+01
1.10530e+03 3.30751e+01
1.10572e+03 3.41457e+01
1.10614e+03 3.52686e+01
1.10656e+03 3.69899e+01
1.10698e+03 3.80972e+01
1.10739e+03 3.96032e+01
1.10781e+03 4.06353e+01
1.10823e+03 4.15533e+01
1.10865e+03 4.24543e+01
1.10907e+03 4.42131e+01
1.10948e+03 4.51924e+01
1.10990e+03 4.67688e+01
1.11032e+03 4.84564e+01
1.11074e+03 5.02696e+01
1.11115e+03 5.22244e+01
1.11157e+03 5.43390e+01
1.11199e+03 5.66339e+01
1.11241e+03 5.91324e+01
1.11282e+03 6.18608e+01
1.11324e+03 6.48491e+01
1.11366e+03 6.81312e+01
1.11408e+03 7.17459e+01
1.11450e+03 7.57370e+01
1.11491e+03 8.01541e+01
1.11533e+03 8.50531e+01
1.11575e+03 9.04961e+01
1.11616e+03 9.65512e+01
1.11658e+03 1.03292e+02
1.11700e+03 1.10794e+02
1.11742e+03 1.19131e+02
1.11783e+03 1.28367e+02
1.11825e+03 1.38544e+02
1.11867e+03 1.49661e+02
1.11909e+03 1.61648e+02
1.11950e+03 1.74327e+02
1.11992e+03 1.87366e+02
1.12034e+03 2.00237e+02
1.12075e+03 2.12186e+02
