2.06050e+02 0.00000e+00
2.06526e+02 0.00000e+00
2.07001e+02 0.00000e+00
2.07477e+02 0.00000e+00
2.07952e+02 0.00000e+00
2.08428e+02 0.00000e+00
2.08903e+02 0.00000e+00
2.09378e+02 0.00000e+00
2.09854e+02 0.00000e+00
2.10329e+02 0.00000e+00
2.10804e+02 0.00000e+00
2.11279e+02 0.00000e+00
2.11754e+02 0.00000e+00
2.12230e+02 0.00000e+00
2.12705e+02 0.00000e+00
2.13180e+02 0.00000e+00
2.13655e+02 0.00000e+00
2.14130e+02 0.00000e+00
2.14605e+02 0.00000e+00
2.15080e+02 0.00000e+00
2.15555e+02 0.00000e+00
2.16030e+02 0.00000e+00
2.16505e+02 0.00000e+00
2.16980e+02 0.00000e+00
2.17455e+02 0.00000e+00
2.17930e+02 0.00000e+00
2.18404e+02 0.00000e+00
2.18879e+02 0.00000e+00
2.19354e+02 0.00000e+00
2.19829e+02 0.00000e+00
2.20303e+02 0.00000e+00
2.20778e+02 0.00000e+00
2.21253e+02 0.00000e+00
2.21727e+02 0.00000e+00
2.22202e+02 0.00000e+00
2.22677e+02 0.00000e+00
2.23151e+02 0.00000e+00
2.23626e+02 0.00000e+00
2.24100e+02 0.00000e+00
2.24575e+02 0.00000e+00
2.25049e+02 0.00000e+00
2.25524e+02 0.00000e+00
2.25998e+02 0.00000e+00
2.26472e+02 0.00000e+00
2.26947e+02 0.00000e+00
2.27421e+02 0.00000e+00
2.27895e+02 0.00000e+00
2.28370e+02 0.00000e+00
2.28844e+02 0.00000e+00
2.29318e+02 0.00000e+00
2.29792e+02 0.00000e+00
2.30266e+02 0.00000e+00
2.30741e+02 0.00000e+00
2.31215e+02 0.00000e+00
2.31689e+02 0.00000e+00
2.32163e+02 0.00000e+00
2.32637e+02 0.00000e+00
2.33111e+02 0.00000e+00
2.33585e+02 0.00000e+00
2.34059e+02 0.00000e+00
2.34533e+02 0.00000e+00
2.35007e+02 0.00000e+00
2.35481e+02 0.00000e+00
2.35954e+02 0.00000e+00
2.36428e+02 0.00000e+00
2.36902e+02 0.00000e+00
2.37376e+02 0.00000e+00
2.37850e+02 0.00000e+00
2.38323e+02 0.00000e+00
2.38797e+02 0.00000e+00
2.39271e+02 0.00000e+00
2.39744e+02 0.00000e+00
2.40218e+02 0.00000e+00
2.40692e+02 0.00000e+00
2.41165e+02 0.00000e+00
2.41639e+02 0.00000e+00
2.42112e+02 0.00000e+00
2.42586e+02 0.00000e+00
2.43059e+02 0.00000e+00
2.43533e+02 0.00000e+00
2.44006e+02 0.00000e+00
2.44479e+02 0.00000e+00
2.44953e+02 0.00000e+00
2.45426e+02 0.00000e+00
2.45899e+02 0.00000e+00
2.46373e+02 0.00000e+00
2.46846e+02 0.00000e+00
2.47319e+02 0.00000e+00
2.47792e+02 0.00000e+00
2.48265e+02 0.00000e+00
2.48739e+02 0.00000e+00
2.49212e+02 0.00000e+00
2.49685e+02 0.00000e+00
2.50158e+02 0.00000e+00
2.50631e+02 0.00000e+00
2.51104e+02 0.00000e+00
2.51577e+02 0.00000e+00
2.52050e+02 0.00000e+00
2.52523e+02 0.00000e+00
2.52996e+02 0.00000e+00
2.53468e+02 0.00000e+00
2.53941e+02 0.00000e+00
2.54414e+02 0.00000e+00
2.54887e+02 0.00000e+00
2.55360e+02 0.00000e+00
2.55832e+02 0.00000e+00
2.56305e+02 0.00000e+00
2.56778e+02 0.00000e+00
2.57251e+02 0.00000e+00
2.57723e+02 0.00000e+00
2.58196e+02 0.00000e+00
2.58668e+02 0.00000e+00
2.59141e+02 0.00000e+00
2.59613e+02 0.00000e+00
2.60086e+02 0.00000e+00
2.60558e+02 0.00000e+00
2.61031e+02 0.00000e+00
2.61503e+02 0.00000e+00
2.61976e+02 0.00000e+00
2.62448e+02 0.00000e+00
2.62920e+02 0.00000e+00
2.63393e+02 0.00000e+00
2.63865e+02 0.00000e+00
2.64337e+02 0.00000e+00
2.64810e+02 0.00000e+00
2.65282e+02 0.00000e+00
2.65754e+02 0.00000e+00
2.66226e+02 0.00000e+00
2.66698e+02 0.00000e+00
2.67170e+02 0.00000e+00
2.67643e+02 0.00000e+00
2.68115e+02 0.00000e+00
2.68587e+02 0.00000e+00
2.69059e+02 0.00000e+00
2.69531e+02 0.00000e+00
2.70003e+02 0.00000e+00
2.70474e+02 0.00000e+00
2.70946e+02 0.00000e+00
2.71418e+02 0.00000e+00
2.71890e+02 0.00000e+00
2.72362e+02 0.00000e+00
2.72834e+02 0.00000e+00
2.73305e+02 0.00000e+00
2.73777e+02 0.00000e+00
2.74249e+02 0.00000e+00
2.74721e+02 0.00000e+00
2.75192e+02 0.00000e+00
2.75664e+02 0.00000e+00
2.76136e+02 0.00000e+00
2.76607e+02 0.00000e+00
2.77079e+02 0.00000e+00
2.77550e+02 0.00000e+00
2.78022e+02 0.00000e+00
2.78493e+02 0.00000e+00
2.78965e+02 0.00000e+00
2.79436e+02 0.00000e+00
2.79907e+02 0.00000e+00
2.80379e+02 0.00000e+00
2.80850e+02 0.00000e+00
2.81321e+02 0.00000e+00
2.81793e+02 0.00000e+00
2.82264e+02 0.00000e+00
2.82735e+02 0.00000e+00
2.83206e+02 0.00000e+00
2.83678e+02 0.00000e+00
2.84149e+02 0.00000e+00
2.84620e+02 0.00000e+00
2.85091e+02 0.00000e+00
2.85562e+02 0.00000e+00
2.86033e+02 0.00000e+00
2.86504e+02 0.00000e+00
2.86975e+02 0.00000e+00
2.87446e+02 0.00000e+00
2.87917e+02 0.00000e+00
2.88388e+02 0.00000e+00
2.88859e+02 0.00000e+00
2.89330e+02 0.00000e+00
2.89801e+02 0.00000e+00
2.90271e+02 0.00000e+00
2.90742e+02 0.00000e+00
2.91213e+02 0.00000e+00
2.91684e+02 0.00000e+00
2.92154e+02 0.00000e+00
2.92625e+02 0.00000e+00
2.93096e+02 0.00000e+00
2.93566e+02 0.00000e+00
2.94037e+02 0.00000e+00
2.94508e+02 0.00000e+00
2.94978e+02 0.00000e+00
2.95449e+02 0.00000e+00
2.95919e+02 0.00000e+00
2.96390e+02 0.00000e+00
2.96860e+02 0.00000e+00
2.97330e+02 0.00000e+00
2.97801e+02 0.00000e+00
2.98271e+02 0.00000e+00
2.98741e+02 0.00000e+00
2.99212e+02 0.00000e+00
2.99682e+02 0.00000e+00
3.00152e+02 0.00000e+00
3.00623e+02 0.00000e+00
3.01093e+02 0.00000e+00
3.01563e+02 0.00000e+00
3.02033e+02 0.00000e+00
3.02503e+02 0.00000e+00
3.02973e+02 0.00000e+00
3.03443e+02 0.00000e+00
3.03913e+02 0.00000e+00
3.04383e+02 0.00000e+00
3.04853e+02 0.00000e+00
3.05323e+02 0.00000e+00
3.05793e+02 0.00000e+00
3.06263e+02 0.00000e+00
3.06733e+02 0.00000e+00
3.07203e+02 0.00000e+00
3.07673e+02 0.00000e+00
3.08143e+02 0.00000e+00
3.08612e+02 0.00000e+00
3.09082e+02 0.00000e+00
3.09552e+02 0.00000e+00
3.10021e+02 0.00000e+00
3.10491e+02 0.00000e+00
3.10961e+02 0.00000e+00
3.11430e+02 0.00000e+00
3.11900e+02 0.00000e+00
3.12369e+02 0.00000e+00
3.12839e+02 0.00000e+00
3.13309e+02 0.00000e+00
3.13778e+02 0.00000e+00
3.14247e+02 0.00000e+00
3.14717e+02 0.00000e+00
3.15186e+02 0.00000e+00
3.15656e+02 0.00000e+00
3.16125e+02 0.00000e+00
3.16594e+02 0.00000e+00
3.17064e+02 0.00000e+00
3.17533e+02 0.00000e+00
3.18002e+02 0.00000e+00
3.18471e+02 0.00000e+00
3.18941e+02 0.00000e+00
3.19410e+02 0.00000e+00
3.19879e+02 0.00000e+00
3.20348e+02 0.00000e+00
3.20817e+02 0.00000e+00
3.21286e+02 0.00000e+00
3.21755e+02 0.00000e+00
3.22224e+02 0.00000e+00
3.22693e+02 0.00000e+00
3.23162e+02 0.00000e+00
3.23631e+02 0.00000e+00
3.24100e+02 0.00000e+00
3.24569e+02 0.00000e+00
3.25037e+02 0.00000e+00
3.25506e+02 0.00000e+00
3.25975e+02 0.00000e+00
3.26444e+02 0.00000e+00
3.26913e+02 0.00000e+00
3.27381e+02 0.00000e+00
3.27850e+02 0.00000e+00
3.28319e+02 0.00000e+00
3.28787e+02 0.00000e+00
3.29256e+02 0.00000e+00
3.29724e+02 0.00000e+00
3.30193e+02 0.00000e+00
3.30661e+02 0.00000e+00
3.31130e+02 0.00000e+00
3.31598e+02 0.00000e+00
3.32067e+02 0.00000e+00
3.32535e+02 0.00000e+00
3.33004e+02 0.00000e+00
3.33472e+02 0.00000e+00
3.33940e+02 0.00000e+00
3.34409e+02 0.00000e+00
3.34877e+02 0.00000e+00
3.35345e+02 0.00000e+00
3.35813e+02 0.00000e+00
3.36282e+02 0.00000e+00
3.36750e+02 0.00000e+00
3.37218e+02 0.00000e+00
3.37686e+02 0.00000e+00
3.38154e+02 0.00000e+00
3.38622e+02 0.00000e+00
3.39090e+02 0.00000e+00
3.39558e+02 0.00000e+00
3.40026e+02 0.00000e+00
3.40494e+02 0.00000e+00
3.40962e+02 0.00000e+00
3.41430e+02 0.00000e+00
3.41898e+02 0.00000e+00
3.42366e+02 0.00000e+00
3.42833e+02 0.00000e+00
3.43301e+02 0.00000e+00
3.43769e+02 0.00000e+00
3.44237e+02 0.00000e+00
3.44704e+02 0.00000e+00
3.45172e+02 0.00000e+00
3.45640e+02 0.00000e+00
3.46107e+02 0.00000e+00
3.46575e+02 0.00000e+00
3.47043e+02 0.00000e+00
3.47510e+02 0.00000e+00
3.47978e+02 0.00000e+00
3.48445e+02 0.00000e+00
3.48913e+02 0.00000e+00
3.49380e+02 0.00000e+00
3.49847e+02 0.00000e+00
3.50315e+02 1.19043e-01
3.50782e+02 1.18359e-01
3.51250e+02 1.17972e-01
3.51717e+02 1.17287e-01
3.52184e+02 1.16652e-01
3.52651e+02 1.15839e-01
3.53119e+02 1.15196e-01
3.53586e+02 1.14729e-01
3.54053e+02 1.14300e-01
3.54520e+02 1.13955e-01
3.54987e+02 1.13452e-01
3.55454e+02 1.13413e-01
3.55921e+02 1.13228e-01
3.56388e+02 1.13274e-01
3.56855e+02 1.13198e-01
3.57322e+02 1.13105e-01
3.57789e+02 1.12916e-01
3.58256e+02 1.12716e-01
3.58723e+02 1.12411e-01
3.59190e+02 1.12224e-01
3.59657e+02 1.12219e-01
3.60124e+02 1.12007e-01
3.60591e+02 1.11806e-01
3.61057e+02 1.11595e-01
3.61524e+02 1.11534e-01
3.61991e+02 1.11335e-01
3.62457e+02 1.11172e-01
3.62924e+02 1.11197e-01
3.63391e+02 1.11183e-01
3.63857e+02 1.10997e-01
3.64324e+02 1.10838e-01
3.64791e+02 1.10770e-01
3.65257e+02 1.10523e-01
3.65724e+02 1.10263e-01
3.66190e+02 1.09959e-01
3.66656e+02 1.09649e-01
3.67123e+02 1.09544e-01
3.67589e+02 1.09393e-01
3.68056e+02 1.09212e-01
3.68522e+02 1.09119e-01
3.68988e+02 1.08759e-01
3.69455e+02 1.08465e-01
3.69921e+02 1.08344e-01
3.70387e+02 1.08044e-01
3.70853e+02 1.07811e-01
3.71319e+02 1.07617e-01
3.71786e+02 1.07448e-01
3.72252e+02 1.07169e-01
3.72718e+02 1.06984e-01
3.73184e+02 1.06805e-01
3.73650e+02 1.06684e-01
3.74116e+02 1.06457e-01
3.74582e+02 1.06219e-01
3.75048e+02 1.06065e-01
3.75514e+02 1.05864e-01
3.75980e+02 1.05776e-01
3.76446e+02 1.05580e-01
3.76911e+02 1.05396e-01
3.77377e+02 1.05129e-01
3.77843e+02 1.04825e-01
3.78309e+02 1.04798e-01
3.78775e+02 1.04635e-01
3.79240e+02 1.04476e-01
3.79706e+02 1.04397e-01
3.80172e+02 1.04256e-01
3.80637e+02 1.04154e-01
3.81103e+02 1.03999e-01
3.81568e+02 1.03803e-01
3.82034e+02 1.03616e-01
3.82500e+02 1.03424e-01
3.82965e+02 1.03271e-01
3.83431e+02 1.03120e-01
3.83896e+02 1.02834e-01
3.84361e+02 1.02707e-01
3.84827e+02 1.02517e-01
3.85292e+02 1.02306e-01
3.85757e+02 1.02122e-01
3.86223e+02 1.01942e-01
3.86688e+02 1.01749e-01
3.87153e+02 1.01572e-01
3.87619e+02 1.01456e-01
3.88084e+02 1.01387e-01
3.88549e+02 1.01200e-01
3.89014e+02 1.01000e-01
3.89479e+02 1.00652e-01
3.89944e+02 1.00439e-01
3.90409e+02 1.00184e-01
3.90874e+02 9.99338e-02
3.91339e+02 9.97585e-02
3.91804e+02 9.96082e-02
3.92269e+02 9.94984e-02
3.92734e+02 9.92517e-02
3.93199e+02 9.91277e-02
3.93664e+02 9.89131e-02
3.94129e+02 9.86597e-02
3.94594e+02 9.84338e-02
3.95059e+02 9.81877e-02
3.95523e+02 9.79124e-02
3.95988e+02 9.76541e-02
3.96453e+02 9.74469e-02
3.96917e+02 9.71371e-02
3.97382e+02 9.69347e-02
3.97847e+02 9.66920e-02
3.98311e+02 9.64574e-02
3.98776e+02 9.61881e-02
3.99240e+02 9.59045e-02
3.99705e+02 9.56032e-02
4.00169e+02 9.53153e-02
4.00634e+02 9.49868e-02
4.01098e+02 9.46493e-02
4.01563e+02 9.42982e-02
4.02027e+02 9.39875e-02
4.02492e+02 9.36431e-02
4.02956e+02 9.33645e-02
4.03420e+02 9.31156e-02
4.03884e+02 9.27922e-02
4.04349e+02 9.25116e-02
4.04813e+02 9.21979e-02
4.05277e+02 9.18765e-02
4.05741e+02 9.15154e-02
4.06205e+02 9.11624e-02
4.06670e+02 9.08079e-02
4.07134e+02 9.05007e-02
4.07598e+02 9.01870e-02
4.08062e+02 8.98505e-02
4.08526e+02 8.95170e-02
4.08990e+02 8.91715e-02
4.09454e+02 8.88312e-02
4.09918e+02 8.85266e-02
4.10382e+02 8.82367e-02
4.10845e+02 8.79615e-02
4.11309e+02 8.76955e-02
4.11773e+02 8.74430e-02
4.12237e+02 8.72319e-02
4.12701e+02 8.70537e-02
4.13164e+02 8.68317e-02
4.13628e+02 8.66098e-02
4.14092e+02 8.64063e-02
4.14555e+02 8.62287e-02
4.15019e+02 8.61179e-02
4.15483e+02 8.60057e-02
4.15946e+02 8.58780e-02
4.16410e+02 8.58048e-02
4.16873e+02 8.57283e-02
4.17337e+02 8.56579e-02
4.17800e+02 8.55515e-02
4.18264e+02 8.54743e-02
4.18727e+02 8.54376e-02
4.19190e+02 8.54718e-02
4.19654e+02 8.54949e-02
4.20117e+02 8.55510e-02
4.20580e+02 8.56053e-02
4.21044e+02 8.56927e-02
4.21507e+02 8.58339e-02
4.21970e+02 8.59778e-02
4.22433e+02 8.62278e-02
4.22897e+02 8.64318e-02
4.23360e+02 8.66526e-02
4.23823e+02 8.69142e-02
4.24286e+02 8.72333e-02
4.24749e+02 8.75633e-02
4.25212e+02 8.79084e-02
4.25675e+02 8.82858e-02
4.26138e+02 8.86977e-02
4.26601e+02 8.91502e-02
4.27064e+02 8.96373e-02
4.27527e+02 9.01863e-02
4.27990e+02 9.07737e-02
4.28452e+02 9.13637e-02
4.28915e+02 9.19897e-02
4.29378e+02 9.26763e-02
4.29841e+02 9.34076e-02
4.30303e+02 9.41779e-02
4.30766e+02 9.49573e-02
4.31229e+02 9.57798e-02
4.31691e+02 9.66704e-02
4.32154e+02 9.75648e-02
4.32617e+02 9.84924e-02
4.33079e+02 9.94281e-02
4.33542e+02 1.00413e-01
4.34004e+02 1.01425e-01
4.34467e+02 1.02430e-01
4.34929e+02 1.03522e-01
4.35392e+02 1.04633e-01
4.35854e+02 1.05749e-01
4.36316e+02 1.06866e-01
4.36779e+02 1.08053e-01
4.37241e+02 1.09269e-01
4.37703e+02 1.10555e-01
4.38166e+02 1.11819e-01
4.38628e+02 1.13218e-01
4.39090e+02 1.14641e-01
4.39552e+02 1.16157e-01
4.40014e+02 1.17645e-01
4.40477e+02 1.19204e-01
4.40939e+02 1.20747e-01
4.41401e+02 1.22378e-01
4.41863e+02 1.23983e-01
4.42325e+02 1.25655e-01
4.42787e+02 1.27339e-01
4.43249e+02 1.29090e-01
4.43711e+02 1.31011e-01
4.44173e+02 1.32866e-01
4.44634e+02 1.34717e-01
4.45096e+02 1.36636e-01
4.45558e+02 1.38595e-01
4.46020e+02 1.40607e-01
4.46482e+02 1.42577e-01
4.46943e+02 1.44641e-01
4.47405e+02 1.46791e-01
4.47867e+02 1.48894e-01
4.48328e+02 1.50930e-01
4.48790e+02 1.53144e-01
4.49252e+02 1.55378e-01
4.49713e+02 1.57619e-01
4.50175e+02 1.59819e-01
4.50636e+02 1.62102e-01
4.51098e+02 1.64364e-01
4.51559e+02 1.66636e-01
4.52021e+02 1.68965e-01
4.52482e+02 1.71320e-01
4.52944e+02 1.73638e-01
4.53405e+02 1.76030e-01
4.53866e+02 1.78417e-01
4.54328e+02 1.80940e-01
4.54789e+02 1.83366e-01
4.55250e+02 1.85823e-01
4.55711e+02 1.88315e-01
4.56173e+02 1.90886e-01
4.56634e+02 1.93471e-01
4.57095e+02 1.96076e-01
4.57556e+02 1.98660e-01
4.58017e+02 2.01331e-01
4.58478e+02 2.03921e-01
4.58939e+02 2.06632e-01
4.59400e+02 2.09256e-01
4.59861e+02 2.11977e-01
4.60322e+02 2.14678e-01
4.60783e+02 2.17308e-01
4.61244e+02 2.19903e-01
4.61705e+02 2.22549e-01
4.62166e+02 2.25257e-01
4.62626e+02 2.27949e-01
4.63087e+02 2.30510e-01
4.63548e+02 2.33205e-01
4.64009e+02 2.35931e-01
4.64469e+02 2.38651e-01
4.64930e+02 2.41192e-01
4.65391e+02 2.43730e-01
4.65851e+02 2.46375e-01
4.66312e+02 2.49037e-01
4.66772e+02 2.51624e-01
4.67233e+02 2.54321e-01
4.67693e+02 2.56917e-01
4.68154e+02 2.59467e-01
4.68614e+02 2.62241e-01
4.69075e+02 2.64808e-01
4.69535e+02 2.67547e-01
4.69996e+02 2.70325e-01
4.70456e+02 2.73005e-01
4.70916e+02 2.75534e-01
4.71377e+02 2.78057e-01
4.71837e+02 2.80673e-01
4.72297e+02 2.83327e-01
4.72757e+02 2.85857e-01
4.73217e+02 2.88247e-01
4.73678e+02 2.90797e-01
4.74138e+02 2.93305e-01
4.74598e+02 2.95787e-01
4.75058e+02 2.98145e-01
4.75518e+02 3.00564e-01
4.75978e+02 3.03046e-01
4.76438e+02 3.05433e-01
4.76898e+02 3.07909e-01
4.77358e+02 3.10350e-01
4.77818e+02 3.12674e-01
4.78278e+02 3.15084e-01
4.78737e+02 3.17301e-01
4.79197e+02 3.19645e-01
4.79657e+02 3.21659e-01
4.80117e+02 3.23973e-01
4.80577e+02 3.26204e-01
4.81036e+02 3.28350e-01
4.81496e+02 3.30452e-01
4.81956e+02 3.32653e-01
4.82415e+02 3.34693e-01
4.82875e+02 3.36912e-01
4.83334e+02 3.38743e-01
4.83794e+02 3.40665e-01
4.84253e+02 3.42741e-01
4.84713e+02 3.44776e-01
4.85172e+02 3.46621e-01
4.85632e+02 3.48352e-01
4.86091e+02 3.50095e-01
4.86551e+02 3.51894e-01
4.87010e+02 3.53670e-01
4.87469e+02 3.55169e-01
4.87929e+02 3.56857e-01
4.88388e+02 3.58596e-01
4.88847e+02 3.60103e-01
4.89306e+02 3.61606e-01
4.89765e+02 3.63023e-01
4.90225e+02 3.64360e-01
4.90684e+02 3.65851e-01
4.91143e+02 3.67232e-01
4.91602e+02 3.68275e-01
4.92061e+02 3.69389e-01
4.92520e+02 3.70387e-01
4.92979e+02 3.71519e-01
4.93438e+02 3.72993e-01
4.93897e+02 3.74185e-01
4.94356e+02 3.75408e-01
4.94815e+02 3.76648e-01
4.95274e+02 3.77710e-01
4.95732e+02 3.78762e-01
4.96191e+02 3.79858e-01
4.96650e+02 3.80840e-01
4.97109e+02 3.81913e-01
4.97567e+02 3.82910e-01
4.98026e+02 3.83811e-01
4.98485e+02 3.84676e-01
4.98943e+02 3.85410e-01
4.99402e+02 3.86083e-01
4.99861e+02 3.86699e-01
5.00319e+02 3.87409e-01
5.00778e+02 3.87922e-01
5.01236e+02 3.88359e-01
5.01695e+02 3.88681e-01
5.02153e+02 3.89037e-01
5.02611e+02 3.89307e-01
5.03070e+02 3.89413e-01
5.03528e+02 3.89538e-01
5.03987e+02 3.89583e-01
5.04445e+02 3.89441e-01
5.04903e+02 3.89290e-01
5.05361e+02 3.89059e-01
5.05820e+02 3.88931e-01
5.06278e+02 3.88598e-01
5.06736e+02 3.88472e-01
5.07194e+02 3.88254e-01
5.07652e+02 3.88090e-01
5.08110e+02 3.87661e-01
5.08568e+02 3.87449e-01
5.09026e+02 3.87362e-01
5.09484e+02 3.87054e-01
5.09942e+02 3.86743e-01
5.10400e+02 3.86608e-01
5.10858e+02 3.86303e-01
5.11316e+02 3.86119e-01
5.11774e+02 3.85900e-01
5.12232e+02 3.85786e-01
5.12690e+02 3.85548e-01
5.13147e+02 3.85199e-01
5.13605e+02 3.84885e-01
5.14063e+02 3.84812e-01
5.14520e+02 3.84403e-01
5.14978e+02 3.83998e-01
5.15436e+02 3.83486e-01
5.15893e+02 3.82919e-01
5.16351e+02 3.82240e-01
5.16808e+02 3.81712e-01
5.17266e+02 3.80918e-01
5.17724e+02 3.80409e-01
5.18181e+02 3.79672e-01
5.18638e+02 3.78846e-01
5.19096e+02 3.77981e-01
5.19553e+02 3.77134e-01
5.20011e+02 3.76233e-01
5.20468e+02 3.75232e-01
5.20925e+02 3.74223e-01
5.21382e+02 3.73137e-01
5.21840e+02 3.72030e-01
5.22297e+02 3.70910e-01
5.22754e+02 3.69784e-01
5.23211e+02 3.68625e-01
5.23668e+02 3.67402e-01
5.24126e+02 3.66228e-01
5.24583e+02 3.65090e-01
5.25040e+02 3.63776e-01
5.25497e+02 3.62465e-01
5.25954e+02 3.61237e-01
5.26411e+02 3.59811e-01
5.26868e+02 3.58698e-01
5.27325e+02 3.57411e-01
5.27781e+02 3.56098e-01
5.28238e+02 3.54758e-01
5.28695e+02 3.53445e-01
5.29152e+02 3.52003e-01
5.29609e+02 3.50373e-01
5.30065e+02 3.48802e-01
5.30522e+02 3.47307e-01
5.30979e+02 3.45579e-01
5.31436e+02 3.44033e-01
5.31892e+02 3.42394e-01
5.32349e+02 3.40778e-01
5.32805e+02 3.39082e-01
5.33262e+02 3.37400e-01
5.33718e+02 3.35535e-01
5.34175e+02 3.33892e-01
5.34631e+02 3.32233e-01
5.35088e+02 3.30616e-01
5.35544e+02 3.28779e-01
5.36001e+02 3.27011e-01
5.36457e+02 3.25370e-01
5.36913e+02 3.23670e-01
5.37370e+02 3.21787e-01
5.37826e+02 3.20056e-01
5.38282e+02 3.18332e-01
5.38738e+02 3.16543e-01
5.39195e+02 3.14749e-01
5.39651e+02 3.12951e-01
5.40107e+02 3.10977e-01
5.40563e+02 3.09200e-01
5.41019e+02 3.07470e-01
5.41475e+02 3.05610e-01
5.41931e+02 3.03821e-01
5.42387e+02 3.02123e-01
5.42843e+02 3.00340e-01
5.43299e+02 2.98549e-01
5.43755e+02 2.96744e-01
5.44211e+02 2.94921e-01
5.44667e+02 2.93098e-01
5.45122e+02 2.91305e-01
5.45578e+02 2.89442e-01
5.46034e+02 2.87635e-01
5.46490e+02 2.85820e-01
5.46946e+02 2.83975e-01
5.47401e+02 2.82122e-01
5.47857e+02 2.80305e-01
5.48312e+02 2.78417e-01
5.48768e+02 2.76523e-01
5.49224e+02 2.74726e-01
5.49679e+02 2.72818e-01
5.50135e+02 2.70931e-01
5.50590e+02 2.69032e-01
5.51046e+02 2.67076e-01
5.51501e+02 2.65333e-01
5.51957e+02 2.63427e-01
5.52412e+02 2.61639e-01
5.52867e+02 2.59762e-01
5.53323e+02 2.57929e-01
5.53778e+02 2.55991e-01
5.54233e+02 2.54011e-01
5.54688e+02 2.52179e-01
5.55144e+02 2.50274e-01
5.55599e+02 2.48422e-01
5.56054e+02 2.46588e-01
5.56509e+02 2.44734e-01
5.56964e+02 2.42899e-01
5.57419e+02 2.41044e-01
5.57874e+02 2.39157e-01
5.58329e+02 2.37369e-01
5.58784e+02 2.35695e-01
5.59239e+02 2.33895e-01
5.59694e+02 2.32106e-01
5.60149e+02 2.30345e-01
5.60604e+02 2.28562e-01
5.61059e+02 2.26887e-01
5.61514e+02 2.25104e-01
5.61968e+02 2.23315e-01
5.62423e+02 2.21521e-01
5.62878e+02 2.19746e-01
5.63333e+02 2.17985e-01
5.63787e+02 2.16227e-01
5.64242e+02 2.14501e-01
5.64697e+02 2.12764e-01
5.65151e+02 2.11077e-01
5.65606e+02 2.09358e-01
5.66060e+02 2.07642e-01
5.66515e+02 2.05987e-01
5.66969e+02 2.04305e-01
5.67424e+02 2.02661e-01
5.67878e+02 2.00973e-01
5.68333e+02 1.99347e-01
5.68787e+02 1.97728e-01
5.69241e+02 1.96152e-01
5.69696e+02 1.94576e-01
5.70150e+02 1.93019e-01
5.70604e+02 1.91462e-01
5.71058e+02 1.89955e-01
5.71513e+02 1.88410e-01
5.71967e+02 1.86874e-01
5.72421e+02 1.85384e-01
5.72875e+02 1.83919e-01
5.73329e+02 1.82484e-01
5.73783e+02 1.81044e-01
5.74237e+02 1.79573e-01
5.74691e+02 1.78117e-01
5.75145e+02 1.76680e-01
5.75599e+02 1.75302e-01
5.76053e+02 1.73929e-01
5.76507e+02 1.72550e-01
5.76961e+02 1.71199e-01
5.77415e+02 1.69822e-01
5.77869e+02 1.68466e-01
5.78322e+02 1.67089e-01
5.78776e+02 1.65737e-01
5.79230e+02 1.64392e-01
5.79684e+02 1.63019e-01
5.80137e+02 1.61706e-01
5.80591e+02 1.60406e-01
5.81045e+02 1.59141e-01
5.81498e+02 1.57878e-01
5.81952e+02 1.56630e-01
5.82405e+02 1.55395e-01
5.82859e+02 1.54215e-01
5.83312e+02 1.53030e-01
5.83766e+02 1.51808e-01
5.84219e+02 1.50671e-01
5.84672e+02 1.49553e-01
5.85126e+02 1.48404e-01
5.85579e+02 1.47286e-01
5.86032e+02 1.46188e-01
5.86486e+02 1.45109e-01
5.86939e+02 1.44023e-01
5.87392e+02 1.42993e-01
5.87845e+02 1.41975e-01
5.88299e+02 1.40993e-01
5.88752e+02 1.40019e-01
5.89205e+02 1.39040e-01
5.89658e+02 1.38070e-01
5.90111e+02 1.37126e-01
5.90564e+02 1.36194e-01
5.91017e+02 1.35261e-01
5.91470e+02 1.34354e-01
5.91923e+02 1.33461e-01
5.92376e+02 1.32546e-01
5.92829e+02 1.31666e-01
5.93282e+02 1.30775e-01
5.93734e+02 1.29917e-01
5.94187e+02 1.29057e-01
5.94640e+02 1.28208e-01
5.95093e+02 1.27366e-01
5.95545e+02 1.26552e-01
5.95998e+02 1.25706e-01
5.96451e+02 1.24883e-01
5.96903e+02 1.24045e-01
5.97356e+02 1.23227e-01
5.97809e+02 1.22402e-01
5.98261e+02 1.21586e-01
5.98714e+02 1.20756e-01
5.99166e+02 1.19958e-01
5.99619e+02 1.19156e-01
6.00071e+02 1.18384e-01
6.00523e+02 1.17574e-01
6.00976e+02 1.16805e-01
6.01428e+02 1.16047e-01
6.01881e+02 1.15304e-01
6.02333e+02 1.14598e-01
6.02785e+02 1.13884e-01
6.03237e+02 1.13217e-01
6.03690e+02 1.12553e-01
6.04142e+02 1.11913e-01
6.04594e+02 1.11313e-01
6.05046e+02 1.10742e-01
6.05498e+02 1.10208e-01
6.05950e+02 1.09687e-01
6.06402e+02 1.09178e-01
6.06854e+02 1.08695e-01
6.07306e+02 1.08224e-01
6.07758e+02 1.07769e-01
6.08210e+02 1.07326e-01
6.08662e+02 1.06921e-01
6.09114e+02 1.06521e-01
6.09566e+02 1.06122e-01
6.10018e+02 1.05753e-01
6.10469e+02 1.05391e-01
6.10921e+02 1.05025e-01
6.11373e+02 1.04685e-01
6.11825e+02 1.04351e-01
6.12276e+02 1.04057e-01
6.12728e+02 1.03758e-01
6.13179e+02 1.03461e-01
6.13631e+02 1.03181e-01
6.14083e+02 1.02905e-01
6.14534e+02 1.02636e-01
6.14986e+02 1.02374e-01
6.15437e+02 1.02102e-01
6.15889e+02 1.01853e-01
6.16340e+02 1.01594e-01
6.16791e+02 1.01340e-01
6.17243e+02 1.01090e-01
6.17694e+02 1.00848e-01
6.18145e+02 1.00609e-01
6.18597e+02 1.00371e-01
6.19048e+02 1.00140e-01
6.19499e+02 9.99368e-02
6.19950e+02 9.97294e-02
6.20401e+02 9.95258e-02
6.20853e+02 9.93035e-02
6.21304e+02 9.90834e-02
6.21755e+02 9.88805e-02
6.22206e+02 9.86907e-02
6.22657e+02 9.85149e-02
6.23108e+02 9.83359e-02
6.23559e+02 9.81697e-02
6.24010e+02 9.79955e-02
6.24461e+02 9.78165e-02
6.24912e+02 9.76460e-02
6.25362e+02 9.75028e-02
6.25813e+02 9.73717e-02
6.26264e+02 9.72509e-02
6.26715e+02 9.71592e-02
6.27166e+02 9.70485e-02
6.27616e+02 9.69621e-02
6.28067e+02 9.68674e-02
6.28518e+02 9.67850e-02
6.28968e+02 9.67193e-02
6.29419e+02 9.66812e-02
6.29869e+02 9.66609e-02
6.30320e+02 9.66396e-02
6.30770e+02 9.66295e-02
6.31221e+02 9.66302e-02
6.31671e+02 9.66289e-02
6.32122e+02 9.66472e-02
6.32572e+02 9.66680e-02
6.33023e+02 9.66937e-02
6.33473e+02 9.67296e-02
6.33923e+02 9.67702e-02
6.34374e+02 9.68230e-02
6.34824e+02 9.68520e-02
6.35274e+02 9.68745e-02
6.35724e+02 9.69137e-02
6.36174e+02 9.69526e-02
6.36625e+02 9.70152e-02
6.37075e+02 9.70552e-02
6.37525e+02 9.71197e-02
6.37975e+02 9.71842e-02
6.38425e+02 9.72336e-02
6.38875e+02 9.72755e-02
6.39325e+02 9.73271e-02
6.39775e+02 9.73789e-02
6.40225e+02 9.74505e-02
6.40675e+02 9.75145e-02
6.41124e+02 9.75973e-02
6.41574e+02 9.76869e-02
6.42024e+02 9.77786e-02
6.42474e+02 9.78669e-02
6.42924e+02 9.79631e-02
6.43373e+02 9.80543e-02
6.43823e+02 9.81653e-02
6.44273e+02 9.82716e-02
6.44722e+02 9.83969e-02
6.45172e+02 9.85071e-02
6.45622e+02 9.86302e-02
6.46071e+02 9.87592e-02
6.46521e+02 9.88915e-02
6.46970e+02 9.90017e-02
6.47420e+02 9.91090e-02
6.47869e+02 9.92097e-02
6.48318e+02 9.93239e-02
6.48768e+02 9.94571e-02
6.49217e+02 9.96085e-02
6.49666e+02 9.97636e-02
6.50116e+02 9.99117e-02
6.50565e+02 1.00059e-01
6.51014e+02 1.00198e-01
6.51463e+02 1.00322e-01
6.51913e+02 1.00455e-01
6.52362e+02 1.00594e-01
6.52811e+02 1.00740e-01
6.53260e+02 1.00908e-01
6.53709e+02 1.01086e-01
6.54158e+02 1.01239e-01
6.54607e+02 1.01386e-01
6.55056e+02 1.01536e-01
6.55505e+02 1.01667e-01
6.55954e+02 1.01801e-01
6.56403e+02 1.01959e-01
6.56852e+02 1.02129e-01
6.57301e+02 1.02314e-01
6.57749e+02 1.02494e-01
6.58198e+02 1.02684e-01
6.58647e+02 1.02854e-01
6.59096e+02 1.02982e-01
6.59544e+02 1.03106e-01
6.59993e+02 1.03248e-01
6.60442e+02 1.03402e-01
6.60890e+02 1.03575e-01
6.61339e+02 1.03754e-01
6.61787e+02 1.03943e-01
6.62236e+02 1.04117e-01
6.62684e+02 1.04271e-01
6.63133e+02 1.04415e-01
6.63581e+02 1.04544e-01
6.64030e+02 1.04671e-01
6.64478e+02 1.04824e-01
6.64926e+02 1.04979e-01
6.65375e+02 1.05161e-01
6.65823e+02 1.05344e-01
6.66271e+02 1.05522e-01
6.66720e+02 1.05689e-01
6.67168e+02 1.05838e-01
6.67616e+02 1.05997e-01
6.68064e+02 1.06144e-01
6.68512e+02 1.06304e-01
6.68960e+02 1.06485e-01
6.69408e+02 1.06671e-01
6.69856e+02 1.06870e-01
6.70304e+02 1.07073e-01
6.70752e+02 1.07258e-01
6.71200e+02 1.07427e-01
6.71648e+02 1.07587e-01
6.72096e+02 1.07739e-01
6.72544e+02 1.07915e-01
6.72992e+02 1.08098e-01
6.73440e+02 1.08289e-01
6.73887e+02 1.08477e-01
6.74335e+02 1.08663e-01
6.74783e+02 1.08862e-01
6.75231e+02 1.09054e-01
6.75678e+02 1.09226e-01
6.76126e+02 1.09396e-01
6.76574e+02 1.09560e-01
6.77021e+02 1.09716e-01
6.77469e+02 1.09888e-01
6.77916e+02 1.10045e-01
6.78364e+02 1.10210e-01
6.78811e+02 1.10391e-01
6.79259e+02 1.10573e-01
6.79706e+02 1.10720e-01
6.80153e+02 1.10882e-01
6.80601e+02 1.11076e-01
6.81048e+02 1.11253e-01
6.81495e+02 1.11428e-01
6.81943e+02 1.11595e-01
6.82390e+02 1.11769e-01
6.82837e+02 1.11934e-01
6.83284e+02 1.12084e-01
6.83731e+02 1.12245e-01
6.84179e+02 1.12416e-01
6.84626e+02 1.12576e-01
6.85073e+02 1.12730e-01
6.85520e+02 1.12867e-01
6.85967e+02 1.13015e-01
6.86414e+02 1.13168e-01
6.86861e+02 1.13331e-01
6.87308e+02 1.13494e-01
6.87755e+02 1.13651e-01
6.88201e+02 1.13821e-01
6.88648e+02 1.14006e-01
6.89095e+02 1.14165e-01
6.89542e+02 1.14309e-01
6.89989e+02 1.14431e-01
6.90435e+02 1.14553e-01
6.90882e+02 1.14683e-01
6.91329e+02 1.14808e-01
6.91775e+02 1.14955e-01
6.92222e+02 1.15104e-01
6.92669e+02 1.15284e-01
6.93115e+02 1.15463e-01
6.93562e+02 1.15630e-01
6.94008e+02 1.15763e-01
6.94455e+02 1.15866e-01
6.94901e+02 1.15966e-01
6.95347e+02 1.16064e-01
6.95794e+02 1.16155e-01
6.96240e+02 1.16278e-01
6.96686e+02 1.16433e-01
6.97133e+02 1.16599e-01
6.97579e+02 1.16780e-01
6.98025e+02 1.16932e-01
6.98471e+02 1.17082e-01
6.98918e+02 1.17199e-01
6.99364e+02 1.17290e-01
6.99810e+02 1.17359e-01
7.00256e+02 1.17436e-01
7.00702e+02 1.17536e-01
7.01148e+02 1.17672e-01
7.01594e+02 1.17848e-01
7.02040e+02 1.18042e-01
7.02486e+02 1.18241e-01
7.02932e+02 1.18404e-01
7.03378e+02 1.18519e-01
7.03824e+02 1.18584e-01
7.04270e+02 1.18667e-01
7.04715e+02 1.18756e-01
7.05161e+02 1.18846e-01
7.05607e+02 1.18990e-01
7.06053e+02 1.19153e-01
7.06498e+02 1.19323e-01
7.06944e+02 1.19509e-01
7.07390e+02 1.19664e-01
7.07835e+02 1.19769e-01
7.08281e+02 1.19836e-01
7.08726e+02 1.19873e-01
7.09172e+02 1.19908e-01
7.09617e+02 1.19965e-01
7.10063e+02 1.20072e-01
7.10508e+02 1.20215e-01
7.10954e+02 1.20399e-01
7.11399e+02 1.20584e-01
7.11844e+02 1.20775e-01
7.12290e+02 1.20934e-01
7.12735e+02 1.21045e-01
7.13180e+02 1.21130e-01
7.13625e+02 1.21198e-01
7.14071e+02 1.21291e-01
7.14516e+02 1.21436e-01
7.14961e+02 1.21637e-01
7.15406e+02 1.21883e-01
7.15851e+02 1.22183e-01
7.16296e+02 1.22502e-01
7.16741e+02 1.22799e-01
7.17186e+02 1.23064e-01
7.17631e+02 1.23294e-01
7.18076e+02 1.23496e-01
7.18521e+02 1.23697e-01
7.18966e+02 1.23923e-01
7.19411e+02 1.24184e-01
7.19856e+02 1.24474e-01
7.20300e+02 1.24810e-01
7.20745e+02 1.25165e-01
7.21190e+02 1.25509e-01
7.21635e+02 1.25812e-01
7.22079e+02 1.26067e-01
7.22524e+02 1.26264e-01
7.22969e+02 1.26399e-01
7.23413e+02 1.26511e-01
7.23858e+02 1.26604e-01
7.24302e+02 1.26702e-01
7.24747e+02 1.26847e-01
7.25191e+02 1.27014e-01
7.25636e+02 1.27177e-01
7.26080e+02 1.27327e-01
7.26525e+02 1.27436e-01
7.26969e+02 1.27490e-01
7.27413e+02 1.27502e-01
7.27858e+02 1.27460e-01
7.28302e+02 1.27403e-01
7.28746e+02 1.27352e-01
7.29190e+02 1.27320e-01
7.29634e+02 1.27333e-01
7.30079e+02 1.27338e-01
7.30523e+02 1.27367e-01
7.30967e+02 1.27413e-01
7.31411e+02 1.27426e-01
7.31855e+02 1.27425e-01
7.32299e+02 1.27416e-01
7.32743e+02 1.27396e-01
7.33187e+02 1.27347e-01
7.33631e+02 1.27323e-01
7.34075e+02 1.27312e-01
7.34519e+02 1.27327e-01
7.34963e+02 1.27362e-01
7.35406e+02 1.27431e-01
7.35850e+02 1.27528e-01
7.36294e+02 1.27629e-01
7.36738e+02 1.27720e-01
7.37181e+02 1.27847e-01
7.37625e+02 1.27953e-01
7.38069e+02 1.28049e-01
7.38512e+02 1.28146e-01
7.38956e+02 1.28251e-01
7.39399e+02 1.28346e-01
7.39843e+02 1.28425e-01
7.40286e+02 1.28498e-01
7.40730e+02 1.28558e-01
7.41173e+02 1.28618e-01
7.41617e+02 1.28658e-01
7.42060e+02 1.28695e-01
7.42504e+02 1.28712e-01
7.42947e+02 1.28740e-01
7.43390e+02 1.28758e-01
7.43833e+02 1.28741e-01
7.44277e+02 1.28703e-01
7.44720e+02 1.28607e-01
7.45163e+02 1.28497e-01
7.45606e+02 1.28369e-01
7.46049e+02 1.28220e-01
7.46492e+02 1.28044e-01
7.46935e+02 1.27874e-01
7.47379e+02 1.27711e-01
7.47822e+02 1.27578e-01
7.48264e+02 1.27497e-01
7.48707e+02 1.27439e-01
7.49150e+02 1.27385e-01
7.49593e+02 1.27336e-01
7.50036e+02 1.27274e-01
7.50479e+02 1.27189e-01
7.50922e+02 1.27107e-01
7.51365e+02 1.27019e-01
7.51807e+02 1.26932e-01
7.52250e+02 1.26916e-01
7.52693e+02 1.26975e-01
7.53135e+02 1.27093e-01
7.53578e+02 1.27274e-01
7.54021e+02 1.27490e-01
7.54463e+02 1.27738e-01
7.54906e+02 1.27985e-01
7.55348e+02 1.28216e-01
7.55791e+02 1.28426e-01
7.56233e+02 1.28607e-01
7.56676e+02 1.28742e-01
7.57118e+02 1.28848e-01
7.57560e+02 1.28977e-01
7.58003e+02 1.29118e-01
7.58445e+02 1.29320e-01
7.58887e+02 1.29558e-01
7.59330e+02 1.29856e-01
7.59772e+02 1.30184e-01
7.60214e+02 1.30503e-01
7.60656e+02 1.30786e-01
7.61098e+02 1.31033e-01
7.61540e+02 1.31197e-01
7.61982e+02 1.31288e-01
7.62424e+02 1.31348e-01
7.62867e+02 1.31380e-01
7.63309e+02 1.31391e-01
7.63750e+02 1.31444e-01
7.64192e+02 1.31576e-01
7.64634e+02 1.31762e-01
7.65076e+02 1.32005e-01
7.65518e+02 1.32272e-01
7.65960e+02 1.32561e-01
7.66402e+02 1.32812e-01
7.66843e+02 1.33014e-01
7.67285e+02 1.33150e-01
7.67727e+02 1.33225e-01
7.68169e+02 1.33271e-01
7.68610e+02 1.33286e-01
7.69052e+02 1.33374e-01
7.69493e+02 1.33502e-01
7.69935e+02 1.33673e-01
7.70376e+02 1.33921e-01
7.70818e+02 1.34221e-01
7.71259e+02 1.34526e-01
7.71701e+02 1.34841e-01
7.72142e+02 1.35135e-01
7.72584e+02 1.35373e-01
7.73025e+02 1.35531e-01
7.73466e+02 1.35634e-01
7.73908e+02 1.35707e-01
7.74349e+02 1.35755e-01
7.74790e+02 1.35837e-01
7.75231e+02 1.35941e-01
7.75672e+02 1.36125e-01
7.76114e+02 1.36393e-01
7.76555e+02 1.36712e-01
7.76996e+02 1.37048e-01
7.77437e+02 1.37378e-01
7.77878e+02 1.37661e-01
7.78319e+02 1.37881e-01
7.78760e+02 1.38049e-01
7.79201e+02 1.38175e-01
7.79642e+02 1.38252e-01
7.80083e+02 1.38321e-01
7.80524e+02 1.38389e-01
7.80964e+02 1.38505e-01
7.81405e+02 1.38697e-01
7.81846e+02 1.38977e-01
7.82287e+02 1.39331e-01
7.82727e+02 1.39724e-01
7.83168e+02 1.40136e-01
7.83609e+02 1.40519e-01
7.84049e+02 1.40846e-01
7.84490e+02 1.41122e-01
7.84930e+02 1.41333e-01
7.85371e+02 1.41474e-01
7.85812e+02 1.41577e-01
7.86252e+02 1.41681e-01
7.86692e+02 1.41804e-01
7.87133e+02 1.41985e-01
7.87573e+02 1.42263e-01
7.88014e+02 1.42652e-01
7.88454e+02 1.43062e-01
7.88894e+02 1.43515e-01
7.89335e+02 1.43945e-01
7.89775e+02 1.44363e-01
7.90215e+02 1.44685e-01
7.90655e+02 1.44923e-01
7.91095e+02 1.45103e-01
7.91535e+02 1.45231e-01
7.91976e+02 1.45339e-01
7.92416e+02 1.45451e-01
7.92856e+02 1.45655e-01
7.93296e+02 1.45925e-01
7.93736e+02 1.46268e-01
7.94176e+02 1.46687e-01
7.94616e+02 1.47140e-01
7.95055e+02 1.47597e-01
7.95495e+02 1.48055e-01
7.95935e+02 1.48457e-01
7.96375e+02 1.48806e-01
7.96815e+02 1.49070e-01
7.97254e+02 1.49305e-01
7.97694e+02 1.49523e-01
7.98134e+02 1.49704e-01
7.98574e+02 1.49912e-01
7.99013e+02 1.50133e-01
7.99453e+02 1.50413e-01
7.99892e+02 1.50734e-01
8.00332e+02 1.51100e-01
8.00771e+02 1.51509e-01
8.01211e+02 1.51918e-01
8.01650e+02 1.52334e-01
8.02090e+02 1.52706e-01
8.02529e+02 1.53045e-01
8.02969e+02 1.53316e-01
8.03408e+02 1.53517e-01
8.03847e+02 1.53689e-01
8.04286e+02 1.53853e-01
8.04726e+02 1.54022e-01
8.05165e+02 1.54220e-01
8.05604e+02 1.54463e-01
8.06043e+02 1.54731e-01
8.06482e+02 1.55041e-01
8.06922e+02 1.55386e-01
8.07361e+02 1.55744e-01
8.07800e+02 1.56103e-01
8.08239e+02 1.56433e-01
8.08678e+02 1.56743e-01
8.09117e+02 1.57010e-01
8.09556e+02 1.57272e-01
8.09994e+02 1.57502e-01
8.10433e+02 1.57746e-01
8.10872e+02 1.58012e-01
8.11311e+02 1.58293e-01
8.11750e+02 1.58601e-01
8.12189e+02 1.58911e-01
8.12627e+02 1.59255e-01
8.13066e+02 1.59604e-01
8.13505e+02 1.59989e-01
8.13943e+02 1.60327e-01
8.14382e+02 1.60668e-01
8.14820e+02 1.61025e-01
8.15259e+02 1.61372e-01
8.15698e+02 1.61691e-01
8.16136e+02 1.62003e-01
8.16574e+02 1.62319e-01
8.17013e+02 1.62627e-01
8.17451e+02 1.62931e-01
8.17890e+02 1.63243e-01
8.18328e+02 1.63576e-01
8.18766e+02 1.63915e-01
8.19205e+02 1.64258e-01
8.19643e+02 1.64584e-01
8.20081e+02 1.64940e-01
8.20519e+02 1.65284e-01
8.20957e+02 1.65646e-01
8.21396e+02 1.65993e-01
8.21834e+02 1.66355e-01
8.22272e+02 1.66701e-01
8.22710e+02 1.67008e-01
8.23148e+02 1.67317e-01
8.23586e+02 1.67634e-01
8.24024e+02 1.67966e-01
8.24462e+02 1.68331e-01
8.24900e+02 1.68680e-01
8.25338e+02 1.69071e-01
8.25775e+02 1.69432e-01
8.26213e+02 1.69786e-01
8.26651e+02 1.70112e-01
8.27089e+02 1.70428e-01
8.27526e+02 1.70721e-01
8.27964e+02 1.71023e-01
8.28402e+02 1.71326e-01
8.28839e+02 1.71651e-01
8.29277e+02 1.72004e-01
8.29715e+02 1.72412e-01
8.30152e+02 1.72826e-01
8.30590e+02 1.73254e-01
8.31027e+02 1.73706e-01
8.31465e+02 1.74131e-01
8.31902e+02 1.74560e-01
8.32339e+02 1.74962e-01
8.32777e+02 1.75328e-01
8.33214e+02 1.75678e-01
8.33652e+02 1.75979e-01
8.34089e+02 1.76245e-01
8.34526e+02 1.76499e-01
8.34963e+02 1.76776e-01
8.35400e+02 1.77074e-01
8.35838e+02 1.77420e-01
8.36275e+02 1.77818e-01
8.36712e+02 1.78247e-01
8.37149e+02 1.78699e-01
8.37586e+02 1.79166e-01
8.38023e+02 1.79621e-01
8.38460e+02 1.80080e-01
8.38897e+02 1.80492e-01
8.39334e+02 1.80825e-01
8.39771e+02 1.81112e-01
8.40208e+02 1.81337e-01
8.40645e+02 1.81528e-01
8.41081e+02 1.81688e-01
8.41518e+02 1.81857e-01
8.41955e+02 1.82050e-01
8.42392e+02 1.82306e-01
8.42828e+02 1.82631e-01
8.43265e+02 1.83021e-01
8.43702e+02 1.83482e-01
8.44138e+02 1.84020e-01
8.44575e+02 1.84627e-01
8.45011e+02 1.85218e-01
8.45448e+02 1.85838e-01
8.45884e+02 1.86372e-01
8.46321e+02 1.86827e-01
8.46757e+02 1.87205e-01
8.47194e+02 1.87545e-01
8.47630e+02 1.87787e-01
8.48066e+02 1.88006e-01
8.48503e+02 1.88191e-01
8.48939e+02 1.88434e-01
8.49375e+02 1.88728e-01
8.49811e+02 1.89080e-01
8.50248e+02 1.89548e-01
8.50684e+02 1.90071e-01
8.51120e+02 1.90647e-01
8.51556e+02 1.91274e-01
8.51992e+02 1.91896e-01
8.52428e+02 1.92490e-01
8.52864e+02 1.93034e-01
8.53300e+02 1.93501e-01
8.53736e+02 1.93881e-01
8.54172e+02 1.94208e-01
8.54608e+02 1.94478e-01
8.55044e+02 1.94706e-01
8.55480e+02 1.94928e-01
8.55915e+02 1.95144e-01
8.56351e+02 1.95398e-01
8.56787e+02 1.95713e-01
8.57223e+02 1.96106e-01
8.57658e+02 1.96550e-01
8.58094e+02 1.97104e-01
8.58530e+02 1.97747e-01
8.58965e+02 1.98416e-01
8.59401e+02 1.99128e-01
8.59836e+02 1.99823e-01
8.60272e+02 2.00475e-01
8.60707e+02 2.01089e-01
8.61143e+02 2.01642e-01
8.61578e+02 2.02096e-01
8.62014e+02 2.02503e-01
8.62449e+02 2.02823e-01
8.62884e+02 2.03106e-01
8.63320e+02 2.03360e-01
8.63755e+02 2.03607e-01
8.64190e+02 2.03863e-01
8.64626e+02 2.04196e-01
8.65061e+02 2.04619e-01
8.65496e+02 2.05117e-01
8.65931e+02 2.05704e-01
8.66366e+02 2.06369e-01
8.66801e+02 2.07066e-01
8.67236e+02 2.07795e-01
8.67671e+02 2.08572e-01
8.68106e+02 2.09285e-01
8.68541e+02 2.09945e-01
8.68976e+02 2.10597e-01
8.69411e+02 2.11174e-01
8.69846e+02 2.11741e-01
8.70281e+02 2.12272e-01
8.70715e+02 2.12805e-01
8.71150e+02 2.13283e-01
8.71585e+02 2.13797e-01
8.72020e+02 2.14339e-01
8.72454e+02 2.15016e-01
8.72889e+02 2.15780e-01
8.73324e+02 2.16634e-01
8.73758e+02 2.17608e-01
8.74193e+02 2.18574e-01
8.74627e+02 2.19586e-01
8.75062e+02 2.20544e-01
8.75496e+02 2.21471e-01
8.75931e+02 2.22332e-01
8.76365e+02 2.23115e-01
8.76800e+02 2.23805e-01
8.77234e+02 2.24472e-01
8.77668e+02 2.25014e-01
8.78103e+02 2.25386e-01
8.78537e+02 2.25752e-01
8.78971e+02 2.26015e-01
8.79405e+02 2.26254e-01
8.79840e+02 2.26452e-01
8.80274e+02 2.26706e-01
8.80708e+02 2.26976e-01
8.81142e+02 2.27284e-01
8.81576e+02 2.27691e-01
8.82010e+02 2.28120e-01
8.82444e+02 2.28605e-01
8.82878e+02 2.29077e-01
8.83312e+02 2.29549e-01
8.83746e+02 2.30001e-01
8.84180e+02 2.30431e-01
8.84614e+02 2.30803e-01
8.85047e+02 2.31130e-01
8.85481e+02 2.31467e-01
8.85915e+02 2.31738e-01
8.86349e+02 2.32021e-01
8.86782e+02 2.32232e-01
8.87216e+02 2.32420e-01
8.87650e+02 2.32622e-01
8.88083e+02 2.32836e-01
8.88517e+02 2.33077e-01
8.88951e+02 2.33389e-01
8.89384e+02 2.33785e-01
8.89818e+02 2.34257e-01
8.90251e+02 2.34713e-01
8.90684e+02 2.35250e-01
8.91118e+02 2.35757e-01
8.91551e+02 2.36263e-01
8.91985e+02 2.36794e-01
8.92418e+02 2.37341e-01
8.92851e+02 2.37868e-01
8.93284e+02 2.38354e-01
8.93718e+02 2.38814e-01
8.94151e+02 2.39272e-01
8.94584e+02 2.39707e-01
8.95017e+02 2.40136e-01
8.95450e+02 2.40575e-01
8.95883e+02 2.41084e-01
8.96316e+02 2.41571e-01
8.96749e+02 2.42075e-01
8.97182e+02 2.42619e-01
8.97615e+02 2.43093e-01
8.98048e+02 2.43628e-01
8.98481e+02 2.44153e-01
8.98914e+02 2.44768e-01
8.99347e+02 2.45381e-01
8.99780e+02 2.46032e-01
9.00213e+02 2.46721e-01
9.00645e+02 2.47413e-01
9.01078e+02 2.48037e-01
9.01511e+02 2.48592e-01
9.01943e+02 2.49175e-01
9.02376e+02 2.49633e-01
9.02809e+02 2.50111e-01
9.03241e+02 2.50526e-01
9.03674e+02 2.51034e-01
9.04106e+02 2.51511e-01
9.04539e+02 2.52070e-01
9.04971e+02 2.52661e-01
9.05404e+02 2.53212e-01
9.05836e+02 2.53809e-01
9.06268e+02 2.54369e-01
9.06701e+02 2.54971e-01
9.07133e+02 2.55569e-01
9.07565e+02 2.56285e-01
9.07998e+02 2.57065e-01
9.08430e+02 2.57888e-01
9.08862e+02 2.58834e-01
9.09294e+02 2.59697e-01
9.09726e+02 2.60616e-01
9.10158e+02 2.61512e-01
9.10590e+02 2.62366e-01
9.11023e+02 2.63181e-01
9.11455e+02 2.63948e-01
9.11887e+02 2.64706e-01
9.12318e+02 2.65483e-01
9.12750e+02 2.66251e-01
9.13182e+02 2.67007e-01
9.13614e+02 2.67779e-01
9.14046e+02 2.68563e-01
9.14478e+02 2.69333e-01
9.14910e+02 2.70152e-01
9.15341e+02 2.70998e-01
9.15773e+02 2.71896e-01
9.16205e+02 2.72822e-01
9.16636e+02 2.73803e-01
9.17068e+02 2.74905e-01
9.17500e+02 2.76061e-01
9.17931e+02 2.77291e-01
9.18363e+02 2.78591e-01
9.18794e+02 2.79920e-01
9.19226e+02 2.81341e-01
9.19657e+02 2.82724e-01
9.20088e+02 2.84133e-01
9.20520e+02 2.85522e-01
9.20951e+02 2.86906e-01
9.21383e+02 2.88403e-01
9.21814e+02 2.89899e-01
9.22245e+02 2.91518e-01
9.22676e+02 2.93100e-01
9.23108e+02 2.94789e-01
9.23539e+02 2.96495e-01
9.23970e+02 2.98155e-01
9.24401e+02 2.99858e-01
9.24832e+02 3.01618e-01
9.25263e+02 3.03401e-01
9.25694e+02 3.05182e-01
9.26125e+02 3.07011e-01
9.26556e+02 3.08823e-01
9.26987e+02 3.10691e-01
9.27418e+02 3.12455e-01
9.27849e+02 3.14247e-01
9.28280e+02 3.15950e-01
9.28710e+02 3.17638e-01
9.29141e+02 3.19389e-01
9.29572e+02 3.21197e-01
9.30003e+02 3.23133e-01
9.30433e+02 3.25301e-01
9.30864e+02 3.27786e-01
9.31295e+02 3.30569e-01
9.31725e+02 3.33703e-01
9.32156e+02 3.37335e-01
9.32586e+02 3.41376e-01
9.33017e+02 3.45973e-01
9.33447e+02 3.51132e-01
9.33878e+02 3.56803e-01
9.34308e+02 3.63031e-01
9.34739e+02 3.69852e-01
9.35169e+02 3.77277e-01
9.35599e+02 3.85324e-01
9.36030e+02 3.94055e-01
9.36460e+02 4.03437e-01
9.36890e+02 4.13408e-01
9.37320e+02 4.23817e-01
9.37751e+02 4.34845e-01
9.38181e+02 4.46174e-01
9.38611e+02 4.57990e-01
9.39041e+02 4.70083e-01
9.39471e+02 4.82272e-01
9.39901e+02 4.94622e-01
9.40331e+02 5.06884e-01
9.40761e+02 5.18715e-01
9.41191e+02 5.30031e-01
9.41621e+02 5.40598e-01
9.42051e+02 5.50195e-01
9.42481e+02 5.58848e-01
9.42910e+02 5.65969e-01
9.43340e+02 5.71891e-01
9.43770e+02 5.76275e-01
9.44200e+02 5.79581e-01
9.44629e+02 5.81392e-01
9.45059e+02 5.81975e-01
9.45489e+02 5.81456e-01
9.45918e+02 5.79660e-01
9.46348e+02 5.77114e-01
9.46778e+02 5.73967e-01
9.47207e+02 5.70036e-01
9.47637e+02 5.65856e-01
9.48066e+02 5.61343e-01
9.48495e+02 5.56665e-01
9.48925e+02 5.51862e-01
9.49354e+02 5.47019e-01
9.49784e+02 5.42251e-01
9.50213e+02 5.37395e-01
9.50642e+02 5.32653e-01
9.51071e+02 5.28067e-01
9.51501e+02 5.23479e-01
9.51930e+02 5.19201e-01
9.52359e+02 5.15035e-01
9.52788e+02 5.10923e-01
9.53217e+02 5.06974e-01
9.53646e+02 5.03318e-01
9.54075e+02 4.99757e-01
9.54504e+02 4.96417e-01
9.54933e+02 4.93395e-01
9.55362e+02 4.90358e-01
9.55791e+02 4.87539e-01
9.56220e+02 4.84674e-01
9.56649e+02 4.81992e-01
9.57078e+02 4.79532e-01
9.57507e+02 4.77252e-01
9.57935e+02 4.75105e-01
9.58364e+02 4.73162e-01
9.58793e+02 4.71395e-01
9.59222e+02 4.69759e-01
9.59650e+02 4.68322e-01
9.60079e+02 4.66877e-01
9.60507e+02 4.65689e-01
9.60936e+02 4.64691e-01
9.61365e+02 4.63686e-01
9.61793e+02 4.62884e-01
9.62221e+02 4.62195e-01
9.62650e+02 4.61566e-01
9.63078e+02 4.61069e-01
9.63507e+02 4.60711e-01
9.63935e+02 4.60479e-01
9.64363e+02 4.60420e-01
9.64792e+02 4.60461e-01
9.65220e+02 4.60571e-01
9.65648e+02 4.60856e-01
9.66076e+02 4.61136e-01
9.66505e+02 4.61466e-01
9.66933e+02 4.61903e-01
9.67361e+02 4.62410e-01
9.67789e+02 4.62881e-01
9.68217e+02 4.63465e-01
9.68645e+02 4.64074e-01
9.69073e+02 4.64642e-01
9.69501e+02 4.65359e-01
9.69929e+02 4.66148e-01
9.70357e+02 4.66856e-01
9.70785e+02 4.67662e-01
9.71212e+02 4.68450e-01
9.71640e+02 4.69294e-01
9.72068e+02 4.70147e-01
9.72496e+02 4.70995e-01
9.72923e+02 4.71905e-01
9.73351e+02 4.72746e-01
9.73779e+02 4.73719e-01
9.74206e+02 4.74616e-01
9.74634e+02 4.75691e-01
9.75062e+02 4.76888e-01
9.75489e+02 4.77984e-01
9.75917e+02 4.79277e-01
9.76344e+02 4.80632e-01
9.76772e+02 4.82171e-01
9.77199e+02 4.83713e-01
9.77626e+02 4.85381e-01
9.78054e+02 4.87087e-01
9.78481e+02 4.88674e-01
9.78908e+02 4.90455e-01
9.79336e+02 4.92196e-01
9.79763e+02 4.94041e-01
9.80190e+02 4.96056e-01
9.80617e+02 4.98054e-01
9.81044e+02 5.00068e-01
9.81471e+02 5.02274e-01
9.81899e+02 5.04553e-01
9.82326e+02 5.06847e-01
9.82753e+02 5.09170e-01
9.83180e+02 5.11392e-01
9.83607e+02 5.13696e-01
9.84034e+02 5.15984e-01
9.84460e+02 5.18075e-01
9.84887e+02 5.20178e-01
9.85314e+02 5.22326e-01
9.85741e+02 5.24308e-01
9.86168e+02 5.26315e-01
9.86594e+02 5.28596e-01
9.87021e+02 5.30986e-01
9.87448e+02 5.33375e-01
9.87875e+02 5.35810e-01
9.88301e+02 5.38281e-01
9.88728e+02 5.40960e-01
9.89154e+02 5.43430e-01
9.89581e+02 5.45851e-01
9.90007e+02 5.48427e-01
9.90434e+02 5.50661e-01
9.90860e+02 5.52761e-01
9.91287e+02 5.54738e-01
9.91713e+02 5.56654e-01
9.92139e+02 5.58256e-01
9.92566e+02 5.60011e-01
9.92992e+02 5.61530e-01
9.93418e+02 5.63094e-01
9.93845e+02 5.64389e-01
9.94271e+02 5.65720e-01
9.94697e+02 5.66944e-01
9.95123e+02 5.68153e-01
9.95549e+02 5.69283e-01
9.95975e+02 5.70457e-01
9.96401e+02 5.71550e-01
9.96827e+02 5.72739e-01
9.97253e+02 5.74068e-01
9.97679e+02 5.75765e-01
9.98105e+02 5.77484e-01
9.98531e+02 5.79368e-01
9.98957e+02 5.81662e-01
9.99383e+02 5.84066e-01
9.99809e+02 5.86850e-01
1.00023e+03 5.89791e-01
1.00066e+03 5.93001e-01
1.00109e+03 5.96369e-01
1.00151e+03 6.00112e-01
1.00194e+03 6.04172e-01
1.00236e+03 6.08485e-01
1.00279e+03 6.12921e-01
1.00321e+03 6.17766e-01
1.00364e+03 6.22659e-01
1.00407e+03 6.27875e-01
1.00449e+03 6.33407e-01
1.00492e+03 6.39015e-01
1.00534e+03 6.44566e-01
1.00577e+03 6.49974e-01
1.00619e+03 6.55396e-01
1.00662e+03 6.60776e-01
1.00704e+03 6.66207e-01
1.00747e+03 6.71467e-01
1.00789e+03 6.76863e-01
1.00832e+03 6.82238e-01
1.00874e+03 6.87321e-01
1.00917e+03 6.92608e-01
1.00959e+03 6.98004e-01
1.01002e+03 7.03320e-01
1.01044e+03 7.08713e-01
1.01087e+03 7.14330e-01
1.01129e+03 7.19916e-01
1.01172e+03 7.25828e-01
1.01214e+03 7.31580e-01
1.01257e+03 7.37579e-01
1.01299e+03 7.43782e-01
1.01342e+03 7.49831e-01
1.01384e+03 7.56170e-01
1.01427e+03 7.62500e-01
1.01469e+03 7.68928e-01
1.01512e+03 7.75307e-01
1.01554e+03 7.81908e-01
1.01597e+03 7.88388e-01
1.01639e+03 7.94838e-01
1.01682e+03 8.01420e-01
1.01724e+03 8.08317e-01
1.01767e+03 8.14871e-01
1.01809e+03 8.21557e-01
1.01851e+03 8.28005e-01
1.01894e+03 8.34691e-01
1.01936e+03 8.41253e-01
1.01979e+03 8.47876e-01
1.02021e+03 8.54735e-01
1.02064e+03 8.61411e-01
1.02106e+03 8.68063e-01
1.02148e+03 8.74960e-01
1.02191e+03 8.81995e-01
1.02233e+03 8.89187e-01
1.02276e+03 8.96641e-01
1.02318e+03 9.04286e-01
1.02361e+03 9.11900e-01
1.02403e+03 9.19778e-01
1.02445e+03 9.27856e-01
1.02488e+03 9.36178e-01
1.02530e+03 9.44705e-01
1.02573e+03 9.53348e-01
1.02615e+03 9.62358e-01
1.02657e+03 9.71075e-01
1.02700e+03 9.80544e-01
1.02742e+03 9.90156e-01
1.02785e+03 9.99523e-01
1.02827e+03 1.00866e+00
1.02869e+03 1.01801e+00
1.02912e+03 1.02747e+00
1.02954e+03 1.03694e+00
1.02996e+03 1.04641e+00
1.03039e+03 1.05624e+00
1.03081e+03 1.06620e+00
1.03123e+03 1.07618e+00
1.03166e+03 1.08602e+00
1.03208e+03 1.09655e+00
1.03250e+03 1.10691e+00
1.03293e+03 1.11717e+00
1.03335e+03 1.12783e+00
1.03378e+03 1.13870e+00
1.03420e+03 1.14967e+00
1.03462e+03 1.16110e+00
1.03505e+03 1.17227e+00
1.03547e+03 1.18435e+00
1.03589e+03 1.19707e+00
1.03631e+03 1.20961e+00
1.03674e+03 1.22293e+00
1.03716e+03 1.23568e+00
1.03758e+03 1.24936e+00
1.03801e+03 1.26344e+00
1.03843e+03 1.27760e+00
1.03885e+03 1.29194e+00
1.03928e+03 1.30628e+00
1.03970e+03 1.32194e+00
1.04012e+03 1.33678e+00
1.04054e+03 1.35142e+00
1.04097e+03 1.36645e+00
1.04139e+03 1.38124e+00
1.04181e+03 1.39635e+00
1.04224e+03 1.41128e+00
1.04266e+03 1.42739e+00
1.04308e+03 1.44246e+00
1.04350e+03 1.45799e+00
1.04393e+03 1.47347e+00
1.04435e+03 1.48932e+00
1.04477e+03 1.50527e+00
1.04519e+03 1.52129e+00
1.04562e+03 1.53778e+00
1.04604e+03 1.55469e+00
1.04646e+03 1.57137e+00
1.04688e+03 1.58885e+00
1.04731e+03 1.60660e+00
1.04773e+03 1.62523e+00
1.04815e+03 1.64460e+00
1.04857e+03 1.66449e+00
1.04900e+03 1.68478e+00
1.04942e+03 1.70557e+00
1.04984e+03 1.72757e+00
1.05026e+03 1.74985e+00
1.05069e+03 1.77154e+00
1.05111e+03 1.79455e+00
1.05153e+03 1.81796e+00
1.05195e+03 1.84176e+00
1.05237e+03 1.86550e+00
1.05280e+03 1.89001e+00
1.05322e+03 1.91550e+00
1.05364e+03 1.94130e+00
1.05406e+03 1.96656e+00
1.05448e+03 1.99165e+00
1.05490e+03 2.01811e+00
1.05533e+03 2.04416e+00
1.05575e+03 2.07015e+00
1.05617e+03 2.09657e+00
1.05659e+03 2.12341e+00
1.05701e+03 2.15063e+00
1.05744e+03 2.17858e+00
1.05786e+03 2.20609e+00
1.05828e+03 2.23546e+00
1.05870e+03 2.26438e+00
1.05912e+03 2.29319e+00
1.05954e+03 2.32348e+00
1.05996e+03 2.35313e+00
1.06039e+03 2.38586e+00
1.06081e+03 2.41828e+00
1.06123e+03 2.45013e+00
1.06165e+03 2.48371e+00
1.06207e+03 2.51790e+00
1.06249e+03 2.55270e+00
1.06291e+03 2.58636e+00
1.06334e+03 2.62091e+00
1.06376e+03 2.65684e+00
1.06418e+03 2.69230e+00
1.06460e+03 2.72748e+00
1.06502e+03 2.76398e+00
1.06544e+03 2.80214e+00
1.06586e+03 2.83712e+00
1.06628e+03 2.87485e+00
1.06670e+03 2.90924e+00
1.06713e+03 2.94704e+00
1.06755e+03 2.98458e+00
1.06797e+03 3.02278e+00
1.06839e+03 3.05961e+00
1.06881e+03 3.09699e+00
1.06923e+03 3.13605e+00
1.06965e+03 3.17543e+00
1.07007e+03 3.21632e+00
1.07049e+03 3.25691e+00
1.07091e+03 3.30028e+00
1.07133e+03 3.34311e+00
1.07175e+03 3.38834e+00
1.07217e+03 3.43337e+00
1.07259e+03 3.48089e+00
1.07302e+03 3.53078e+00
1.07344e+03 3.58143e+00
1.07386e+03 3.63621e+00
1.07428e+03 3.69312e+00
1.07470e+03 3.75172e+00
1.07512e+03 3.81214e+00
1.07554e+03 3.87553e+00
1.07596e+03 3.94312e+00
1.07638e+03 4.01355e+00
1.07680e+03 4.08442e+00
1.07722e+03 4.15870e+00
1.07764e+03 4.23732e+00
1.07806e+03 4.31810e+00
1.07848e+03 4.40129e+00
1.07890e+03 4.48553e+00
1.07932e+03 4.57201e+00
1.07974e+03 4.66147e+00
1.08016e+03 4.75412e+00
1.08058e+03 4.84681e+00
1.08100e+03 4.94310e+00
1.08142e+03 5.04526e+00
1.08184e+03 5.14382e+00
1.08226e+03 5.24860e+00
1.08268e+03 5.35716e+00
1.08310e+03 5.47044e+00
1.08352e+03 5.58164e+00
1.08394e+03 5.69446e+00
1.08436e+03 5.81285e+00
1.08478e+03 5.92170e+00
1.08520e+03 6.03611e+00
1.08562e+03 6.15637e+00
1.08604e+03 6.27926e+00
1.08646e+03 6.40227e+00
1.08688e+03 6.52729e+00
1.08730e+03 6.65091e+00
1.08771e+03 6.78037e+00
1.08813e+03 6.91951e+00
1.08855e+03 7.05501e+00
1.08897e+03 7.19207e+00
1.08939e+03 7.33858e+00
1.08981e+03 7.49882e+00
1.09023e+03 7.66003e+00
1.09065e+03 7.82636e+00
1.09107e+03 7.99261e+00
1.09149e+03 8.17361e+00
1.09191e+03 8.36552e+00
1.09233e+03 8.55024e+00
1.09275e+03 8.74770e+00
1.09316e+03 8.95201e+00
1.09358e+03 9.17332e+00
1.09400e+03 9.39367e+00
1.09442e+03 9.62470e+00
1.09484e+03 9.85328e+00
1.09526e+03 1.01108e+01
1.09568e+03 1.03664e+01
1.09610e+03 1.06278e+01
1.09652e+03 1.08934e+01
1.09693e+03 1.11619e+01
1.09735e+03 1.14348e+01
1.09777e+03 1.17246e+01
1.09819e+03 1.20151e+01
1.09861e+03 1.23234e+01
1.09903e+03 1.26524e+01
1.09945e+03 1.29625e+01
1.09987e+03 1.32684e+01
1.10028e+03 1.35882e+01
1.10070e+03 1.39064e+01
1.10112e+03 1.42490e+01
1.10154e+03 1.45852e+01
1.10196e+03 1.49036e+01
1.10238e+03 1.52573e+01
1.10279e+03 1.56407e+01
1.10321e+03 1.60137e+01
1.10363e+03 1.64156e+01
1.10405e+03 1.68509e+01
1.10447e+03 1.72514e+01
1.10489e+03 1.77365e+01
1.10530e+03 1.81881e+01
1.10572e+03 1.87114e+01
1.10614e+03 1.92132e+01
1.10656e+03 1.97817e+01
1.10698e+03 2.03696e+01
1.10739e+03 2.09479e+01
1.10781e+03 2.16223e+01
1.10823e+03 2.23244e+01
1.10865e+03 2.30123e+01
1.10907e+03 2.37217e+01
1.10948e+03 2.45152e+01
1.10990e+03 2.52988e+01
1.11032e+03 2.61191e+01
1.11074e+03 2.69785e+01
1.11115e+03 2.78797e+01
1.11157e+03 2.88257e+01
1.11199e+03 2.98199e+01
1.11241e+03 3.08660e+01
1.11282e+03 3.19681e+01
1.11324e+03 3.31310e+01
1.11366e+03 3.43601e+01
1.11408e+03 3.56615e+01
1.11450e+03 3.70421e+01
1.11491e+03 3.85100e+01
1.11533e+03 4.00745e+01
1.11575e+03 4.17462e+01
1.11616e+03 4.35377e+01
1.11658e+03 4.54639e+01
1.11700e+03 4.75422e+01
1.11742e+03 4.97935e+01
1.11783e+03 5.22427e+01
1.11825e+03 5.49204e+01
1.11867e+03 5.78635e+01
1.11909e+03 6.11178e+01
1.11950e+03 6.47407e+01
1.11992e+03 6.88046e+01
1.12034e+03 7.34026e+01
1.12075e+03 7.86559e+01
