2.828559999999999945e+02 -4.022093624934507133e-05
2.836510000000000105e+02 -4.216727649982994730e-05
2.844460000000000264e+02 -4.402526116379557226e-05
2.852409999999999854e+02 -4.575602843198635952e-05
2.860360000000000014e+02 -4.731976950360230956e-05
2.868310000000000173e+02 -4.867572858629901008e-05
2.876259999999999764e+02 -4.978220289618766982e-05
2.884209999999999923e+02 -5.059654265783509151e-05
2.892160000000000082e+02 -5.107515110426366509e-05
2.900099999999999909e+02 -5.117348447695139476e-05
2.908050000000000068e+02 -5.084605202583187194e-05
2.915989999999999895e+02 -5.004641600929430234e-05
2.923940000000000055e+02 -4.872719169418347209e-05
2.931879999999999882e+02 -4.684004735579978839e-05
2.939820000000000277e+02 -4.433570427789923209e-05
2.947769999999999868e+02 -4.116393675269341864e-05
2.955710000000000264e+02 -3.727357208084952362e-05
2.963650000000000091e+02 -3.261249057181391702e-05
2.971589999999999918e+02 -2.673378435061285707e-05
2.979529999999999745e+02 -2.050621248795929228e-05
2.987459999999999809e+02 -1.346165127208201530e-05
2.995400000000000205e+02 -5.380653964483362186e-06
3.003340000000000032e+02 4.473742984632089134e-06
3.011270000000000095e+02 1.453363728907540978e-05
3.019209999999999923e+02 2.594622704631706892e-05
3.027139999999999986e+02 3.849707895436741149e-05
3.035070000000000050e+02 5.307567363410322682e-05
3.043009999999999877e+02 6.826518596513318294e-05
3.050939999999999941e+02 8.523303540303661056e-05
3.058870000000000005e+02 1.031655924930086136e-04
3.066800000000000068e+02 1.229738674594424560e-04
3.074730000000000132e+02 1.428832337509984096e-04
3.082660000000000196e+02 1.682564493759609045e-04
3.090590000000000259e+02 1.940245324076269619e-04
3.098509999999999991e+02 2.219790026999539996e-04
3.106440000000000055e+02 2.526272670781051343e-04
3.114370000000000118e+02 2.859612940721466745e-04
3.122289999999999850e+02 3.204642859703198121e-04
3.130210000000000150e+02 3.551472329559746534e-04
3.138140000000000214e+02 3.950393455503087682e-04
3.146059999999999945e+02 4.354857415361208057e-04
3.153980000000000246e+02 4.828566188599369693e-04
3.161899999999999977e+02 5.311749119969182316e-04
3.169820000000000277e+02 5.807904489612632139e-04
3.177740000000000009e+02 6.316879593467086525e-04
3.185659999999999741e+02 6.907471467695819670e-04
3.193580000000000041e+02 7.489090293570084371e-04
3.201499999999999773e+02 8.140099599315014532e-04
3.209409999999999741e+02 8.756679616517433744e-04
3.217330000000000041e+02 9.313551633757315932e-04
3.225240000000000009e+02 9.901804651267082091e-04
3.233159999999999741e+02 1.049934398595700046e-03
3.241070000000000277e+02 1.120243246982995187e-03
3.248980000000000246e+02 1.200993116460558454e-03
3.256899999999999977e+02 1.275801463708942790e-03
3.264809999999999945e+02 1.358419689287419926e-03
3.272719999999999914e+02 1.441741525092121983e-03
3.280629999999999882e+02 1.529467641303478486e-03
3.288539999999999850e+02 1.620026430219938989e-03
3.296440000000000055e+02 1.711509995539905234e-03
3.304350000000000023e+02 1.812843982767936221e-03
3.312259999999999991e+02 1.920089975620950604e-03
3.320160000000000196e+02 2.034599395318702035e-03
3.328070000000000164e+02 2.137598112303160363e-03
3.335969999999999800e+02 2.254303254996299719e-03
3.343879999999999768e+02 2.363596218806850602e-03
3.351779999999999973e+02 2.486715885701137017e-03
3.359680000000000177e+02 2.602141866243986787e-03
3.367579999999999814e+02 2.716538183429173439e-03
3.375480000000000018e+02 2.827652744361339870e-03
3.383380000000000223e+02 2.952202275920063398e-03
3.391279999999999859e+02 3.068443075318616920e-03
3.399180000000000064e+02 3.186898462454511392e-03
3.407080000000000268e+02 3.299842161970339798e-03
3.414970000000000141e+02 3.397488066693940024e-03
3.422869999999999777e+02 3.519694975158323309e-03
3.430760000000000218e+02 3.624351927326849472e-03
3.438659999999999854e+02 3.720865759029748192e-03
3.446549999999999727e+02 3.815990486708141245e-03
3.454440000000000168e+02 3.911103968240378474e-03
3.462330000000000041e+02 4.009775043154627586e-03
3.470230000000000246e+02 4.101299739362069055e-03
3.478120000000000118e+02 4.181298638514609201e-03
3.486009999999999991e+02 4.248528866634081885e-03
3.493890000000000100e+02 4.306054344396900019e-03
3.501779999999999973e+02 4.354761979405655063e-03
3.509669999999999845e+02 4.406116020683786133e-03
3.517559999999999718e+02 4.448805439743063264e-03
3.525439999999999827e+02 4.467464806412632834e-03
3.533330000000000268e+02 4.483304349296113323e-03
3.541209999999999809e+02 4.486562252899107400e-03
3.549089999999999918e+02 4.477645947639722485e-03
3.556979999999999791e+02 4.463357462991019917e-03
3.564859999999999900e+02 4.440329793346217517e-03
3.572740000000000009e+02 4.418185650579490274e-03
3.580620000000000118e+02 4.390565820039373998e-03
3.588500000000000227e+02 4.353633051030742114e-03
3.596379999999999768e+02 4.304889940534760429e-03
3.604259999999999877e+02 4.264609960729593037e-03
3.612130000000000223e+02 4.212623046936384875e-03
3.620009999999999764e+02 4.166055722856254993e-03
3.627889999999999873e+02 4.109893242357961704e-03
3.635760000000000218e+02 4.051403687291441069e-03
3.643639999999999759e+02 3.987780401584505897e-03
3.651510000000000105e+02 3.936159753451223126e-03
3.659379999999999882e+02 3.874342114274926564e-03
3.667250000000000227e+02 3.815810376667918852e-03
3.675120000000000005e+02 3.746445834267838563e-03
3.683000000000000114e+02 3.678478867530577106e-03
3.690860000000000127e+02 3.627759105485570731e-03
3.698729999999999905e+02 3.555125089682104750e-03
3.706600000000000250e+02 3.480372342186015440e-03
3.714470000000000027e+02 3.405536011314889804e-03
3.722339999999999804e+02 3.331299148112355519e-03
3.730199999999999818e+02 3.263528563681743124e-03
3.738070000000000164e+02 3.190056108303541190e-03
3.745930000000000177e+02 3.121943413972039227e-03
3.753790000000000191e+02 3.053903383056459555e-03
3.761659999999999968e+02 2.983912041466064112e-03
3.769519999999999982e+02 2.919485120842496909e-03
3.777379999999999995e+02 2.858352432270945369e-03
3.785240000000000009e+02 2.795315610342294105e-03
3.793100000000000023e+02 2.732209802820645666e-03
3.800960000000000036e+02 2.672684948406456491e-03
3.808820000000000050e+02 2.615672412182950841e-03
3.816669999999999732e+02 2.557201092373715279e-03
3.824529999999999745e+02 2.506694012423131383e-03
3.832389999999999759e+02 2.456277571336172149e-03
3.840240000000000009e+02 2.408547165902048641e-03
3.848100000000000023e+02 2.360970032932261081e-03
3.855950000000000273e+02 2.313905287863201373e-03
3.863799999999999955e+02 2.270538457979274193e-03
3.871650000000000205e+02 2.228633616198601088e-03
3.879499999999999886e+02 2.189499837706884462e-03
3.887350000000000136e+02 2.151763585599876429e-03
3.895199999999999818e+02 2.117921844000645887e-03
3.903050000000000068e+02 2.082286152700642528e-03
3.910899999999999750e+02 2.043178756983218391e-03
3.918750000000000000e+02 2.008693187062727051e-03
3.926600000000000250e+02 1.973568280862246418e-03
3.934440000000000168e+02 1.938960135901688329e-03
3.942289999999999850e+02 1.905039676385454021e-03
3.950129999999999768e+02 1.875093066248969837e-03
3.957970000000000255e+02 1.843600873419770896e-03
3.965819999999999936e+02 1.814243725006058332e-03
3.973659999999999854e+02 1.784860693609652662e-03
3.981499999999999773e+02 1.755498405738937758e-03
3.989340000000000259e+02 1.726540459353978398e-03
3.997180000000000177e+02 1.696939434589193798e-03
4.005020000000000095e+02 1.670294831150118467e-03
4.012860000000000014e+02 1.643996065770217830e-03
4.020690000000000168e+02 1.619691776556585238e-03
4.028530000000000086e+02 1.595944856190448582e-03
4.036370000000000005e+02 1.573498663255763893e-03
4.044200000000000159e+02 1.550196923700480466e-03
4.052029999999999745e+02 1.527441323847320963e-03
4.059870000000000232e+02 1.506810805035241081e-03
4.067699999999999818e+02 1.484875463580180186e-03
4.075529999999999973e+02 1.464209260981871917e-03
4.083360000000000127e+02 1.442874020456499148e-03
4.091190000000000282e+02 1.422562342486177918e-03
4.099019999999999868e+02 1.403737032478788276e-03
4.106850000000000023e+02 1.384830012709365333e-03
4.114680000000000177e+02 1.366574147640981212e-03
4.122509999999999764e+02 1.349613931935090671e-03
4.130330000000000155e+02 1.332579352643376057e-03
4.138159999999999741e+02 1.317105105765179873e-03
4.145989999999999895e+02 1.301548634277623507e-03
4.153809999999999718e+02 1.286376636573519474e-03
4.161630000000000109e+02 1.272062708206746521e-03
4.169460000000000264e+02 1.258153995270107784e-03
4.177280000000000086e+02 1.244487170104083447e-03
4.185099999999999909e+02 1.231972698241786670e-03
4.192919999999999732e+02 1.219057312974954066e-03
4.200740000000000123e+02 1.207170005234465236e-03
4.208559999999999945e+02 1.196084771767865146e-03
4.216379999999999768e+02 1.185123143696486083e-03
4.224189999999999827e+02 1.174136576974558728e-03
4.232010000000000218e+02 1.163966288921489817e-03
4.239830000000000041e+02 1.153866324128119446e-03
4.247640000000000100e+02 1.143566077711563904e-03
4.255450000000000159e+02 1.133210656077356885e-03
4.263269999999999982e+02 1.123502272669388768e-03
4.271080000000000041e+02 1.114139911416907325e-03
4.278890000000000100e+02 1.104786088120916993e-03
4.286700000000000159e+02 1.095144893019210815e-03
4.294510000000000218e+02 1.086100104435539209e-03
4.302320000000000277e+02 1.076786061134115281e-03
4.310129999999999768e+02 1.067519624775032988e-03
4.317939999999999827e+02 1.058259793524533171e-03
4.325749999999999886e+02 1.049095517466464749e-03
4.333550000000000182e+02 1.039584539546888368e-03
4.341360000000000241e+02 1.030964877449605478e-03
4.349159999999999968e+02 1.022554097608048117e-03
4.356970000000000027e+02 1.014401122563338663e-03
4.364769999999999754e+02 1.006101526066984376e-03
4.372570000000000050e+02 9.979847135175171427e-04
4.380380000000000109e+02 9.900582652794208665e-04
4.388179999999999836e+02 9.823299178195882275e-04
4.395980000000000132e+02 9.746406132209689370e-04
4.403779999999999859e+02 9.672593111438987758e-04
4.411580000000000155e+02 9.598580597137618868e-04
4.419370000000000118e+02 9.525826046212413061e-04
4.427169999999999845e+02 9.455180647496609376e-04
4.434970000000000141e+02 9.387677483033197729e-04
4.442760000000000105e+02 9.321777405997921755e-04
4.450559999999999832e+02 9.259317273308524015e-04
4.458349999999999795e+02 9.198106307095176709e-04
4.466150000000000091e+02 9.138682554149070783e-04
4.473940000000000055e+02 9.079651338877301652e-04
4.481730000000000018e+02 9.019565252024692786e-04
4.489519999999999982e+02 8.961071596022308905e-04
4.497309999999999945e+02 8.903292220685957506e-04
4.505099999999999909e+02 8.848478592281432999e-04
4.512889999999999873e+02 8.793373371703346215e-04
4.520679999999999836e+02 8.737607861231108447e-04
4.528469999999999800e+02 8.685464739134070951e-04
4.536250000000000000e+02 8.632728348791243820e-04
4.544039999999999964e+02 8.583007402920129038e-04
4.551820000000000164e+02 8.534247087389401284e-04
4.559610000000000127e+02 8.483519474045745062e-04
4.567389999999999759e+02 8.432739925508658937e-04
4.575169999999999959e+02 8.380883598304890436e-04
4.582959999999999923e+02 8.327576473309566832e-04
4.590740000000000123e+02 8.274614319832247289e-04
4.598519999999999754e+02 8.221185261208431181e-04
4.606299999999999955e+02 8.167837341168129829e-04
4.614069999999999823e+02 8.114083778556077046e-04
4.621850000000000023e+02 8.057750818429200304e-04
4.629630000000000223e+02 8.000959729390199476e-04
4.637409999999999854e+02 7.943542608327038967e-04
4.645179999999999723e+02 7.886085928451852653e-04
4.652959999999999923e+02 7.829882558130487821e-04
4.660729999999999791e+02 7.773758505888969141e-04
4.668500000000000227e+02 7.718979504846815339e-04
4.676279999999999859e+02 7.664669808683266007e-04
4.684049999999999727e+02 7.613571875504827891e-04
4.691820000000000164e+02 7.561615428266139395e-04
4.699590000000000032e+02 7.511931178428908704e-04
4.707359999999999900e+02 7.463956743964542204e-04
4.715129999999999768e+02 7.416651284791558841e-04
4.722900000000000205e+02 7.370883610541715874e-04
4.730659999999999741e+02 7.325510620013842922e-04
4.738430000000000177e+02 7.281969580248399791e-04
4.746200000000000045e+02 7.238034731519749250e-04
4.753960000000000150e+02 7.194093953239299056e-04
4.761720000000000255e+02 7.150814193414594582e-04
4.769490000000000123e+02 7.107666564740351169e-04
4.777250000000000227e+02 7.065331559597178707e-04
4.785009999999999764e+02 7.022770605131681103e-04
4.792769999999999868e+02 6.979871010957169322e-04
4.800529999999999973e+02 6.938188455652791620e-04
4.808290000000000077e+02 6.897526128706241155e-04
4.816050000000000182e+02 6.857529090719814051e-04
4.823809999999999718e+02 6.817498523656954348e-04
4.831569999999999823e+02 6.778333729100670564e-04
4.839320000000000164e+02 6.740354708623121603e-04
4.847080000000000268e+02 6.703569026583924666e-04
4.854830000000000041e+02 6.668444224725721039e-04
4.862590000000000146e+02 6.633387234953546339e-04
4.870339999999999918e+02 6.598935695135131098e-04
4.878090000000000259e+02 6.566160473063398922e-04
4.885840000000000032e+02 6.531871064421442214e-04
4.893600000000000136e+02 6.498308860325096269e-04
4.901349999999999909e+02 6.464808215044448234e-04
4.909100000000000250e+02 6.432079782928198236e-04
4.916840000000000259e+02 6.399341068686532387e-04
4.924590000000000032e+02 6.367124418756537957e-04
4.932339999999999804e+02 6.335361646357098777e-04
4.940090000000000146e+02 6.304789803725847257e-04
4.947830000000000155e+02 6.275704311331396432e-04
4.955579999999999927e+02 6.245867702701505056e-04
4.963319999999999936e+02 6.216973626361364455e-04
4.971059999999999945e+02 6.189030254873585006e-04
4.978809999999999718e+02 6.160540316756945049e-04
4.986549999999999727e+02 6.134351394353424608e-04
4.994289999999999736e+02 6.107917113847695194e-04
5.002029999999999745e+02 6.082658624114885542e-04
5.009769999999999754e+02 6.056332866824480242e-04
5.017509999999999764e+02 6.029542700231435483e-04
5.025240000000000009e+02 6.003422319989728953e-04
5.032980000000000018e+02 5.976943676606621828e-04
5.040720000000000027e+02 5.950284802498322480e-04
5.048450000000000273e+02 5.922287597476816323e-04
5.056190000000000282e+02 5.892412957280569567e-04
5.063919999999999959e+02 5.863444522266956886e-04
5.071650000000000205e+02 5.832035403562984633e-04
5.079390000000000214e+02 5.800512182981992261e-04
5.087119999999999891e+02 5.768334030832850774e-04
5.094850000000000136e+02 5.736007845856397943e-04
5.102579999999999814e+02 5.704743709362583397e-04
5.110310000000000059e+02 5.672951514027385405e-04
5.118039999999999736e+02 5.642336334259849800e-04
5.125769999999999982e+02 5.611310670540459958e-04
5.133490000000000464e+02 5.582132843334311522e-04
5.141219999999999573e+02 5.553726610264672278e-04
5.148940000000000055e+02 5.524938546563608029e-04
5.156670000000000300e+02 5.497481964176552209e-04
5.164389999999999645e+02 5.470292703736572568e-04
5.172119999999999891e+02 5.443974948700186197e-04
5.179840000000000373e+02 5.418008015949791383e-04
5.187559999999999718e+02 5.392707058164841489e-04
5.195280000000000200e+02 5.367912521374469930e-04
5.202999999999999545e+02 5.343920315203412033e-04
5.210720000000000027e+02 5.320712652598284884e-04
5.218440000000000509e+02 5.297932827539294023e-04
5.226159999999999854e+02 5.275866437824119556e-04
5.233869999999999436e+02 5.253904413491017247e-04
5.241589999999999918e+02 5.232816202794458686e-04
5.249310000000000400e+02 5.212062323623540454e-04
5.257019999999999982e+02 5.192571215044418896e-04
5.264729999999999563e+02 5.173176898354322605e-04
5.272450000000000045e+02 5.153710623622715249e-04
5.280159999999999627e+02 5.135873095149574201e-04
5.287870000000000346e+02 5.118784079534263644e-04
5.295579999999999927e+02 5.102243336192050557e-04
5.303289999999999509e+02 5.085907729484838175e-04
5.311000000000000227e+02 5.070191830064747123e-04
5.318709999999999809e+02 5.054090597539674656e-04
5.326420000000000528e+02 5.038793492533032983e-04
5.334120000000000346e+02 5.022825516471392639e-04
5.341829999999999927e+02 5.007579012035423506e-04
5.349539999999999509e+02 4.992103459494823172e-04
5.357240000000000464e+02 4.976560800401963339e-04
5.364940000000000282e+02 4.960736372395767313e-04
5.372649999999999864e+02 4.944666830087740420e-04
5.380349999999999682e+02 4.928796218651383719e-04
5.388049999999999500e+02 4.913034252245279069e-04
5.395750000000000455e+02 4.897829477410446273e-04
5.403450000000000273e+02 4.882514567455835592e-04
5.411150000000000091e+02 4.866960202169439537e-04
5.418849999999999909e+02 4.851969827993130903e-04
5.426549999999999727e+02 4.836950736797092755e-04
5.434239999999999782e+02 4.822049721453337085e-04
5.441939999999999600e+02 4.807768388373831600e-04
5.449640000000000555e+02 4.793515186589235202e-04
5.457329999999999472e+02 4.779832811440634004e-04
5.465019999999999527e+02 4.765993038592053433e-04
5.472720000000000482e+02 4.752855101338915506e-04
5.480410000000000537e+02 4.740036853474947063e-04
5.488099999999999454e+02 4.727049247546403826e-04
5.495789999999999509e+02 4.714150321605593569e-04
5.503479999999999563e+02 4.701883613618678564e-04
5.511169999999999618e+02 4.689674270459096863e-04
5.518859999999999673e+02 4.678070899889250457e-04
5.526549999999999727e+02 4.665731207215427544e-04
5.534230000000000018e+02 4.653682136590410554e-04
5.541920000000000073e+02 4.642391817592261848e-04
5.549600000000000364e+02 4.631580021322091495e-04
5.557290000000000418e+02 4.620790844750946764e-04
5.564969999999999573e+02 4.610278020915138425e-04
5.572659999999999627e+02 4.600327324648442870e-04
5.580339999999999918e+02 4.590136628459359942e-04
5.588020000000000209e+02 4.580335991002462974e-04
5.595700000000000500e+02 4.570898301167856817e-04
5.603379999999999654e+02 4.561883187165359141e-04
5.611059999999999945e+02 4.552701579052008743e-04
5.618740000000000236e+02 4.542991473875235406e-04
5.626409999999999627e+02 4.533315914739025304e-04
5.634089999999999918e+02 4.523717272639051000e-04
5.641770000000000209e+02 4.513991285535158202e-04
5.649439999999999600e+02 4.504775847284928558e-04
5.657119999999999891e+02 4.495231383797728764e-04
5.664790000000000418e+02 4.485250668605609984e-04
5.672459999999999809e+02 4.475239253194032577e-04
5.680140000000000100e+02 4.465838986130994215e-04
5.687809999999999491e+02 4.456051088181671644e-04
5.695480000000000018e+02 4.446568049487015857e-04
5.703150000000000546e+02 4.437384521276740035e-04
5.710819999999999936e+02 4.428196135983345806e-04
5.718479999999999563e+02 4.419221605670624418e-04
5.726150000000000091e+02 4.410211036476771292e-04
5.733819999999999482e+02 4.401830261579075696e-04
5.741480000000000246e+02 4.393449101249083128e-04
5.749149999999999636e+02 4.384649624458671524e-04
5.756810000000000400e+02 4.376354387576547947e-04
5.764479999999999791e+02 4.368370811085931817e-04
5.772140000000000555e+02 4.360320337431572912e-04
5.779800000000000182e+02 4.352261584459210801e-04
5.787459999999999809e+02 4.344128416861914614e-04
5.795119999999999436e+02 4.336047431744937102e-04
5.802780000000000200e+02 4.328501252467646513e-04
5.810439999999999827e+02 4.321199439384238589e-04
5.818099999999999454e+02 4.313747859173777742e-04
5.825760000000000218e+02 4.306342466858439498e-04
5.833410000000000082e+02 4.299254072740505317e-04
5.841069999999999709e+02 4.292232089529603558e-04
5.848730000000000473e+02 4.285704726994611418e-04
5.856380000000000337e+02 4.279373337775179732e-04
5.864030000000000200e+02 4.273624355275753000e-04
5.871689999999999827e+02 4.268013911474858018e-04
5.879339999999999691e+02 4.262203002055394590e-04
5.886989999999999554e+02 4.257190903354221069e-04
5.894640000000000555e+02 4.252375165941383651e-04
5.902290000000000418e+02 4.248012872227834675e-04
5.909940000000000282e+02 4.244202133830452884e-04
5.917590000000000146e+02 4.240675088943359904e-04
5.925230000000000246e+02 4.237762048908070146e-04
5.932880000000000109e+02 4.235244608814462807e-04
5.940529999999999973e+02 4.233181219485230044e-04
5.948170000000000073e+02 4.231342169580208082e-04
5.955819999999999936e+02 4.229726610325186282e-04
5.963460000000000036e+02 4.228066439210033411e-04
5.971100000000000136e+02 4.226738328916291839e-04
5.978740000000000236e+02 4.225156983577841338e-04
5.986380000000000337e+02 4.223469301696462070e-04
5.994030000000000200e+02 4.222049556258189538e-04
6.001660000000000537e+02 4.220023925248585803e-04
6.009299999999999500e+02 4.217084222294158408e-04
6.016939999999999600e+02 4.214333108508467739e-04
6.024579999999999700e+02 4.210807456347033951e-04
6.032219999999999800e+02 4.206230738576687478e-04
6.039850000000000136e+02 4.201686888740171892e-04
6.047490000000000236e+02 4.196458662583875160e-04
6.055119999999999436e+02 4.191132793312687108e-04
6.062749999999999773e+02 4.185494786046798613e-04
6.070389999999999873e+02 4.179447956660503616e-04
6.078020000000000209e+02 4.173421664121957806e-04
6.085650000000000546e+02 4.166925268690071637e-04
6.093279999999999745e+02 4.160483906493542532e-04
6.100910000000000082e+02 4.153951398649500691e-04
6.108540000000000418e+02 4.147657585259054884e-04
6.116169999999999618e+02 4.141546203187148169e-04
6.123790000000000191e+02 4.135860615233988638e-04
6.131420000000000528e+02 4.130463663751723631e-04
6.139039999999999964e+02 4.125069216130631926e-04
6.146670000000000300e+02 4.120264716387650049e-04
6.154289999999999736e+02 4.115683355770725460e-04
6.161920000000000073e+02 4.111632294312105550e-04
6.169539999999999509e+02 4.107866152566090677e-04
6.177160000000000082e+02 4.104547278018571221e-04
6.184779999999999518e+02 4.102276882627405702e-04
6.192400000000000091e+02 4.100009863269062625e-04
6.200019999999999527e+02 4.098017926174099676e-04
6.207640000000000100e+02 4.096250123323173461e-04
6.215259999999999536e+02 4.094237406616579953e-04
6.222870000000000346e+02 4.092318350641624305e-04
6.230489999999999782e+02 4.090306224670727919e-04
6.238110000000000355e+02 4.088015656724090655e-04
6.245720000000000027e+02 4.085604788048212898e-04
6.253339999999999463e+02 4.083091011436699200e-04
6.260950000000000273e+02 4.080108126782844681e-04
6.268559999999999945e+02 4.076459813513527101e-04
6.276169999999999618e+02 4.072927956381967277e-04
6.283780000000000427e+02 4.068754837296528607e-04
6.291390000000000100e+02 4.064063159542139619e-04
6.298999999999999773e+02 4.059616459251593726e-04
6.306609999999999445e+02 4.054875762813925626e-04
6.314220000000000255e+02 4.050215528158435411e-04
6.321829999999999927e+02 4.045980935510998548e-04
6.329429999999999836e+02 4.041652590053362794e-04
6.337039999999999509e+02 4.037869176474480457e-04
6.344640000000000555e+02 4.034415137143943625e-04
6.352250000000000227e+02 4.031067129511793482e-04
6.359850000000000136e+02 4.028540984060839159e-04
6.367450000000000045e+02 4.026424327367251273e-04
6.375049999999999955e+02 4.024932557774230828e-04
6.382649999999999864e+02 4.023590414736142847e-04
6.390249999999999773e+02 4.022590403984781541e-04
6.397849999999999682e+02 4.021879696993216303e-04
6.405449999999999591e+02 4.021509143120831744e-04
6.413049999999999500e+02 4.021504492045371100e-04
6.420650000000000546e+02 4.021499349520275563e-04
6.428239999999999554e+02 4.021798063596482287e-04
6.435839999999999463e+02 4.022153106015722776e-04
6.443429999999999609e+02 4.023013042422591895e-04
6.451029999999999518e+02 4.023774061689027511e-04
6.458619999999999663e+02 4.024708433076006585e-04
6.466209999999999809e+02 4.025837507964476138e-04
6.473799999999999955e+02 4.026638142856219394e-04
6.481390000000000100e+02 4.027453482907359132e-04
6.488980000000000246e+02 4.028449918382457783e-04
6.496570000000000391e+02 4.029218052234956153e-04
6.504160000000000537e+02 4.030119341669814487e-04
6.511749999999999545e+02 4.030874983606402427e-04
6.519339999999999691e+02 4.031157136779595627e-04
6.526920000000000073e+02 4.031771283093978347e-04
6.534510000000000218e+02 4.032484682037242030e-04
6.542089999999999463e+02 4.033003692574269267e-04
6.549679999999999609e+02 4.033444375496735013e-04
6.557259999999999991e+02 4.033691028618423551e-04
6.564840000000000373e+02 4.034046046943719427e-04
6.572419999999999618e+02 4.034382430731598486e-04
6.580000000000000000e+02 4.034875304498418283e-04
6.587580000000000382e+02 4.034999806705504965e-04
6.595159999999999627e+02 4.035159983720999592e-04
6.602740000000000009e+02 4.035593340972042239e-04
6.610320000000000391e+02 4.035938524437686185e-04
6.617889999999999873e+02 4.036507683451392211e-04
6.625470000000000255e+02 4.037028787401559225e-04
6.633039999999999736e+02 4.037815232032425329e-04
6.640620000000000118e+02 4.038419204490966601e-04
6.648189999999999600e+02 4.039441991795605881e-04
6.655769999999999982e+02 4.040550166561986708e-04
6.663339999999999463e+02 4.041412468990169702e-04
6.670910000000000082e+02 4.042606615934048252e-04
6.678479999999999563e+02 4.043635104688508689e-04
6.686050000000000182e+02 4.045044419223265070e-04
6.693619999999999663e+02 4.046355969690612923e-04
6.701190000000000282e+02 4.048035359272071469e-04
6.708750000000000000e+02 4.049765983107852813e-04
6.716319999999999482e+02 4.051470933175905413e-04
6.723890000000000100e+02 4.053412553802832529e-04
6.731449999999999818e+02 4.055446739015761766e-04
6.739020000000000437e+02 4.057704099887163296e-04
6.746580000000000155e+02 4.059984096777513834e-04
6.754139999999999873e+02 4.062413677718432550e-04
6.761699999999999591e+02 4.065065988740075684e-04
6.769260000000000446e+02 4.067625545440978901e-04
6.776829999999999927e+02 4.070186941275217218e-04
6.784379999999999882e+02 4.073425193069092056e-04
6.791939999999999600e+02 4.076260897109393235e-04
6.799500000000000455e+02 4.079228545772403138e-04
6.807060000000000173e+02 4.082479325691217888e-04
6.814619999999999891e+02 4.085691760160536858e-04
6.822169999999999845e+02 4.089219981809770260e-04
6.829729999999999563e+02 4.092932295006234474e-04
6.837279999999999518e+02 4.096493358816959314e-04
6.844829999999999472e+02 4.099973600967684283e-04
6.852390000000000327e+02 4.103718407049774001e-04
6.859940000000000282e+02 4.107728971719309887e-04
6.867490000000000236e+02 4.111759981340310541e-04
6.875040000000000191e+02 4.115940816114746752e-04
6.882590000000000146e+02 4.120102439025804045e-04
6.890140000000000100e+02 4.124431846746389385e-04
6.897690000000000055e+02 4.128742775430872857e-04
6.905230000000000246e+02 4.133472440966187299e-04
6.912780000000000200e+02 4.137957615720071767e-04
6.920320000000000391e+02 4.142491474415636215e-04
6.927870000000000346e+02 4.147274584353350920e-04
6.935410000000000537e+02 4.151906198065146662e-04
6.942960000000000491e+02 4.156963254700777677e-04
6.950499999999999545e+02 4.162003186335682401e-04
6.958039999999999736e+02 4.167099164941309372e-04
6.965579999999999927e+02 4.172091802174218060e-04
6.973120000000000118e+02 4.177268125458375716e-04
6.980660000000000309e+02 4.182566665287711289e-04
6.988200000000000500e+02 4.187540438835851567e-04
6.995739999999999554e+02 4.192616879733735108e-04
7.003279999999999745e+02 4.197573424841365771e-04
7.010810000000000173e+02 4.203017442338947670e-04
7.018350000000000364e+02 4.208063813510680971e-04
7.025879999999999654e+02 4.213084824528421746e-04
7.033419999999999845e+02 4.218363883989441690e-04
7.040950000000000273e+02 4.223273304614093325e-04
7.048479999999999563e+02 4.228198908884433713e-04
7.056009999999999991e+02 4.233139075176751889e-04
7.063540000000000418e+02 4.238024440245396628e-04
7.071069999999999709e+02 4.242998919784727978e-04
7.078600000000000136e+02 4.247939262662360450e-04
7.086130000000000564e+02 4.252604951392414067e-04
7.093659999999999854e+02 4.257195568345431775e-04
7.101190000000000282e+02 4.261637148769408120e-04
7.108709999999999809e+02 4.266180933709606219e-04
7.116240000000000236e+02 4.270373039511714264e-04
7.123759999999999764e+02 4.274636855330195620e-04
7.131290000000000191e+02 4.279085484041962508e-04
7.138809999999999718e+02 4.283402080533777303e-04
7.146330000000000382e+02 4.287975042563833068e-04
7.153849999999999909e+02 4.292672033164253225e-04
7.161369999999999436e+02 4.297485375092782766e-04
7.168890000000000100e+02 4.302145248555322432e-04
7.176409999999999627e+02 4.307182294312214901e-04
7.183930000000000291e+02 4.312140040977308574e-04
7.191449999999999818e+02 4.317037684434699586e-04
7.198970000000000482e+02 4.321883780241030310e-04
7.206480000000000246e+02 4.326601364806779634e-04
7.213999999999999773e+02 4.331053691948932253e-04
7.221509999999999536e+02 4.334974821703039280e-04
7.229030000000000200e+02 4.338392811229660430e-04
7.236539999999999964e+02 4.341120631741069032e-04
7.244049999999999727e+02 4.343012569924026745e-04
7.251559999999999491e+02 4.344447903790347662e-04
7.259070000000000391e+02 4.345137300634577997e-04
7.266580000000000155e+02 4.345191157326790468e-04
7.274089999999999918e+02 4.344140130119924625e-04
7.281599999999999682e+02 4.342555014629785452e-04
7.289109999999999445e+02 4.340373057379646950e-04
7.296609999999999445e+02 4.337714487518193459e-04
7.304120000000000346e+02 4.334693130373343554e-04
7.311620000000000346e+02 4.331488007142211176e-04
7.319130000000000109e+02 4.328743115534511993e-04
7.326630000000000109e+02 4.326532014520668534e-04
7.334139999999999873e+02 4.324701550648108296e-04
7.341639999999999873e+02 4.323318875936160016e-04
7.349139999999999873e+02 4.322749747546270191e-04
7.356639999999999873e+02 4.322788197493858007e-04
7.364139999999999873e+02 4.323166945151534217e-04
7.371639999999999873e+02 4.323978389625773074e-04
7.379139999999999873e+02 4.325172777745042371e-04
7.386630000000000109e+02 4.326633463309640846e-04
7.394130000000000109e+02 4.328305860182644470e-04
7.401630000000000109e+02 4.329726464168161260e-04
7.409120000000000346e+02 4.330897184034012749e-04
7.416609999999999445e+02 4.331355238891439999e-04
7.424109999999999445e+02 4.331306978433135664e-04
7.431599999999999682e+02 4.330951004938865274e-04
7.439089999999999918e+02 4.329710578894286417e-04
7.446580000000000155e+02 4.328277334149268751e-04
7.454070000000000391e+02 4.326061253284961550e-04
7.461559999999999491e+02 4.323386747562158470e-04
7.469049999999999727e+02 4.320132763732321057e-04
7.476539999999999964e+02 4.316388281716176316e-04
7.484030000000000200e+02 4.312309985175504391e-04
7.491509999999999536e+02 4.307963477977015546e-04
7.498999999999999773e+02 4.303678180179117303e-04
7.506480000000000246e+02 4.299134115543117637e-04
7.513970000000000482e+02 4.294422775610252018e-04
7.521449999999999818e+02 4.290413469502322844e-04
7.528930000000000291e+02 4.286582098661902910e-04
7.536420000000000528e+02 4.283030437273753943e-04
7.543899999999999864e+02 4.279616495532537722e-04
7.551380000000000337e+02 4.276843009632740034e-04
7.558859999999999673e+02 4.273814946910716416e-04
7.566340000000000146e+02 4.271342273991758989e-04
7.573809999999999718e+02 4.269246480255785856e-04
7.581290000000000191e+02 4.267372814435191016e-04
7.588769999999999527e+02 4.265920663041131849e-04
7.596240000000000236e+02 4.264556772980905596e-04
7.603719999999999573e+02 4.263333272841261638e-04
7.611190000000000282e+02 4.262190625064038408e-04
7.618659999999999854e+02 4.260954263784292868e-04
7.626140000000000327e+02 4.260170601209657660e-04
7.633609999999999900e+02 4.259483093821542763e-04
7.641079999999999472e+02 4.258995315621265463e-04
7.648550000000000182e+02 4.258774667122660175e-04
7.656019999999999754e+02 4.258574038612296408e-04
7.663490000000000464e+02 4.258561202469129145e-04
7.670950000000000273e+02 4.258702379347490113e-04
7.678419999999999845e+02 4.259191134495035613e-04
7.685890000000000555e+02 4.260003751113440595e-04
7.693350000000000364e+02 4.260936639434208598e-04
7.700819999999999936e+02 4.262467958337171482e-04
7.708279999999999745e+02 4.264378791659486430e-04
7.715739999999999554e+02 4.266846461772599028e-04
7.723210000000000264e+02 4.270023651246522491e-04
7.730670000000000073e+02 4.273961116438225764e-04
7.738129999999999882e+02 4.278209381056336273e-04
7.745589999999999691e+02 4.282738129656673979e-04
7.753049999999999500e+02 4.287908743537324481e-04
7.760510000000000446e+02 4.293148568326861044e-04
7.767960000000000491e+02 4.298460801546168889e-04
7.775420000000000300e+02 4.304332538735874394e-04
7.782880000000000109e+02 4.310370410838005326e-04
7.790330000000000155e+02 4.316598809520149314e-04
7.797789999999999964e+02 4.323117662996388169e-04
7.805240000000000009e+02 4.330109187416633708e-04
7.812690000000000055e+02 4.337028091312946829e-04
7.820149999999999864e+02 4.344232877286293587e-04
7.827599999999999909e+02 4.351532215180125098e-04
7.835049999999999955e+02 4.359292227166752277e-04
7.842500000000000000e+02 4.367683382680331351e-04
7.849950000000000045e+02 4.376128478583179884e-04
7.857390000000000327e+02 4.384964678452974666e-04
7.864840000000000373e+02 4.394003110912226618e-04
7.872290000000000418e+02 4.402914531601550066e-04
7.879729999999999563e+02 4.412182331896167620e-04
7.887179999999999609e+02 4.421643268475935768e-04
7.894619999999999891e+02 4.431464265388225477e-04
7.902069999999999936e+02 4.441649612743923188e-04
7.909510000000000218e+02 4.451549206277023414e-04
7.916950000000000500e+02 4.461292727979552565e-04
7.924389999999999645e+02 4.471218982848350018e-04
7.931829999999999927e+02 4.481305222466970399e-04
7.939270000000000209e+02 4.491274926017886897e-04
7.946710000000000491e+02 4.501520589835302411e-04
7.954149999999999636e+02 4.511740531973518382e-04
7.961589999999999918e+02 4.521852300072827188e-04
7.969020000000000437e+02 4.531610040777076746e-04
7.976459999999999582e+02 4.541593213562895468e-04
7.983890000000000100e+02 4.551770091946150359e-04
7.991330000000000382e+02 4.562293210043405121e-04
7.998759999999999764e+02 4.572801940994079459e-04
8.006190000000000282e+02 4.583383926749790959e-04
8.013630000000000564e+02 4.593831680703137996e-04
8.021059999999999945e+02 4.604166440360978399e-04
8.028490000000000464e+02 4.615015552745415283e-04
8.035919999999999845e+02 4.626575144770878295e-04
8.043350000000000364e+02 4.637951621601828786e-04
8.050769999999999982e+02 4.649249382313019180e-04
8.058200000000000500e+02 4.660425688879139437e-04
8.065629999999999882e+02 4.671651591900789421e-04
8.073049999999999500e+02 4.683086342897512184e-04
8.080480000000000018e+02 4.694703882688127609e-04
8.087899999999999636e+02 4.706115210883649058e-04
8.095330000000000155e+02 4.717375029286801063e-04
8.102749999999999773e+02 4.728030829940924940e-04
8.110170000000000528e+02 4.738734516346141822e-04
8.117590000000000146e+02 4.749358518064478109e-04
8.125009999999999764e+02 4.759621050225720947e-04
8.132430000000000518e+02 4.769744846716526560e-04
8.139850000000000136e+02 4.779498663935617935e-04
8.147269999999999754e+02 4.789169931710832097e-04
8.154679999999999609e+02 4.798217479738244376e-04
8.162100000000000364e+02 4.806823664327102008e-04
8.169510000000000218e+02 4.815584013826621737e-04
8.176929999999999836e+02 4.824470540776709410e-04
8.184339999999999691e+02 4.833158360792091240e-04
8.191760000000000446e+02 4.841482464157450681e-04
8.199170000000000300e+02 4.850043112667595802e-04
8.206580000000000155e+02 4.858196415741083117e-04
8.213990000000000009e+02 4.866564083535254975e-04
8.221399999999999864e+02 4.874956906942535346e-04
8.228809999999999718e+02 4.883999883700961995e-04
8.236219999999999573e+02 4.892833669766522703e-04
8.243630000000000564e+02 4.901678070082046311e-04
8.251029999999999518e+02 4.910087999871838365e-04
8.258440000000000509e+02 4.918481577252586598e-04
8.265839999999999463e+02 4.926941663069621348e-04
8.273250000000000455e+02 4.935898134932538862e-04
8.280650000000000546e+02 4.944995266850941073e-04
8.288049999999999500e+02 4.953739439216705513e-04
8.295460000000000491e+02 4.961571964204138964e-04
8.302859999999999445e+02 4.969029814490005413e-04
8.310259999999999536e+02 4.976428359370515305e-04
8.317659999999999627e+02 4.984408797294400707e-04
8.325059999999999718e+02 4.992644752459574108e-04
8.332459999999999809e+02 5.000858478768981877e-04
8.339850000000000136e+02 5.008146379548901201e-04
8.347250000000000227e+02 5.015103458520809568e-04
8.354650000000000318e+02 5.021865649542173659e-04
8.362039999999999509e+02 5.029015285689429973e-04
8.369439999999999600e+02 5.036527311759322412e-04
8.376829999999999927e+02 5.044158139378880374e-04
8.384220000000000255e+02 5.051179062328773912e-04
8.391609999999999445e+02 5.057747742219171130e-04
8.398999999999999773e+02 5.064062927832061432e-04
8.406390000000000100e+02 5.070121623552576460e-04
8.413780000000000427e+02 5.077056870336879753e-04
8.421169999999999618e+02 5.084778559313932710e-04
8.428559999999999945e+02 5.092481782139259439e-04
8.435950000000000273e+02 5.099687029593841367e-04
8.443339999999999463e+02 5.106496137061447777e-04
8.450720000000000027e+02 5.113160435670318672e-04
8.458110000000000355e+02 5.120111484263750734e-04
8.465489999999999782e+02 5.127796618962685796e-04
8.472870000000000346e+02 5.135650201681293261e-04
8.480259999999999536e+02 5.143984294270054604e-04
8.487640000000000100e+02 5.151527763260677246e-04
8.495019999999999527e+02 5.158567644930208383e-04
8.502400000000000091e+02 5.165509205600005756e-04
8.509779999999999518e+02 5.172508440426347442e-04
8.517160000000000082e+02 5.180096057299927960e-04
8.524529999999999745e+02 5.188386404310666670e-04
8.531910000000000309e+02 5.196435427158226658e-04
8.539289999999999736e+02 5.204065897920226794e-04
8.546660000000000537e+02 5.211271008485405913e-04
8.554039999999999964e+02 5.217932647973736945e-04
8.561409999999999627e+02 5.224962422127784863e-04
8.568790000000000191e+02 5.232410767506464472e-04
8.576159999999999854e+02 5.240149923920257077e-04
8.583529999999999518e+02 5.248240979349729721e-04
8.590900000000000318e+02 5.255934298945270748e-04
8.598269999999999982e+02 5.263751951042359772e-04
8.605639999999999645e+02 5.271473842928955196e-04
8.613010000000000446e+02 5.279451784787390998e-04
8.620380000000000109e+02 5.288011910713558616e-04
8.627740000000000009e+02 5.296781684408402753e-04
8.635109999999999673e+02 5.305764267815630490e-04
8.642469999999999573e+02 5.315054789637239756e-04
8.649840000000000373e+02 5.324461670497417738e-04
8.657200000000000273e+02 5.333998583110569330e-04
8.664569999999999936e+02 5.344313265626972733e-04
8.671929999999999836e+02 5.355221349525429286e-04
8.679289999999999736e+02 5.366717708734185504e-04
8.686649999999999636e+02 5.378771746847722628e-04
8.694009999999999536e+02 5.391348779365245101e-04
8.701369999999999436e+02 5.404587091170366371e-04
8.708730000000000473e+02 5.418269108410483361e-04
8.716079999999999472e+02 5.432095699568768431e-04
8.723440000000000509e+02 5.446361786054519693e-04
8.730800000000000409e+02 5.461033092332228354e-04
8.738150000000000546e+02 5.475494120378426866e-04
8.745510000000000446e+02 5.489478190216197720e-04
8.752859999999999445e+02 5.503202728696426557e-04
8.760209999999999582e+02 5.516588881736085625e-04
8.767569999999999482e+02 5.529897422922071260e-04
8.774919999999999618e+02 5.542711380541322057e-04
8.782269999999999754e+02 5.554501858355101506e-04
8.789619999999999891e+02 5.565553592228636133e-04
8.796970000000000027e+02 5.575527122506413911e-04
8.804310000000000400e+02 5.584412711169777334e-04
8.811660000000000537e+02 5.593226906935580209e-04
8.819009999999999536e+02 5.601962664784100859e-04
8.826349999999999909e+02 5.610402692183135039e-04
8.833700000000000045e+02 5.618876010980018406e-04
8.841040000000000418e+02 5.626876082328436226e-04
8.848390000000000555e+02 5.634972622626106516e-04
8.855729999999999791e+02 5.642904954054014412e-04
8.863070000000000164e+02 5.651292199884970805e-04
8.870410000000000537e+02 5.660545414557889218e-04
8.877749999999999773e+02 5.670327365530636321e-04
8.885090000000000146e+02 5.681144542063448332e-04
8.892430000000000518e+02 5.692313497800889112e-04
8.899769999999999754e+02 5.704265666584643632e-04
8.907110000000000127e+02 5.716638868547619691e-04
8.914439999999999600e+02 5.729744041323562350e-04
8.921779999999999973e+02 5.743302136886192745e-04
8.929109999999999445e+02 5.758048980602991588e-04
8.936449999999999818e+02 5.773258829608891429e-04
8.943780000000000427e+02 5.789282379263600755e-04
8.951109999999999900e+02 5.805678555574065366e-04
8.958440000000000509e+02 5.821644944992748934e-04
8.965769999999999982e+02 5.837423392145782430e-04
8.973099999999999454e+02 5.853396935377091831e-04
8.980430000000000064e+02 5.869688674307155761e-04
8.987759999999999536e+02 5.886179146118690345e-04
8.995090000000000146e+02 5.902722171561224866e-04
9.002419999999999618e+02 5.919555420211268949e-04
9.009740000000000464e+02 5.936458630626219790e-04
9.017069999999999936e+02 5.953253301417214252e-04
9.024389999999999645e+02 5.969563091359458406e-04
9.031720000000000255e+02 5.985808035309629366e-04
9.039039999999999964e+02 6.002047862475445167e-04
9.046359999999999673e+02 6.018308040092820331e-04
9.053680000000000518e+02 6.034742793356829508e-04
9.061000000000000227e+02 6.051903738332346837e-04
9.068319999999999936e+02 6.069045599031107612e-04
9.075639999999999645e+02 6.086081247282327990e-04
9.082960000000000491e+02 6.103622440836746401e-04
9.090280000000000200e+02 6.121104230463119767e-04
9.097599999999999909e+02 6.139267032827791168e-04
9.104909999999999854e+02 6.157695128145891390e-04
9.112229999999999563e+02 6.176341073648445971e-04
9.119539999999999509e+02 6.195473147256314300e-04
9.126860000000000355e+02 6.215148454054205676e-04
9.134170000000000300e+02 6.235775339550338843e-04
9.141480000000000246e+02 6.256612250409927974e-04
9.148790000000000191e+02 6.278367234910375849e-04
9.156100000000000136e+02 6.300763940089709877e-04
9.163410000000000082e+02 6.323862812049896049e-04
9.170720000000000027e+02 6.348053361218768641e-04
9.178029999999999973e+02 6.373667091784462153e-04
9.185339999999999918e+02 6.400191032170361814e-04
9.192640000000000100e+02 6.428551919614750466e-04
9.199950000000000045e+02 6.458480399881510016e-04
9.207250000000000227e+02 6.489554071725963085e-04
9.214560000000000173e+02 6.522728952100994822e-04
9.221860000000000355e+02 6.557687629192756468e-04
9.229160000000000537e+02 6.593906564993465714e-04
9.236470000000000482e+02 6.631454366280127924e-04
9.243769999999999527e+02 6.670508930016608769e-04
9.251069999999999709e+02 6.710881667533520351e-04
9.258369999999999891e+02 6.752691649918001046e-04
9.265670000000000073e+02 6.795988279292666020e-04
9.272960000000000491e+02 6.841505685231221486e-04
9.280259999999999536e+02 6.889050350969295588e-04
9.287559999999999718e+02 6.939498457598795769e-04
9.294850000000000136e+02 6.994057241245738368e-04
9.302150000000000318e+02 7.054320722473857858e-04
9.309439999999999600e+02 7.121956532101311613e-04
9.316730000000000018e+02 7.197893223717890697e-04
9.324030000000000200e+02 7.284347412387357813e-04
9.331319999999999482e+02 7.382345406342547510e-04
9.338609999999999900e+02 7.491575068393620078e-04
9.345900000000000318e+02 7.612384869514611605e-04
9.353189999999999600e+02 7.744533895636441807e-04
9.360480000000000018e+02 7.885968401298347561e-04
9.367770000000000437e+02 8.035215105521478340e-04
9.375049999999999955e+02 8.190211919125329207e-04
9.382340000000000373e+02 8.347095861952280940e-04
9.389619999999999891e+02 8.502520313782951618e-04
9.396910000000000309e+02 8.653147593532255384e-04
9.404189999999999827e+02 8.794868728314852177e-04
9.411480000000000246e+02 8.924310167880806447e-04
9.418759999999999764e+02 9.038914662418054543e-04
9.426040000000000418e+02 9.135739593830220166e-04
9.433319999999999936e+02 9.213021281424269363e-04
9.440599999999999454e+02 9.270409002804234130e-04
9.447880000000000109e+02 9.307798244624985572e-04
9.455159999999999627e+02 9.325589802510291090e-04
9.462430000000000518e+02 9.326043083703908177e-04
9.469710000000000036e+02 9.310460955905516854e-04
9.476989999999999554e+02 9.280795052879295013e-04
9.484260000000000446e+02 9.241031003322907732e-04
9.491539999999999964e+02 9.193598641766911623e-04
9.498809999999999718e+02 9.141510413906796034e-04
9.506079999999999472e+02 9.087709188567740220e-04
9.513360000000000127e+02 9.034083225283541432e-04
9.520629999999999882e+02 8.982491677738040168e-04
9.527899999999999636e+02 8.933371347077623216e-04
9.535170000000000528e+02 8.888893370997311789e-04
9.542440000000000282e+02 8.848941662357544388e-04
9.549700000000000273e+02 8.813954496876942948e-04
9.556970000000000027e+02 8.784152618961163506e-04
9.564239999999999782e+02 8.759607390107256161e-04
9.571499999999999773e+02 8.740096068878722320e-04
9.578769999999999527e+02 8.725106588753056124e-04
9.586029999999999518e+02 8.714068010497023984e-04
9.593300000000000409e+02 8.706786886774289412e-04
9.600560000000000400e+02 8.703606660035356681e-04
9.607820000000000391e+02 8.704125639873653685e-04
9.615080000000000382e+02 8.707827625833140534e-04
9.622340000000000373e+02 8.715536380826069971e-04
9.629600000000000364e+02 8.726365916411702849e-04
9.636860000000000355e+02 8.740661446312172162e-04
9.644120000000000346e+02 8.758426554540410264e-04
9.651369999999999436e+02 8.778582837150272983e-04
9.658630000000000564e+02 8.801733929366758634e-04
9.665890000000000555e+02 8.828040340530168622e-04
9.673139999999999645e+02 8.856687600925445061e-04
9.680399999999999636e+02 8.888401846511481122e-04
9.687649999999999864e+02 8.922459455309286790e-04
9.694900000000000091e+02 8.959406231617610345e-04
9.702150000000000318e+02 8.998635852510855366e-04
9.709400000000000546e+02 9.040182850360556615e-04
9.716649999999999636e+02 9.084651318309644496e-04
9.723899999999999864e+02 9.130511674235684003e-04
9.731150000000000091e+02 9.178902149231853505e-04
9.738400000000000318e+02 9.229037737834556955e-04
9.745650000000000546e+02 9.280923112606194285e-04
9.752889999999999873e+02 9.333827011689093539e-04
9.760140000000000100e+02 9.388533994741593905e-04
9.767380000000000564e+02 9.444476198946806771e-04
9.774629999999999654e+02 9.502942767903401790e-04
9.781870000000000118e+02 9.565217741751085674e-04
9.789109999999999445e+02 9.631331915766653618e-04
9.796349999999999909e+02 9.701244220513198339e-04
9.803590000000000373e+02 9.775404458989458544e-04
9.810829999999999700e+02 9.853850707913158150e-04
9.818070000000000164e+02 9.936479231940108844e-04
9.825309999999999491e+02 1.002322950330875127e-03
9.832549999999999955e+02 1.011342057441176525e-03
9.839779999999999518e+02 1.020693126820047770e-03
9.847019999999999982e+02 1.030337115502436484e-03
9.854249999999999545e+02 1.040336437361825137e-03
9.861490000000000009e+02 1.050438496547591131e-03
9.868719999999999573e+02 1.060621958879853430e-03
9.875960000000000036e+02 1.070755452006382684e-03
9.883189999999999600e+02 1.080785707144104463e-03
9.890420000000000300e+02 1.090559061249324682e-03
9.897649999999999864e+02 1.099870193412938197e-03
9.904880000000000564e+02 1.108856203323268456e-03
9.912110000000000127e+02 1.117482805930419994e-03
9.919339999999999691e+02 1.125621277721554564e-03
9.926559999999999491e+02 1.133451383405033146e-03
9.933790000000000191e+02 1.140932333441298328e-03
9.941009999999999991e+02 1.148080734028515378e-03
9.948239999999999554e+02 1.154871606245802280e-03
9.955460000000000491e+02 1.161463313706410623e-03
9.962690000000000055e+02 1.167971180055914042e-03
9.969909999999999854e+02 1.174208493957870636e-03
9.977129999999999654e+02 1.180406729502434535e-03
9.984349999999999454e+02 1.186704679133694824e-03
9.991570000000000391e+02 1.193107725557799714e-03
9.998790000000000191e+02 1.199690925562877210e-03
1.000600999999999999e+03 1.206537078118859185e-03
1.001322999999999979e+03 1.213656043625222815e-03
1.002043999999999983e+03 1.221231081257220710e-03
1.002765999999999963e+03 1.229266806960742928e-03
1.003488000000000056e+03 1.237729402637575537e-03
1.004208999999999946e+03 1.246526902066247191e-03
1.004929999999999950e+03 1.255796114260649982e-03
1.005652000000000044e+03 1.265541256857651052e-03
1.006373000000000047e+03 1.275765092833969347e-03
1.007094000000000051e+03 1.286626725744345178e-03
1.007815000000000055e+03 1.298095656839836406e-03
1.008535999999999945e+03 1.310262170737559479e-03
1.009256999999999948e+03 1.323043766121751851e-03
1.009977999999999952e+03 1.336432747890704039e-03
1.010698999999999955e+03 1.350456913820708869e-03
1.011418999999999983e+03 1.364913070280613077e-03
1.012139999999999986e+03 1.379945225554537547e-03
1.012860999999999990e+03 1.395370661534047103e-03
1.013581000000000017e+03 1.411121819016094084e-03
1.014301000000000045e+03 1.427376548230774094e-03
1.015022000000000048e+03 1.444353715906386906e-03
1.015741999999999962e+03 1.461933389350463875e-03
1.016461999999999989e+03 1.480102096073054527e-03
1.017182000000000016e+03 1.498979040312026396e-03
1.017902000000000044e+03 1.518310841804676025e-03
1.018621999999999957e+03 1.538080053057647298e-03
1.019341999999999985e+03 1.558472146547416545e-03
1.020061000000000035e+03 1.579151150740762963e-03
1.020780999999999949e+03 1.600293078654671779e-03
1.021500999999999976e+03 1.621807714564494664e-03
1.022220000000000027e+03 1.643974938498698763e-03
1.022940000000000055e+03 1.667066035205929785e-03
1.023658999999999992e+03 1.690852162710121918e-03
1.024377999999999929e+03 1.715389700303821766e-03
1.025096999999999980e+03 1.740891147204074937e-03
1.025816000000000031e+03 1.767037898177591711e-03
1.026535000000000082e+03 1.793986987608876859e-03
1.027253999999999905e+03 1.821657726836237645e-03
1.027972999999999956e+03 1.849834702350063595e-03
1.028692000000000007e+03 1.878827431972169854e-03
1.029411000000000058e+03 1.908742140279243247e-03
1.030128999999999905e+03 1.939700380207852329e-03
1.030847999999999956e+03 1.971697092611352300e-03
1.031566000000000031e+03 2.004789409678680179e-03
1.032285000000000082e+03 2.039149415026708396e-03
1.033002999999999929e+03 2.074480425334780491e-03
1.033721000000000004e+03 2.110573408910318069e-03
1.034439000000000078e+03 2.147229259805828825e-03
1.035157999999999902e+03 2.184979161585216649e-03
1.035875999999999976e+03 2.223575979915775030e-03
1.036593000000000075e+03 2.263331152186947009e-03
1.037310999999999922e+03 2.304242808339535681e-03
1.038028999999999996e+03 2.346698325207788142e-03
1.038747000000000071e+03 2.390463722503778383e-03
1.039463999999999942e+03 2.435594302798734130e-03
1.040182000000000016e+03 2.481737700806583256e-03
1.040898999999999887e+03 2.529405848038668130e-03
1.041616999999999962e+03 2.579195378933116928e-03
1.042334000000000060e+03 2.631154939674787765e-03
1.043050999999999931e+03 2.685623612786066077e-03
1.043768000000000029e+03 2.742651206717206316e-03
1.044484999999999900e+03 2.800830907754874120e-03
1.045201999999999998e+03 2.861832136183687075e-03
1.045919000000000096e+03 2.924739769421822681e-03
1.046635999999999967e+03 2.991630248901892049e-03
1.047353000000000065e+03 3.062481384081086524e-03
1.048068999999999960e+03 3.136816961641541307e-03
1.048786000000000058e+03 3.214604518006012462e-03
1.049502999999999929e+03 3.295043090117635680e-03
1.050219000000000051e+03 3.378337545817902514e-03
1.050934999999999945e+03 3.465832953305476513e-03
1.051652000000000044e+03 3.556663413359310161e-03
1.052367999999999938e+03 3.646555729542844647e-03
1.053084000000000060e+03 3.739058114389545544e-03
1.053799999999999955e+03 3.834300491712430009e-03
1.054516000000000076e+03 3.932443341454191187e-03
1.055231999999999971e+03 4.033677699651911329e-03
1.055946999999999889e+03 4.138225158437056593e-03
1.056663000000000011e+03 4.246337866035479643e-03
1.057378999999999905e+03 4.358298526767421383e-03
1.058094000000000051e+03 4.474420401047505755e-03
1.058809999999999945e+03 4.595047305384748412e-03
1.059525000000000091e+03 4.720553612382544575e-03
1.060240999999999985e+03 4.851344250738683778e-03
1.060955999999999904e+03 4.987854705245332518e-03
1.061671000000000049e+03 5.130551016789053342e-03
1.062385999999999967e+03 5.279929782350787498e-03
1.063101000000000113e+03 5.436518155005867943e-03
1.063816000000000031e+03 5.600873843924009804e-03
