2.828559999999999945e+02 -3.288433657591549597e-01
2.836510000000000105e+02 -3.691163670007026609e-01
2.844460000000000264e+02 -4.335322628051779259e-01
2.852409999999999854e+02 -6.503424150091843270e-01
2.860360000000000014e+02 -5.014028198562200389e-01
2.868310000000000173e+02 -1.044302056190061112e+00
2.876259999999999764e+02 -7.621793407750078186e-01
2.884209999999999923e+02 -1.152063035190272533e+00
2.892160000000000082e+02 -6.286753437852352633e-01
2.900099999999999909e+02 -6.969971336302545062e-01
2.908050000000000068e+02 -7.961586764023568241e-01
2.915989999999999895e+02 -9.142440022257906085e-01
2.923940000000000055e+02 -5.279575312817006427e-01
2.931879999999999882e+02 -5.115151255062295732e-01
2.939820000000000277e+02 -5.376989376544636379e-01
2.947769999999999868e+02 -4.508216056280478501e-01
2.955710000000000264e+02 -4.621638176715625601e-01
2.963650000000000091e+02 -3.427763674171154240e-01
2.971589999999999918e+02 -3.508138725305803285e-01
2.979529999999999745e+02 -1.599566340609985815e-01
2.987459999999999809e+02 -1.569991038576848685e-01
2.995400000000000205e+02 -5.697264713697151178e-02
3.003340000000000032e+02 4.174659834182692375e-02
3.011270000000000095e+02 1.515003191343146094e-01
3.019209999999999923e+02 2.453820393958884294e-01
3.027139999999999986e+02 4.320550291786455777e-01
3.035070000000000050e+02 6.737834807189002628e-01
3.043009999999999877e+02 8.177398336163274051e-01
3.050939999999999941e+02 1.192757868290708512e+00
3.058870000000000005e+02 1.089218041185634478e+00
3.066800000000000068e+02 1.107689992333777296e+00
3.074730000000000132e+02 1.496015327896643932e+00
3.082660000000000196e+02 1.983144268117330133e+00
3.090590000000000259e+02 2.343624657259164135e+00
3.098509999999999991e+02 2.153048570317059429e+00
3.106440000000000055e+02 2.355748458844220572e+00
3.114370000000000118e+02 1.931494615978363028e+00
3.122289999999999850e+02 3.158679296897318078e+00
3.130210000000000150e+02 3.816681073723819484e+00
3.138140000000000214e+02 2.808035210545174021e+00
3.146059999999999945e+02 3.591340214749920712e+00
3.153980000000000246e+02 3.103579221580404557e+00
3.161899999999999977e+02 4.800905971896832547e+00
3.169820000000000277e+02 4.896028095803151459e+00
3.177740000000000009e+02 4.754286152302426238e+00
3.185659999999999741e+02 7.131626442623504758e+00
3.193580000000000041e+02 8.216436638079176902e+00
3.201499999999999773e+02 5.519714370298386186e+00
3.209409999999999741e+02 1.143521920056040386e+01
3.217330000000000041e+02 8.284812458747358832e+00
3.225240000000000009e+02 7.951957270902776820e+00
3.233159999999999741e+02 1.430933683132110090e+01
3.241070000000000277e+02 8.568207303472926029e+00
3.248980000000000246e+02 1.354930022688537861e+01
3.256899999999999977e+02 1.721461156389534608e+01
3.264809999999999945e+02 1.008215845000887434e+01
3.272719999999999914e+02 1.209992055932352883e+01
3.280629999999999882e+02 1.198631970617273801e+01
3.288539999999999850e+02 1.500257188680641640e+01
3.296440000000000055e+02 1.778877026912882542e+01
3.304350000000000023e+02 1.300314810511405206e+01
3.312259999999999991e+02 1.763209399829921509e+01
3.320160000000000196e+02 1.534166357224163590e+01
3.328070000000000164e+02 1.222406755419341629e+01
3.335969999999999800e+02 2.473353887951562058e+01
3.343879999999999768e+02 1.601154756601049556e+01
3.351779999999999973e+02 1.831926180557340800e+01
3.359680000000000177e+02 1.255122172876969344e+01
3.367579999999999814e+02 2.701534906164857475e+01
3.375480000000000018e+02 2.233453767925098532e+01
3.383380000000000223e+02 1.925927281619152254e+01
3.391279999999999859e+02 2.396688004718296838e+01
3.399180000000000064e+02 2.018658959447012791e+01
3.407080000000000268e+02 4.594730430559267376e+01
3.414970000000000141e+02 2.637136060822630057e+01
3.422869999999999777e+02 2.364350040792947638e+01
3.430760000000000218e+02 2.818333385436085692e+01
3.438659999999999854e+02 2.091627899792771927e+01
3.446549999999999727e+02 4.016780353753005528e+01
3.454440000000000168e+02 3.299855657037336698e+01
3.462330000000000041e+02 3.328993334776838964e+01
3.470230000000000246e+02 4.036048050142075994e+01
3.478120000000000118e+02 2.973154055531142603e+01
3.486009999999999991e+02 3.008292929036382901e+01
3.493890000000000100e+02 4.248721978206357619e+01
3.501779999999999973e+02 2.682885597861932325e+01
3.509669999999999845e+02 4.539994084362482596e+01
3.517559999999999718e+02 3.765787784507041636e+01
3.525439999999999827e+02 6.654095994417730253e+01
3.533330000000000268e+02 2.710769821341555641e+01
3.541209999999999809e+02 4.404070862910663919e+01
3.549089999999999918e+02 1.088780550587225662e+02
3.556979999999999791e+02 3.725457787986973557e+01
3.564859999999999900e+02 6.815023630405860899e+01
3.572740000000000009e+02 4.932618229117231579e+01
3.580620000000000118e+02 6.421948677418079399e+01
3.588500000000000227e+02 4.900231888065744812e+01
3.596379999999999768e+02 7.886247752050546467e+01
3.604259999999999877e+02 4.129632449353110957e+01
3.612130000000000223e+02 3.636355514560126068e+01
3.620009999999999764e+02 4.508450385187948228e+01
3.627889999999999873e+02 7.763542331321706058e+01
3.635760000000000218e+02 4.046011957616187971e+01
3.643639999999999759e+02 9.318361271715536986e+01
3.651510000000000105e+02 4.774913712069051286e+01
3.659379999999999882e+02 5.176813809991784865e+01
3.667250000000000227e+02 5.289655401939746326e+01
3.675120000000000005e+02 4.797530401746736572e+01
3.683000000000000114e+02 1.085364578396022068e+02
3.690860000000000127e+02 5.185638400416102201e+01
3.698729999999999905e+02 6.270067718624043351e+01
3.706600000000000250e+02 4.445226710727007458e+01
3.714470000000000027e+02 4.537404921447205908e+01
3.722339999999999804e+02 6.824738169531235599e+01
3.730199999999999818e+02 5.458473447354083419e+01
3.738070000000000164e+02 9.500866475275138612e+01
3.745930000000000177e+02 7.204983136327871307e+01
3.753790000000000191e+02 8.092221713672337557e+01
3.761659999999999968e+02 5.226798476641271662e+01
3.769519999999999982e+02 1.274820236224676648e+02
3.777379999999999995e+02 6.806593367811409223e+01
3.785240000000000009e+02 1.028273950403815178e+02
3.793100000000000023e+02 6.210949169008927839e+01
3.800960000000000036e+02 1.785111710695630620e+02
3.808820000000000050e+02 7.411211803032091439e+01
3.816669999999999732e+02 6.599468619529331193e+01
3.824529999999999745e+02 9.633819538645630587e+01
3.832389999999999759e+02 5.473822801511943936e+01
3.840240000000000009e+02 1.224122890387800595e+02
3.848100000000000023e+02 2.823815998332993900e+02
3.855950000000000273e+02 1.381675836908420933e+02
3.863799999999999955e+02 1.090498041406991234e+02
3.871650000000000205e+02 9.314551017099975638e+01
3.879499999999999886e+02 1.510263170947762319e+02
3.887350000000000136e+02 1.506294747340729998e+02
3.895199999999999818e+02 8.790095325068850229e+01
3.903050000000000068e+02 9.472149973320773597e+01
3.910899999999999750e+02 2.257514470350461977e+02
3.918750000000000000e+02 1.315403196798579302e+02
3.926600000000000250e+02 7.780277905960919327e+01
3.934440000000000168e+02 1.264119352664222333e+02
3.942289999999999850e+02 1.052432492774843666e+02
3.950129999999999768e+02 1.283717829366920569e+02
3.957970000000000255e+02 1.100639330436897865e+02
3.965819999999999936e+02 1.223159756978071044e+02
3.973659999999999854e+02 1.042810810596226787e+02
3.981499999999999773e+02 1.277722772944297986e+02
3.989340000000000259e+02 1.363210018129246919e+02
3.997180000000000177e+02 1.747640249764424709e+02
4.005020000000000095e+02 1.666311430011421635e+02
4.012860000000000014e+02 2.649488281436129569e+02
4.020690000000000168e+02 1.774742288782810817e+02
4.028530000000000086e+02 2.527957412550139793e+02
4.036370000000000005e+02 2.688776728034943062e+02
4.044200000000000159e+02 1.505057587018142726e+02
4.052029999999999745e+02 1.501112441580156087e+02
4.059870000000000232e+02 1.449829949443299597e+02
4.067699999999999818e+02 9.615484975251823130e+01
4.075529999999999973e+02 1.473371111978871397e+02
4.083360000000000127e+02 1.481245552690769216e+02
4.091190000000000282e+02 1.115375829210120315e+02
4.099019999999999868e+02 1.782141117648197621e+02
4.106850000000000023e+02 1.358013225262495496e+02
4.114680000000000177e+02 1.583245760510811238e+02
4.122509999999999764e+02 1.216558163178724641e+02
4.130330000000000155e+02 1.390969949079319861e+02
4.138159999999999741e+02 1.272145748660703362e+02
4.145989999999999895e+02 1.458516187505156267e+02
4.153809999999999718e+02 1.357236133891005352e+02
4.161630000000000109e+02 1.214095257804175105e+02
4.169460000000000264e+02 1.887708250492009370e+02
4.177280000000000086e+02 1.382427557512990290e+02
4.185099999999999909e+02 1.509084529558783174e+02
4.192919999999999732e+02 1.248849716026616079e+02
4.200740000000000123e+02 1.938061318180659498e+02
4.208559999999999945e+02 2.134440955537940567e+02
4.216379999999999768e+02 1.573997636782010545e+02
4.224189999999999827e+02 1.381185041820014305e+02
4.232010000000000218e+02 1.733986881913667730e+02
4.239830000000000041e+02 1.607916764977536843e+02
4.247640000000000100e+02 1.585415604692565523e+02
4.255450000000000159e+02 1.553310627587186445e+02
4.263269999999999982e+02 1.520618542282732619e+02
4.271080000000000041e+02 1.606959036523000748e+02
4.278890000000000100e+02 1.907377406256646282e+02
4.286700000000000159e+02 1.177348986563801105e+02
4.294510000000000218e+02 2.931733092583506846e+02
4.302320000000000277e+02 2.744371291353173206e+02
4.310129999999999768e+02 2.130177245080427610e+02
4.317939999999999827e+02 1.340862084346317147e+02
4.325749999999999886e+02 1.688516144586506869e+02
4.333550000000000182e+02 2.335637790733183579e+02
4.341360000000000241e+02 1.467716575057756927e+02
4.349159999999999968e+02 1.726708816322975508e+02
4.356970000000000027e+02 1.810729496179631610e+02
4.364769999999999754e+02 1.565259786201127383e+02
4.372570000000000050e+02 1.252362644288243843e+02
4.380380000000000109e+02 1.711511890560356335e+02
4.388179999999999836e+02 1.542455659884906822e+02
4.395980000000000132e+02 2.425749785069492077e+02
4.403779999999999859e+02 1.642930243433916360e+02
4.411580000000000155e+02 1.777350905318411378e+02
4.419370000000000118e+02 1.826687580744244315e+02
4.427169999999999845e+02 1.470568307985102479e+02
4.434970000000000141e+02 2.109986625143580454e+02
4.442760000000000105e+02 2.318666955953932813e+02
4.450559999999999832e+02 1.854317918339605455e+02
4.458349999999999795e+02 1.786744755583113431e+02
4.466150000000000091e+02 2.151730647579844629e+02
4.473940000000000055e+02 2.515703527892115972e+02
4.481730000000000018e+02 2.280549494549346150e+02
4.489519999999999982e+02 1.641613728633926712e+02
4.497309999999999945e+02 1.837615457694020051e+02
4.505099999999999909e+02 1.899793014158499034e+02
4.512889999999999873e+02 2.036539123006242846e+02
4.520679999999999836e+02 1.679975971274530480e+02
4.528469999999999800e+02 1.634366380036711064e+02
4.536250000000000000e+02 2.046375583123005697e+02
4.544039999999999964e+02 1.817856558301267569e+02
4.551820000000000164e+02 2.243035101471096766e+02
4.559610000000000127e+02 1.909816162423784363e+02
4.567389999999999759e+02 1.914799110779608498e+02
4.575169999999999959e+02 2.671605407790775075e+02
4.582959999999999923e+02 1.703513133330838514e+02
4.590740000000000123e+02 2.506524587815031566e+02
4.598519999999999754e+02 2.130906206338929678e+02
4.606299999999999955e+02 2.204316651507194535e+02
4.614069999999999823e+02 1.951693954331100542e+02
4.621850000000000023e+02 1.674740257818584155e+02
4.629630000000000223e+02 2.309228105015725703e+02
4.637409999999999854e+02 1.804719981009874630e+02
4.645179999999999723e+02 2.040882141779368055e+02
4.652959999999999923e+02 2.322093174987720658e+02
4.660729999999999791e+02 1.904935487284750764e+02
4.668500000000000227e+02 2.018716971606212951e+02
4.676279999999999859e+02 2.055452550002396492e+02
4.684049999999999727e+02 1.928419291462983836e+02
4.691820000000000164e+02 2.771218465007192435e+02
4.699590000000000032e+02 2.121840332869052190e+02
4.707359999999999900e+02 2.065907376965445224e+02
4.715129999999999768e+02 2.449959730960788136e+02
4.722900000000000205e+02 2.084106787017507543e+02
4.730659999999999741e+02 2.009298505694079324e+02
4.738430000000000177e+02 1.959335395812560705e+02
4.746200000000000045e+02 2.799496907815574787e+02
4.753960000000000150e+02 2.141754583926052078e+02
4.761720000000000255e+02 2.004124297772774810e+02
4.769490000000000123e+02 2.010660874239697478e+02
4.777250000000000227e+02 1.771057058970729088e+02
4.785009999999999764e+02 2.063249918985786451e+02
4.792769999999999868e+02 2.004554619734449261e+02
4.800529999999999973e+02 1.706417245664578104e+02
4.808290000000000077e+02 2.100240539631079457e+02
4.816050000000000182e+02 1.886110250636039609e+02
4.823809999999999718e+02 2.492859768749118246e+02
4.831569999999999823e+02 1.892962692354756484e+02
4.839320000000000164e+02 2.371135324495549241e+02
4.847080000000000268e+02 2.025097770321385724e+02
4.854830000000000041e+02 2.169419818598557299e+02
4.862590000000000146e+02 2.079241774656707662e+02
4.870339999999999918e+02 2.323217574255884017e+02
4.878090000000000259e+02 2.063954505984553407e+02
4.885840000000000032e+02 2.266291019344962194e+02
4.893600000000000136e+02 1.787290881623461019e+02
4.901349999999999909e+02 1.933202282393813221e+02
4.909100000000000250e+02 2.303117972871546044e+02
4.916840000000000259e+02 1.983770982550488498e+02
4.924590000000000032e+02 2.342703654424409478e+02
4.932339999999999804e+02 2.701572503674457835e+02
4.940090000000000146e+02 1.848780594021029628e+02
4.947830000000000155e+02 2.363946102904088207e+02
4.955579999999999927e+02 2.303851006587839834e+02
4.963319999999999936e+02 1.917543288241440393e+02
4.971059999999999945e+02 1.708922762465801668e+02
4.978809999999999718e+02 1.851769321045786683e+02
4.986549999999999727e+02 2.047627290710929344e+02
4.994289999999999736e+02 2.060824551070034829e+02
5.002029999999999745e+02 1.997736802536167886e+02
5.009769999999999754e+02 2.205910098876004781e+02
5.017509999999999764e+02 2.226660578584472887e+02
5.025240000000000009e+02 2.145163718211676667e+02
5.032980000000000018e+02 2.238295171013828053e+02
5.040720000000000027e+02 2.101392109355007278e+02
5.048450000000000273e+02 2.166719002228113027e+02
5.056190000000000282e+02 2.210516898677582560e+02
5.063919999999999959e+02 1.953011817852828642e+02
5.071650000000000205e+02 2.063555032357421908e+02
5.079390000000000214e+02 2.282943613408810393e+02
5.087119999999999891e+02 2.262245842975771382e+02
5.094850000000000136e+02 1.979149443888615849e+02
5.102579999999999814e+02 2.374853336121138057e+02
5.110310000000000059e+02 2.080737344043492385e+02
5.118039999999999736e+02 2.122034913581634896e+02
5.125769999999999982e+02 2.116191258837367570e+02
5.133490000000000464e+02 2.134410396277029918e+02
5.141219999999999573e+02 1.926907948012883764e+02
5.148940000000000055e+02 1.764861649281528457e+02
5.156670000000000300e+02 2.160832428770824549e+02
5.164389999999999645e+02 2.002135238257329775e+02
5.172119999999999891e+02 1.992088598815177534e+02
5.179840000000000373e+02 1.882172467276244561e+02
5.187559999999999718e+02 2.061502526986621717e+02
5.195280000000000200e+02 2.255551339718989539e+02
5.202999999999999545e+02 1.946417444433836863e+02
5.210720000000000027e+02 1.936045246540348330e+02
5.218440000000000509e+02 2.031578591237722833e+02
5.226159999999999854e+02 2.036315027484575637e+02
5.233869999999999436e+02 2.009896513976304959e+02
5.241589999999999918e+02 1.973076070790355345e+02
5.249310000000000400e+02 2.170620444415749262e+02
5.257019999999999982e+02 2.009995427917456254e+02
5.264729999999999563e+02 2.088987630880532436e+02
5.272450000000000045e+02 2.074370328063437228e+02
5.280159999999999627e+02 2.040986018469964733e+02
5.287870000000000346e+02 2.065686839750740660e+02
5.295579999999999927e+02 1.948332470921291417e+02
5.303289999999999509e+02 1.957580207366314937e+02
5.311000000000000227e+02 2.008538390546111430e+02
5.318709999999999809e+02 2.025940416428493904e+02
5.326420000000000528e+02 1.999693671935525003e+02
5.334120000000000346e+02 1.897146531829862397e+02
5.341829999999999927e+02 1.917049072483699774e+02
5.349539999999999509e+02 2.136087581802223099e+02
5.357240000000000464e+02 2.134121929408408107e+02
5.364940000000000282e+02 1.919244224388435782e+02
5.372649999999999864e+02 2.088068394766393681e+02
5.380349999999999682e+02 1.978424652020210601e+02
5.388049999999999500e+02 1.924882375358290290e+02
5.395750000000000455e+02 1.960594246905783677e+02
5.403450000000000273e+02 1.931152244555979678e+02
5.411150000000000091e+02 2.231330731863470191e+02
5.418849999999999909e+02 1.951559559040135809e+02
5.426549999999999727e+02 1.837698080481833358e+02
5.434239999999999782e+02 1.816991742645570582e+02
5.441939999999999600e+02 2.036023879296438110e+02
5.449640000000000555e+02 1.976470396401619212e+02
5.457329999999999472e+02 1.878618398847124524e+02
5.465019999999999527e+02 2.174858011608746153e+02
5.472720000000000482e+02 1.958940129912362522e+02
5.480410000000000537e+02 2.067247493130517455e+02
5.488099999999999454e+02 1.874641190916549363e+02
5.495789999999999509e+02 2.041557951983983799e+02
5.503479999999999563e+02 2.000842753339202034e+02
5.511169999999999618e+02 1.942811964830037539e+02
5.518859999999999673e+02 1.997750054514986005e+02
5.526549999999999727e+02 1.957916438104744543e+02
5.534230000000000018e+02 2.052157219900237521e+02
5.541920000000000073e+02 1.824100822119487191e+02
5.549600000000000364e+02 1.966972540936431528e+02
5.557290000000000418e+02 1.960208133802731254e+02
5.564969999999999573e+02 1.821376057656356977e+02
5.572659999999999627e+02 1.937991093014510682e+02
5.580339999999999918e+02 1.953109325346151479e+02
5.588020000000000209e+02 1.984161903948544250e+02
5.595700000000000500e+02 1.855058545502003824e+02
5.603379999999999654e+02 1.938930769720390686e+02
5.611059999999999945e+02 1.799157720260792530e+02
5.618740000000000236e+02 1.951638644791530623e+02
5.626409999999999627e+02 1.930366128871705769e+02
5.634089999999999918e+02 1.852012886880075371e+02
5.641770000000000209e+02 1.990748134018148505e+02
5.649439999999999600e+02 1.755399948218539237e+02
5.657119999999999891e+02 1.911908456061181880e+02
5.664790000000000418e+02 1.894824661487810147e+02
5.672459999999999809e+02 1.909502441099264729e+02
5.680140000000000100e+02 1.910384040295448642e+02
5.687809999999999491e+02 1.859101704141828577e+02
5.695480000000000018e+02 1.888756245610906035e+02
5.703150000000000546e+02 1.905064625900986925e+02
5.710819999999999936e+02 2.065641868034239508e+02
5.718479999999999563e+02 2.067547324084033846e+02
5.726150000000000091e+02 1.854369187116078876e+02
5.733819999999999482e+02 1.920870020577303023e+02
5.741480000000000246e+02 1.844017694168948367e+02
5.749149999999999636e+02 1.920660403338126798e+02
5.756810000000000400e+02 2.018626665846342974e+02
5.764479999999999791e+02 1.994701304735460496e+02
5.772140000000000555e+02 2.016046769402665007e+02
5.779800000000000182e+02 1.950447298580490383e+02
5.787459999999999809e+02 2.013971855667402906e+02
5.795119999999999436e+02 1.935025261882230154e+02
5.802780000000000200e+02 1.962403551111289346e+02
5.810439999999999827e+02 2.031388114211056575e+02
5.818099999999999454e+02 1.960735292239751004e+02
5.825760000000000218e+02 1.940605020576012976e+02
5.833410000000000082e+02 2.013046857464491666e+02
5.841069999999999709e+02 1.888735506589355850e+02
5.848730000000000473e+02 1.930556299405173775e+02
5.856380000000000337e+02 1.919851257605148476e+02
5.864030000000000200e+02 1.897089563858402528e+02
5.871689999999999827e+02 1.866672479642560347e+02
5.879339999999999691e+02 1.997393268045819354e+02
5.886989999999999554e+02 1.996440277159583445e+02
5.894640000000000555e+02 1.879418657576824785e+02
5.902290000000000418e+02 1.871530545285521896e+02
5.909940000000000282e+02 2.010632880156770455e+02
5.917590000000000146e+02 1.942848120766899171e+02
5.925230000000000246e+02 1.799550476463562916e+02
5.932880000000000109e+02 1.948690117506728825e+02
5.940529999999999973e+02 1.882593063201272798e+02
5.948170000000000073e+02 1.941261802641053862e+02
5.955819999999999936e+02 1.819706511659800583e+02
5.963460000000000036e+02 1.785037956099311316e+02
5.971100000000000136e+02 1.945434627151593645e+02
5.978740000000000236e+02 1.946579060807048620e+02
5.986380000000000337e+02 1.894638682596951185e+02
5.994030000000000200e+02 1.895336603370275270e+02
6.001660000000000537e+02 2.000708884265837924e+02
6.009299999999999500e+02 2.114534578036313235e+02
6.016939999999999600e+02 1.949870528182726446e+02
6.024579999999999700e+02 1.911319897550656322e+02
6.032219999999999800e+02 1.963062587962316741e+02
6.039850000000000136e+02 1.821099009169118119e+02
6.047490000000000236e+02 1.872798337097263470e+02
6.055119999999999436e+02 2.007721981503042628e+02
6.062749999999999773e+02 1.988189318729296531e+02
6.070389999999999873e+02 1.861148579943797756e+02
6.078020000000000209e+02 1.907465931816577722e+02
6.085650000000000546e+02 1.914815471409080487e+02
6.093279999999999745e+02 1.988588862708622855e+02
6.100910000000000082e+02 2.007107895862633313e+02
6.108540000000000418e+02 2.026819339542019520e+02
6.116169999999999618e+02 1.997537256946513651e+02
6.123790000000000191e+02 1.840001119110847014e+02
6.131420000000000528e+02 1.883305851511005642e+02
6.139039999999999964e+02 2.002359822036438288e+02
6.146670000000000300e+02 1.977850780461568263e+02
6.154289999999999736e+02 1.871318865549554857e+02
6.161920000000000073e+02 1.942921637820929845e+02
6.169539999999999509e+02 1.876609012165499450e+02
6.177160000000000082e+02 1.977022720126717843e+02
6.184779999999999518e+02 1.865409003793836291e+02
6.192400000000000091e+02 1.958882375786675993e+02
6.200019999999999527e+02 1.993532001422891256e+02
6.207640000000000100e+02 2.064806816934958249e+02
6.215259999999999536e+02 1.927446413847806639e+02
6.222870000000000346e+02 1.959167789862975724e+02
6.230489999999999782e+02 1.830717125559018825e+02
6.238110000000000355e+02 1.900471294354361476e+02
6.245720000000000027e+02 1.891591354800285387e+02
6.253339999999999463e+02 1.885847193705247093e+02
6.260950000000000273e+02 1.945404257442066012e+02
6.268559999999999945e+02 2.010128688285441001e+02
6.276169999999999618e+02 1.920914268645832692e+02
6.283780000000000427e+02 1.927655259101821912e+02
6.291390000000000100e+02 1.987483870789832849e+02
6.298999999999999773e+02 1.888213244448199077e+02
6.306609999999999445e+02 1.920080822373271019e+02
6.314220000000000255e+02 1.873423410867846428e+02
6.321829999999999927e+02 1.949036378526533042e+02
6.329429999999999836e+02 1.898040940155307794e+02
6.337039999999999509e+02 1.952445995940087755e+02
6.344640000000000555e+02 1.931775278052020326e+02
6.352250000000000227e+02 1.934699618192573780e+02
6.359850000000000136e+02 1.913810125980828900e+02
6.367450000000000045e+02 1.862130364305328953e+02
6.375049999999999955e+02 1.822978494848896389e+02
6.382649999999999864e+02 1.918979024020547115e+02
6.390249999999999773e+02 1.959744240302666185e+02
6.397849999999999682e+02 1.891135848480892321e+02
6.405449999999999591e+02 2.000394946271709671e+02
6.413049999999999500e+02 1.874988993206813745e+02
6.420650000000000546e+02 1.924486295158563678e+02
6.428239999999999554e+02 1.903666599214056987e+02
6.435839999999999463e+02 1.863223762329290594e+02
6.443429999999999609e+02 1.900989394065482543e+02
6.451029999999999518e+02 1.979713235120744628e+02
6.458619999999999663e+02 1.871720430253982670e+02
6.466209999999999809e+02 1.886188888618131330e+02
6.473799999999999955e+02 1.950285201619031454e+02
6.481390000000000100e+02 1.912956384391707729e+02
6.488980000000000246e+02 1.956561917615476034e+02
6.496570000000000391e+02 1.900994989263452055e+02
6.504160000000000537e+02 1.902743800265406549e+02
6.511749999999999545e+02 1.895524031678665153e+02
6.519339999999999691e+02 1.899889389075767099e+02
6.526920000000000073e+02 1.977877938832541815e+02
6.534510000000000218e+02 1.982278892073460383e+02
6.542089999999999463e+02 1.895588671236300513e+02
6.549679999999999609e+02 1.964228600922117778e+02
6.557259999999999991e+02 1.919435920708634740e+02
6.564840000000000373e+02 1.964452576532042940e+02
6.572419999999999618e+02 1.894085622208839084e+02
6.580000000000000000e+02 1.985170930714992039e+02
6.587580000000000382e+02 1.915855934577764685e+02
6.595159999999999627e+02 1.913604004969353127e+02
6.602740000000000009e+02 2.014158041267343435e+02
6.610320000000000391e+02 1.915716596203361632e+02
6.617889999999999873e+02 1.926192448440937710e+02
6.625470000000000255e+02 1.894639031230312582e+02
6.633039999999999736e+02 1.849180555756696265e+02
6.640620000000000118e+02 1.855783608207914028e+02
6.648189999999999600e+02 1.987090084641361614e+02
6.655769999999999982e+02 1.924663489458880576e+02
6.663339999999999463e+02 1.953977219975653838e+02
6.670910000000000082e+02 1.918118691199630916e+02
6.678479999999999563e+02 1.858467848030608138e+02
6.686050000000000182e+02 2.016594770184578067e+02
6.693619999999999663e+02 1.987606031865479110e+02
6.701190000000000282e+02 1.945735426911134311e+02
6.708750000000000000e+02 1.970059764509433080e+02
6.716319999999999482e+02 2.020821184715763081e+02
6.723890000000000100e+02 1.953773848873187831e+02
6.731449999999999818e+02 1.939487177729578775e+02
6.739020000000000437e+02 1.987364453795902648e+02
6.746580000000000155e+02 1.997897948416511156e+02
6.754139999999999873e+02 2.043940115173389813e+02
6.761699999999999591e+02 1.979677991069545442e+02
6.769260000000000446e+02 2.015126015713223069e+02
6.776829999999999927e+02 1.938628319650472918e+02
6.784379999999999882e+02 1.960780517979033277e+02
6.791939999999999600e+02 2.008433935138634183e+02
6.799500000000000455e+02 1.981530381944411658e+02
6.807060000000000173e+02 1.901035078531712088e+02
6.814619999999999891e+02 1.904571799170290944e+02
6.822169999999999845e+02 2.028348950954440397e+02
6.829729999999999563e+02 2.031971645046946549e+02
6.837279999999999518e+02 2.018331711509322588e+02
6.844829999999999472e+02 2.037543167588166853e+02
6.852390000000000327e+02 2.033257630744942617e+02
6.859940000000000282e+02 1.964268587600658691e+02
6.867490000000000236e+02 2.088246853269692451e+02
6.875040000000000191e+02 2.035433026269399477e+02
6.882590000000000146e+02 1.999883132774885439e+02
6.890140000000000100e+02 2.078005162047769261e+02
6.897690000000000055e+02 2.017433497937074947e+02
6.905230000000000246e+02 2.032821307763310870e+02
6.912780000000000200e+02 2.012005238615711562e+02
6.920320000000000391e+02 2.054539530587109368e+02
6.927870000000000346e+02 2.042507668285049647e+02
6.935410000000000537e+02 2.070784362364927915e+02
6.942960000000000491e+02 2.069121695566286974e+02
6.950499999999999545e+02 2.023450130508354050e+02
6.958039999999999736e+02 2.014154667096968012e+02
6.965579999999999927e+02 2.006815936052858547e+02
6.973120000000000118e+02 2.003144165836475281e+02
6.980660000000000309e+02 2.054218384819654659e+02
6.988200000000000500e+02 2.137045119260688466e+02
6.995739999999999554e+02 2.074796267140855832e+02
7.003279999999999745e+02 2.066645919082289140e+02
7.010810000000000173e+02 2.112973599097754516e+02
7.018350000000000364e+02 2.288902410876517308e+02
7.025879999999999654e+02 2.070922573482771725e+02
7.033419999999999845e+02 2.068563307467907464e+02
7.040950000000000273e+02 2.148612359813721184e+02
7.048479999999999563e+02 2.125413911958919186e+02
7.056009999999999991e+02 2.072697130470403692e+02
7.063540000000000418e+02 2.069561020699077574e+02
7.071069999999999709e+02 2.083576150735880219e+02
7.078600000000000136e+02 2.118825698481967947e+02
7.086130000000000564e+02 2.127586400429653395e+02
7.093659999999999854e+02 2.125675351692654544e+02
7.101190000000000282e+02 2.048335944312460413e+02
7.108709999999999809e+02 2.101066845894806647e+02
7.116240000000000236e+02 2.170097283149719374e+02
7.123759999999999764e+02 2.160085482918756270e+02
7.131290000000000191e+02 2.119233194034990220e+02
7.138809999999999718e+02 2.121220942837443886e+02
7.146330000000000382e+02 2.103533412820155206e+02
7.153849999999999909e+02 2.074548773596241631e+02
7.161369999999999436e+02 2.107607195058967875e+02
7.168890000000000100e+02 2.119414468423245239e+02
7.176409999999999627e+02 2.124420917803294344e+02
7.183930000000000291e+02 2.227259693464665986e+02
7.191449999999999818e+02 2.203977333511618042e+02
7.198970000000000482e+02 2.122184209406863999e+02
7.206480000000000246e+02 2.225543218307084601e+02
7.213999999999999773e+02 2.186493583451581344e+02
7.221509999999999536e+02 2.254845926200426618e+02
7.229030000000000200e+02 2.150157789666305348e+02
7.236539999999999964e+02 2.166218527392447584e+02
7.244049999999999727e+02 2.143333872711365586e+02
7.251559999999999491e+02 2.247205694937201486e+02
7.259070000000000391e+02 2.200990349717351648e+02
7.266580000000000155e+02 2.198009514974278034e+02
7.274089999999999918e+02 2.227337318269114519e+02
7.281599999999999682e+02 2.190514452001307006e+02
7.289109999999999445e+02 2.208375093682843442e+02
7.296609999999999445e+02 2.271399176979601009e+02
7.304120000000000346e+02 2.129594801435105182e+02
7.311620000000000346e+02 2.234042924039286220e+02
7.319130000000000109e+02 2.243110490155602292e+02
7.326630000000000109e+02 2.138705418455340066e+02
7.334139999999999873e+02 2.092145866702713590e+02
7.341639999999999873e+02 2.214376852446808641e+02
7.349139999999999873e+02 2.146841001865354315e+02
7.356639999999999873e+02 2.099271415489850199e+02
7.364139999999999873e+02 2.216767157872440350e+02
7.371639999999999873e+02 2.236201655412772880e+02
7.379139999999999873e+02 2.138953847034802607e+02
7.386630000000000109e+02 2.272121409471043023e+02
7.394130000000000109e+02 2.209748322066291450e+02
7.401630000000000109e+02 2.269143381699664417e+02
7.409120000000000346e+02 2.129926872533716846e+02
7.416609999999999445e+02 2.314209078551395464e+02
7.424109999999999445e+02 2.180839459156400153e+02
7.431599999999999682e+02 2.113679004626316100e+02
7.439089999999999918e+02 2.253213727656058438e+02
7.446580000000000155e+02 2.245447130216342373e+02
7.454070000000000391e+02 2.149563761793926915e+02
7.461559999999999491e+02 2.181306154136158284e+02
7.469049999999999727e+02 2.174878296935075070e+02
7.476539999999999964e+02 2.207740512408807945e+02
7.484030000000000200e+02 2.155739953305472625e+02
7.491509999999999536e+02 2.230444000954136072e+02
7.498999999999999773e+02 2.169391033085016147e+02
7.506480000000000246e+02 2.220491003158015815e+02
7.513970000000000482e+02 2.274658614292141863e+02
7.521449999999999818e+02 2.169878525075468758e+02
7.528930000000000291e+02 2.209526096129857251e+02
7.536420000000000528e+02 2.176799729477403673e+02
7.543899999999999864e+02 2.223317154511342437e+02
7.551380000000000337e+02 2.173473038540169853e+02
7.558859999999999673e+02 2.197310980177254010e+02
7.566340000000000146e+02 2.181816276810369288e+02
7.573809999999999718e+02 2.173923325367591985e+02
7.581290000000000191e+02 2.183454333922289266e+02
7.588769999999999527e+02 2.219591883640362369e+02
7.596240000000000236e+02 2.246283409574095913e+02
7.603719999999999573e+02 2.146100328898348835e+02
7.611190000000000282e+02 2.140317948662315928e+02
7.618659999999999854e+02 2.186853988214962783e+02
7.626140000000000327e+02 2.059963695823202272e+02
7.633609999999999900e+02 2.186564502025016168e+02
7.641079999999999472e+02 2.170843237281416975e+02
7.648550000000000182e+02 2.165242099506660622e+02
7.656019999999999754e+02 2.180675178790494613e+02
7.663490000000000464e+02 2.146005840127491524e+02
7.670950000000000273e+02 2.183014936845852958e+02
7.678419999999999845e+02 2.240030237843276950e+02
7.685890000000000555e+02 2.151774330739545178e+02
7.693350000000000364e+02 2.136372308607067509e+02
7.700819999999999936e+02 2.205634855386041977e+02
7.708279999999999745e+02 2.218906208598066314e+02
7.715739999999999554e+02 2.147389310483000884e+02
7.723210000000000264e+02 2.196742969155002072e+02
7.730670000000000073e+02 2.172702720606513935e+02
7.738129999999999882e+02 2.179217942746842596e+02
7.745589999999999691e+02 2.227739218029014978e+02
7.753049999999999500e+02 2.214407336346307318e+02
7.760510000000000446e+02 2.281207132058174238e+02
7.767960000000000491e+02 2.195746980642844903e+02
7.775420000000000300e+02 2.231866222289462769e+02
7.782880000000000109e+02 2.205265679281141900e+02
7.790330000000000155e+02 2.234803886531600483e+02
7.797789999999999964e+02 2.235436140594339065e+02
7.805240000000000009e+02 2.188077089420397954e+02
7.812690000000000055e+02 2.294652913491923414e+02
7.820149999999999864e+02 2.247660374906986931e+02
7.827599999999999909e+02 2.234749592462072769e+02
7.835049999999999955e+02 2.191756337505359795e+02
7.842500000000000000e+02 2.245569987127466902e+02
7.849950000000000045e+02 2.242447629821414523e+02
7.857390000000000327e+02 2.192479052644908393e+02
7.864840000000000373e+02 2.278685180309994109e+02
7.872290000000000418e+02 2.286030940100584417e+02
7.879729999999999563e+02 2.264152447034312559e+02
7.887179999999999609e+02 2.288513531033056552e+02
7.894619999999999891e+02 2.265226312375137923e+02
7.902069999999999936e+02 2.204970446486434525e+02
7.909510000000000218e+02 2.307036221750126117e+02
7.916950000000000500e+02 2.260100365039351971e+02
7.924389999999999645e+02 2.332724158050907306e+02
7.931829999999999927e+02 2.340035275266034489e+02
7.939270000000000209e+02 2.329764979243621212e+02
7.946710000000000491e+02 2.338687710021503108e+02
7.954149999999999636e+02 2.342534346312434934e+02
7.961589999999999918e+02 2.368617764910018479e+02
7.969020000000000437e+02 2.382657925491486424e+02
7.976459999999999582e+02 2.348642802576531778e+02
7.983890000000000100e+02 2.299980844227583248e+02
7.991330000000000382e+02 2.369146542550353729e+02
7.998759999999999764e+02 2.310545127572695208e+02
8.006190000000000282e+02 2.433398358536122998e+02
8.013630000000000564e+02 2.386321316239076111e+02
8.021059999999999945e+02 2.343043880724826238e+02
8.028490000000000464e+02 2.342479745980550376e+02
8.035919999999999845e+02 2.368111476887425511e+02
8.043350000000000364e+02 2.413390706692131857e+02
8.050769999999999982e+02 2.350870972000496977e+02
8.058200000000000500e+02 2.509009196588618806e+02
8.065629999999999882e+02 2.466648296351964689e+02
8.073049999999999500e+02 2.356418049090529223e+02
8.080480000000000018e+02 2.428731090508179307e+02
8.087899999999999636e+02 2.399380441489211364e+02
8.095330000000000155e+02 2.437390167857005565e+02
8.102749999999999773e+02 2.468057809597509333e+02
8.110170000000000528e+02 2.465510479446038516e+02
8.117590000000000146e+02 2.447546544526333037e+02
8.125009999999999764e+02 2.446848322378062903e+02
8.132430000000000518e+02 2.514812998543663980e+02
8.139850000000000136e+02 2.549907069164112556e+02
8.147269999999999754e+02 2.561713416276801922e+02
8.154679999999999609e+02 2.545637931044327047e+02
8.162100000000000364e+02 2.493238945935896709e+02
8.169510000000000218e+02 2.535511576962097990e+02
8.176929999999999836e+02 2.512714483081128947e+02
8.184339999999999691e+02 2.513487575977910069e+02
8.191760000000000446e+02 2.529807656959404483e+02
8.199170000000000300e+02 2.588511787869497880e+02
8.206580000000000155e+02 2.540920156438308766e+02
8.213990000000000009e+02 2.569162224806619861e+02
8.221399999999999864e+02 2.569182499087916085e+02
8.228809999999999718e+02 2.608467172603536710e+02
8.236219999999999573e+02 2.602071491075550398e+02
8.243630000000000564e+02 2.578135427750374333e+02
8.251029999999999518e+02 2.577938812998294793e+02
8.258440000000000509e+02 2.476430054509391709e+02
8.265839999999999463e+02 2.569284200832375404e+02
8.273250000000000455e+02 2.561614636964808369e+02
8.280650000000000546e+02 2.661376193128628529e+02
8.288049999999999500e+02 2.615177848262966904e+02
8.295460000000000491e+02 2.576624870803094609e+02
8.302859999999999445e+02 2.629775118198897985e+02
8.310259999999999536e+02 2.624230217014660980e+02
8.317659999999999627e+02 2.586592884024512387e+02
8.325059999999999718e+02 2.606824505389280944e+02
8.332459999999999809e+02 2.557579467170126009e+02
8.339850000000000136e+02 2.631642052827829161e+02
8.347250000000000227e+02 2.624306281766844222e+02
8.354650000000000318e+02 2.565422095137115548e+02
8.362039999999999509e+02 2.678775738426042494e+02
8.369439999999999600e+02 2.662747776108724338e+02
8.376829999999999927e+02 2.620573304909593730e+02
8.384220000000000255e+02 2.674695746408743844e+02
8.391609999999999445e+02 2.618174255926672345e+02
8.398999999999999773e+02 2.700653572399317000e+02
8.406390000000000100e+02 2.647144287023176048e+02
8.413780000000000427e+02 2.666631396441188713e+02
8.421169999999999618e+02 2.678411048660877327e+02
8.428559999999999945e+02 2.690538112429391617e+02
8.435950000000000273e+02 2.765567549575521866e+02
8.443339999999999463e+02 2.641633970310462587e+02
8.450720000000000027e+02 2.638159191274169189e+02
8.458110000000000355e+02 2.740578749166961643e+02
8.465489999999999782e+02 2.676165415056053121e+02
8.472870000000000346e+02 2.707727496970004495e+02
8.480259999999999536e+02 2.800583340282486802e+02
8.487640000000000100e+02 2.782071179838932267e+02
8.495019999999999527e+02 2.755132031513201696e+02
8.502400000000000091e+02 2.699673484868332025e+02
8.509779999999999518e+02 2.817733926726562004e+02
8.517160000000000082e+02 2.718452001804060387e+02
8.524529999999999745e+02 2.699317254662401524e+02
8.531910000000000309e+02 2.849919680174234031e+02
8.539289999999999736e+02 2.755130677562058281e+02
8.546660000000000537e+02 2.800222715189543692e+02
8.554039999999999964e+02 2.692375506009773289e+02
8.561409999999999627e+02 2.753010030384220954e+02
8.568790000000000191e+02 2.698468612342192614e+02
8.576159999999999854e+02 2.750628136266516890e+02
8.583529999999999518e+02 2.762574556652214710e+02
8.590900000000000318e+02 2.950746751772898619e+02
8.598269999999999982e+02 2.781365948694383974e+02
8.605639999999999645e+02 2.706937051967583443e+02
8.613010000000000446e+02 2.780697739758824127e+02
8.620380000000000109e+02 2.764039752800489964e+02
8.627740000000000009e+02 2.836372075939596016e+02
8.635109999999999673e+02 2.843388194399189501e+02
8.642469999999999573e+02 2.924548612881835083e+02
8.649840000000000373e+02 2.781817386623008019e+02
8.657200000000000273e+02 2.789970994261960300e+02
8.664569999999999936e+02 2.900067612016455882e+02
8.671929999999999836e+02 2.893734227047975764e+02
8.679289999999999736e+02 2.903418927163341436e+02
8.686649999999999636e+02 2.902277207341830376e+02
8.694009999999999536e+02 2.785510725173959372e+02
8.701369999999999436e+02 2.954678318152686529e+02
8.708730000000000473e+02 2.896872286555449136e+02
8.716079999999999472e+02 2.848756440696780032e+02
8.723440000000000509e+02 2.968094934010435395e+02
8.730800000000000409e+02 3.009998373065608916e+02
8.738150000000000546e+02 2.967681673619230196e+02
8.745510000000000446e+02 3.122299067539596535e+02
8.752859999999999445e+02 2.929232477260275118e+02
8.760209999999999582e+02 3.035080683559310728e+02
8.767569999999999482e+02 2.977889801368336293e+02
8.774919999999999618e+02 2.949532066406816284e+02
8.782269999999999754e+02 3.052369903241210523e+02
8.789619999999999891e+02 3.049612994542953288e+02
8.796970000000000027e+02 3.225286519619717183e+02
8.804310000000000400e+02 3.070605250032104436e+02
8.811660000000000537e+02 3.023252218776634095e+02
8.819009999999999536e+02 2.987170921584274197e+02
8.826349999999999909e+02 3.047640666858436589e+02
8.833700000000000045e+02 2.949801777655825390e+02
8.841040000000000418e+02 3.113112259158218649e+02
8.848390000000000555e+02 3.071836842190464267e+02
8.855729999999999791e+02 3.143242751323278981e+02
8.863070000000000164e+02 3.012249997631531642e+02
8.870410000000000537e+02 3.021699247170957392e+02
8.877749999999999773e+02 3.086955153564706507e+02
8.885090000000000146e+02 3.086235466357468340e+02
8.892430000000000518e+02 3.018933150302449917e+02
8.899769999999999754e+02 3.142828638175093374e+02
8.907110000000000127e+02 3.171421375903076978e+02
8.914439999999999600e+02 3.170777001597862181e+02
8.921779999999999973e+02 3.165018157690975613e+02
8.929109999999999445e+02 3.148557544263618979e+02
8.936449999999999818e+02 3.082659986881719192e+02
8.943780000000000427e+02 3.121856004611770459e+02
8.951109999999999900e+02 3.112633580789061511e+02
8.958440000000000509e+02 3.243858209570935855e+02
8.965769999999999982e+02 3.325222341165585362e+02
8.973099999999999454e+02 3.184071481954105138e+02
8.980430000000000064e+02 3.238484122285968851e+02
8.987759999999999536e+02 3.219484407253304425e+02
8.995090000000000146e+02 3.262224151063285262e+02
9.002419999999999618e+02 3.108826515662292422e+02
9.009740000000000464e+02 3.162109100799939938e+02
9.017069999999999936e+02 3.269009832001668201e+02
9.024389999999999645e+02 3.238957549650584724e+02
9.031720000000000255e+02 3.324270311215432798e+02
9.039039999999999964e+02 3.153375725106031950e+02
9.046359999999999673e+02 3.371648708838537800e+02
9.053680000000000518e+02 3.271640573380448700e+02
9.061000000000000227e+02 3.369326819779059861e+02
9.068319999999999936e+02 3.341366116841815597e+02
9.075639999999999645e+02 3.358183878207900079e+02
9.082960000000000491e+02 3.423917089582884614e+02
9.090280000000000200e+02 3.384192260204360423e+02
9.097599999999999909e+02 3.364203135433646707e+02
9.104909999999999854e+02 3.306891749356839227e+02
9.112229999999999563e+02 3.392344367960334921e+02
9.119539999999999509e+02 3.359731419188795485e+02
9.126860000000000355e+02 3.406783844863172703e+02
9.134170000000000300e+02 3.424098693807036966e+02
9.141480000000000246e+02 3.392593377552464062e+02
9.148790000000000191e+02 3.381034497140554436e+02
9.156100000000000136e+02 3.519784092022756568e+02
9.163410000000000082e+02 3.337416795505585583e+02
9.170720000000000027e+02 3.484321803890322826e+02
9.178029999999999973e+02 3.370565534065538600e+02
9.185339999999999918e+02 3.505640716390649345e+02
9.192640000000000100e+02 3.554211247158403353e+02
9.199950000000000045e+02 3.586291813070268404e+02
9.207250000000000227e+02 3.425497544713721823e+02
9.214560000000000173e+02 3.620207145681744123e+02
9.221860000000000355e+02 3.653515994260275193e+02
9.229160000000000537e+02 3.645238304863841563e+02
9.236470000000000482e+02 3.575890081275527450e+02
9.243769999999999527e+02 3.597504415147099621e+02
9.251069999999999709e+02 3.672765502032681297e+02
9.258369999999999891e+02 3.762984077579785662e+02
9.265670000000000073e+02 3.708909921857031691e+02
9.272960000000000491e+02 3.908394222887653768e+02
9.280259999999999536e+02 4.003087008571994829e+02
9.287559999999999718e+02 3.898144162098292895e+02
9.294850000000000136e+02 3.972956728528702115e+02
9.302150000000000318e+02 4.065212978595245090e+02
9.309439999999999600e+02 3.959977909847196997e+02
9.316730000000000018e+02 4.145140153037493747e+02
9.324030000000000200e+02 3.970037256969455370e+02
9.331319999999999482e+02 4.129478099074429451e+02
9.338609999999999900e+02 4.362421752449282621e+02
9.345900000000000318e+02 4.275107970961660726e+02
9.353189999999999600e+02 4.384276099942912879e+02
9.360480000000000018e+02 4.597634250604231170e+02
9.367770000000000437e+02 4.779355113324348281e+02
9.375049999999999955e+02 4.754354099116587804e+02
9.382340000000000373e+02 4.921916136675461644e+02
9.389619999999999891e+02 5.188642993643137515e+02
9.396910000000000309e+02 5.394274904496146519e+02
9.404189999999999827e+02 5.603539286862878726e+02
9.411480000000000246e+02 5.776187097660711061e+02
9.418759999999999764e+02 5.758160532453118776e+02
9.426040000000000418e+02 5.553018676353568708e+02
9.433319999999999936e+02 6.057790480229599552e+02
9.440599999999999454e+02 6.271251525907769064e+02
9.447880000000000109e+02 6.309443477178979265e+02
9.455159999999999627e+02 5.715445702151682781e+02
9.462430000000000518e+02 5.991005596434301879e+02
9.469710000000000036e+02 5.694174010156606300e+02
9.476989999999999554e+02 5.957447451803922149e+02
9.484260000000000446e+02 5.877890899057281331e+02
9.491539999999999964e+02 5.676953161295429027e+02
9.498809999999999718e+02 5.724792906408994213e+02
9.506079999999999472e+02 5.588664470140593039e+02
9.513360000000000127e+02 5.714432917448475564e+02
9.520629999999999882e+02 5.625568627093152827e+02
9.527899999999999636e+02 5.256237564703885710e+02
9.535170000000000528e+02 5.249281393092145436e+02
9.542440000000000282e+02 5.115008479810028916e+02
9.549700000000000273e+02 5.251725131066687027e+02
9.556970000000000027e+02 5.416552383276344926e+02
9.564239999999999782e+02 5.433811499059098651e+02
9.571499999999999773e+02 5.148696882467348814e+02
9.578769999999999527e+02 5.369161512728396701e+02
9.586029999999999518e+02 4.993905748299833931e+02
9.593300000000000409e+02 4.941989478959913527e+02
9.600560000000000400e+02 5.221477447102477072e+02
9.607820000000000391e+02 4.918097215770604294e+02
9.615080000000000382e+02 5.052494407078687004e+02
9.622340000000000373e+02 5.063778917913319901e+02
9.629600000000000364e+02 4.844431476455332017e+02
9.636860000000000355e+02 4.838970576592774933e+02
9.644120000000000346e+02 5.011088988653690990e+02
9.651369999999999436e+02 4.982304912015545142e+02
9.658630000000000564e+02 5.098446905675804715e+02
9.665890000000000555e+02 5.124152036705013415e+02
9.673139999999999645e+02 5.101146339956227962e+02
9.680399999999999636e+02 4.968824594215835759e+02
9.687649999999999864e+02 4.924216155065881821e+02
9.694900000000000091e+02 5.211560370664767561e+02
9.702150000000000318e+02 4.914311914714928662e+02
9.709400000000000546e+02 5.427108601257123155e+02
9.716649999999999636e+02 5.032382711068765957e+02
9.723899999999999864e+02 5.003518023191565476e+02
9.731150000000000091e+02 5.155475248823391894e+02
9.738400000000000318e+02 5.046716973219082547e+02
9.745650000000000546e+02 5.244762080321075928e+02
9.752889999999999873e+02 5.148723566230888764e+02
9.760140000000000100e+02 4.992086511484169478e+02
9.767380000000000564e+02 5.252212638616389313e+02
9.774629999999999654e+02 5.288680121916079315e+02
9.781870000000000118e+02 5.200703849455368299e+02
9.789109999999999445e+02 5.212871950706149846e+02
9.796349999999999909e+02 5.324812804448573615e+02
9.803590000000000373e+02 5.410276475226343109e+02
9.810829999999999700e+02 5.430964173202154370e+02
9.818070000000000164e+02 5.246000410073705780e+02
9.825309999999999491e+02 5.347428821814485218e+02
9.832549999999999955e+02 5.307763273015468712e+02
9.839779999999999518e+02 5.447120808534639309e+02
9.847019999999999982e+02 5.683364254002010512e+02
9.854249999999999545e+02 5.290796114838358335e+02
9.861490000000000009e+02 5.550115653628646442e+02
9.868719999999999573e+02 5.411828686248099984e+02
9.875960000000000036e+02 5.976186793258887064e+02
9.883189999999999600e+02 5.635158463154193669e+02
9.890420000000000300e+02 5.892653863045501339e+02
9.897649999999999864e+02 5.939516028718418283e+02
9.904880000000000564e+02 5.957744916130028514e+02
9.912110000000000127e+02 6.349685664941627010e+02
9.919339999999999691e+02 6.106992067221617617e+02
9.926559999999999491e+02 6.299205049450788465e+02
9.933790000000000191e+02 6.051126406500667372e+02
9.941009999999999991e+02 6.217014440346044921e+02
9.948239999999999554e+02 6.237212417330980543e+02
9.955460000000000491e+02 6.350558190364271240e+02
9.962690000000000055e+02 6.182265416050331623e+02
9.969909999999999854e+02 5.977451558842680015e+02
9.977129999999999654e+02 6.355755637597424084e+02
9.984349999999999454e+02 6.165822095630088597e+02
9.991570000000000391e+02 6.494835289371258114e+02
9.998790000000000191e+02 6.048966320803218650e+02
1.000600999999999999e+03 6.356954312936833276e+02
1.001322999999999979e+03 6.452409000341536967e+02
1.002043999999999983e+03 6.512127004751910135e+02
1.002765999999999963e+03 6.367911613192208051e+02
1.003488000000000056e+03 6.558346361977509105e+02
1.004208999999999946e+03 6.693808640989941523e+02
1.004929999999999950e+03 6.187634435027208610e+02
1.005652000000000044e+03 6.762119011860175988e+02
1.006373000000000047e+03 6.458405329156877315e+02
1.007094000000000051e+03 6.590044917637127355e+02
1.007815000000000055e+03 6.840236350949772941e+02
1.008535999999999945e+03 6.713252144004990214e+02
1.009256999999999948e+03 7.095116719060506512e+02
1.009977999999999952e+03 7.328500252578159007e+02
1.010698999999999955e+03 7.152547454985912054e+02
1.011418999999999983e+03 7.043683363050745356e+02
1.012139999999999986e+03 6.989132238807900421e+02
1.012860999999999990e+03 7.327768424222393833e+02
1.013581000000000017e+03 7.077750367984216382e+02
1.014301000000000045e+03 7.353097284618517051e+02
1.015022000000000048e+03 7.835562130303953836e+02
1.015741999999999962e+03 7.449610257249441929e+02
1.016461999999999989e+03 7.841277973640263781e+02
1.017182000000000016e+03 7.755696280289113247e+02
1.017902000000000044e+03 8.187612177086920155e+02
1.018621999999999957e+03 8.133588087911558659e+02
1.019341999999999985e+03 8.090797203338727286e+02
1.020061000000000035e+03 8.316282070274576199e+02
1.020780999999999949e+03 7.846501636438428022e+02
1.021500999999999976e+03 8.107777695432529299e+02
1.022220000000000027e+03 8.845553974293710553e+02
1.022940000000000055e+03 8.440863802617045621e+02
1.023658999999999992e+03 8.379141613706241287e+02
1.024377999999999929e+03 8.781181570684395865e+02
1.025096999999999980e+03 9.566469791375975547e+02
1.025816000000000031e+03 8.882691192382724239e+02
1.026535000000000082e+03 9.342050760543449996e+02
1.027253999999999905e+03 9.130824173003960595e+02
1.027972999999999956e+03 9.055308158255488706e+02
1.028692000000000007e+03 9.938679526678973843e+02
1.029411000000000058e+03 1.023270092449677577e+03
1.030128999999999905e+03 9.307169919981641897e+02
1.030847999999999956e+03 9.939324786617817153e+02
1.031566000000000031e+03 1.006215589367046505e+03
1.032285000000000082e+03 1.001916168482545913e+03
1.033002999999999929e+03 1.019311629200523157e+03
1.033721000000000004e+03 1.090975702314394084e+03
1.034439000000000078e+03 1.023178514320934937e+03
1.035157999999999902e+03 1.103056851544603433e+03
1.035875999999999976e+03 1.038932446365940905e+03
1.036593000000000075e+03 1.023023460543728788e+03
1.037310999999999922e+03 1.106644268908188451e+03
1.038028999999999996e+03 1.219560633318419377e+03
1.038747000000000071e+03 1.258292794296423153e+03
1.039463999999999942e+03 1.309257214639843141e+03
1.040182000000000016e+03 1.169704441250568607e+03
1.040898999999999887e+03 1.183617805930982058e+03
1.041616999999999962e+03 1.307964432596320648e+03
1.042334000000000060e+03 1.221159515360357318e+03
1.043050999999999931e+03 1.185206966045729132e+03
1.043768000000000029e+03 1.194745194037752754e+03
1.044484999999999900e+03 1.434835899192817124e+03
1.045201999999999998e+03 1.282322917752338981e+03
1.045919000000000096e+03 1.381004756418325087e+03
1.046635999999999967e+03 1.466472689591643075e+03
1.047353000000000065e+03 1.380124573316708165e+03
1.048068999999999960e+03 1.361080170653755658e+03
1.048786000000000058e+03 1.377731615999109181e+03
1.049502999999999929e+03 1.436161049493322480e+03
1.050219000000000051e+03 1.448362641836353077e+03
1.050934999999999945e+03 1.662868792063911314e+03
1.051652000000000044e+03 1.528155263577672258e+03
1.052367999999999938e+03 1.559024470802864926e+03
1.053084000000000060e+03 1.569863889196531090e+03
1.053799999999999955e+03 1.614932919576974200e+03
1.054516000000000076e+03 1.714614692472448041e+03
1.055231999999999971e+03 1.681426098169046554e+03
1.055946999999999889e+03 1.854256615225857331e+03
1.056663000000000011e+03 1.616645697545369785e+03
1.057378999999999905e+03 1.769339082423591435e+03
1.058094000000000051e+03 1.922846695154121107e+03
1.058809999999999945e+03 1.748989641830937671e+03
1.059525000000000091e+03 1.850876628289436894e+03
1.060240999999999985e+03 2.117258176466287296e+03
1.060955999999999904e+03 2.091474038034437854e+03
1.061671000000000049e+03 2.019590993091629116e+03
1.062385999999999967e+03 2.277516305477023707e+03
1.063101000000000113e+03 1.982601464506278035e+03
1.063816000000000031e+03 2.306708595642074670e+03
