2.828559999999999945e+02 -4.039189266211506979e-01
2.836510000000000105e+02 -4.416036452772625909e-01
2.844460000000000264e+02 -5.729656121938703217e-01
2.852409999999999854e+02 -7.658268073089880001e-01
2.860360000000000014e+02 -6.183532298591898346e-01
2.868310000000000173e+02 -1.190299075839236664e+00
2.876259999999999764e+02 -1.052525603567028956e+00
2.884209999999999923e+02 -1.890350758886634175e+00
2.892160000000000082e+02 -6.860572068814220215e-01
2.900099999999999909e+02 -8.514961516394566887e-01
2.908050000000000068e+02 -9.346009684885693281e-01
2.915989999999999895e+02 -1.318611307411931666e+00
2.923940000000000055e+02 -5.483225194895436916e-01
2.931879999999999882e+02 -6.185883777463430100e-01
2.939820000000000277e+02 -7.885901021186269011e-01
2.947769999999999868e+02 -5.603944097754088860e-01
2.955710000000000264e+02 -6.685101982375980523e-01
2.963650000000000091e+02 -4.155420442575405993e-01
2.971589999999999918e+02 -4.861689580511063813e-01
2.979529999999999745e+02 -1.857448856123012915e-01
2.987459999999999809e+02 -1.916588727990242436e-01
2.995400000000000205e+02 -7.050251501367814366e-02
3.003340000000000032e+02 5.852414018401472934e-02
3.011270000000000095e+02 1.741922883321617987e-01
3.019209999999999923e+02 3.172804375462610071e-01
3.027139999999999986e+02 5.305081093073606979e-01
3.035070000000000050e+02 7.722026765314051744e-01
3.043009999999999877e+02 9.101499600841185256e-01
3.050939999999999941e+02 1.223347046093735901e+00
3.058870000000000005e+02 1.342939608549653441e+00
3.066800000000000068e+02 1.210854384106831994e+00
3.074730000000000132e+02 1.635899540580634914e+00
3.082660000000000196e+02 2.493494674339073125e+00
3.090590000000000259e+02 2.942550958558726837e+00
3.098509999999999991e+02 2.310581009699494981e+00
3.106440000000000055e+02 2.674509551677175967e+00
3.114370000000000118e+02 2.298410181162445998e+00
3.122289999999999850e+02 4.069122153061838887e+00
3.130210000000000150e+02 5.775660622374691577e+00
3.138140000000000214e+02 3.412584280475043919e+00
3.146059999999999945e+02 3.811628706064497329e+00
3.153980000000000246e+02 3.332498129985838720e+00
3.161899999999999977e+02 5.756853563126378859e+00
3.169820000000000277e+02 5.006921039853392763e+00
3.177740000000000009e+02 5.019185872756508182e+00
3.185659999999999741e+02 7.974199270854563260e+00
3.193580000000000041e+02 1.036216793277179704e+01
3.201499999999999773e+02 5.969442393474252206e+00
3.209409999999999741e+02 1.455360686979334339e+01
3.217330000000000041e+02 9.886752476861884631e+00
3.225240000000000009e+02 8.743378334731550794e+00
3.233159999999999741e+02 1.789323495512903506e+01
3.241070000000000277e+02 1.044829198036673290e+01
3.248980000000000246e+02 2.698102388155396980e+01
3.256899999999999977e+02 2.012901510058991050e+01
3.264809999999999945e+02 1.174726695253059816e+01
3.272719999999999914e+02 1.320925469725803758e+01
3.280629999999999882e+02 1.627167262551376936e+01
3.288539999999999850e+02 2.063867321725530246e+01
3.296440000000000055e+02 2.111190025465673514e+01
3.304350000000000023e+02 1.341765893990589653e+01
3.312259999999999991e+02 2.064880558387546827e+01
3.320160000000000196e+02 2.158016873791333268e+01
3.328070000000000164e+02 1.408795148247002871e+01
3.335969999999999800e+02 3.518980098915701404e+01
3.343879999999999768e+02 1.950026465918383067e+01
3.351779999999999973e+02 2.066552427945880765e+01
3.359680000000000177e+02 1.399312645724955395e+01
3.367579999999999814e+02 3.293529417490267974e+01
3.375480000000000018e+02 2.499222288912834955e+01
3.383380000000000223e+02 2.154835794689496353e+01
3.391279999999999859e+02 2.444864672380708726e+01
3.399180000000000064e+02 2.558228960702952293e+01
3.407080000000000268e+02 6.570270645217458139e+01
3.414970000000000141e+02 3.151686632065172589e+01
3.422869999999999777e+02 2.799596388335903185e+01
3.430760000000000218e+02 3.481237153559784048e+01
3.438659999999999854e+02 2.445661638569171359e+01
3.446549999999999727e+02 5.044506989222783488e+01
3.454440000000000168e+02 4.378916008045658259e+01
3.462330000000000041e+02 3.647765943771151598e+01
3.470230000000000246e+02 4.372241345967616155e+01
3.478120000000000118e+02 3.113248020629286827e+01
3.486009999999999991e+02 3.440973035443671080e+01
3.493890000000000100e+02 4.512877932183372565e+01
3.501779999999999973e+02 3.493019783681570800e+01
3.509669999999999845e+02 6.770008224096217475e+01
3.517559999999999718e+02 4.146819352567803918e+01
3.525439999999999827e+02 1.192401447301554498e+02
3.533330000000000268e+02 3.001231777976654058e+01
3.541209999999999809e+02 5.612651315646523642e+01
3.549089999999999918e+02 1.050964126883624772e+02
3.556979999999999791e+02 4.949257645264513883e+01
3.564859999999999900e+02 7.061489290825885234e+01
3.572740000000000009e+02 4.257369494333519100e+01
3.580620000000000118e+02 8.250132454134673310e+01
3.588500000000000227e+02 6.818959049431745711e+01
3.596379999999999768e+02 9.885544200506173240e+01
3.604259999999999877e+02 4.560772893515282789e+01
3.612130000000000223e+02 3.921140450475504480e+01
3.620009999999999764e+02 5.740661124731075660e+01
3.627889999999999873e+02 7.042313842553950565e+01
3.635760000000000218e+02 4.531834211263036849e+01
3.643639999999999759e+02 9.553697436485900596e+01
3.651510000000000105e+02 6.018490140377141984e+01
3.659379999999999882e+02 5.752943088845705688e+01
3.667250000000000227e+02 7.142917232263474148e+01
3.675120000000000005e+02 6.020830309171599737e+01
3.683000000000000114e+02 1.099286794192201597e+02
3.690860000000000127e+02 5.386687618198860150e+01
3.698729999999999905e+02 6.679483099337848273e+01
3.706600000000000250e+02 5.172767276185093976e+01
3.714470000000000027e+02 5.346937258074134292e+01
3.722339999999999804e+02 7.648836455035089443e+01
3.730199999999999818e+02 5.611592596874930905e+01
3.738070000000000164e+02 1.407059158975185653e+02
3.745930000000000177e+02 8.079623714789713063e+01
3.753790000000000191e+02 8.181990732682528744e+01
3.761659999999999968e+02 5.604007557641596549e+01
3.769519999999999982e+02 1.406360043092420824e+02
3.777379999999999995e+02 7.341331164278545884e+01
3.785240000000000009e+02 1.221416557459752710e+02
3.793100000000000023e+02 6.422702168043551296e+01
3.800960000000000036e+02 2.775978066052766735e+02
3.808820000000000050e+02 8.532063195077266471e+01
3.816669999999999732e+02 6.935566847368471599e+01
3.824529999999999745e+02 1.168054480078317567e+02
3.832389999999999759e+02 5.693878498385912224e+01
3.840240000000000009e+02 1.467530659564447433e+02
3.848100000000000023e+02 3.651816282589948059e+02
3.855950000000000273e+02 1.771293566187165425e+02
3.863799999999999955e+02 1.174191859619869973e+02
3.871650000000000205e+02 1.100524685284047166e+02
3.879499999999999886e+02 1.578259182490432408e+02
3.887350000000000136e+02 1.645417803865949224e+02
3.895199999999999818e+02 9.566921450890650647e+01
3.903050000000000068e+02 9.943204331832274079e+01
3.910899999999999750e+02 2.447969274200874850e+02
3.918750000000000000e+02 1.361980640955682418e+02
3.926600000000000250e+02 8.319168019191299379e+01
3.934440000000000168e+02 1.451079600617669882e+02
3.942289999999999850e+02 9.655470862626074791e+01
3.950129999999999768e+02 1.477082148727575088e+02
3.957970000000000255e+02 1.184549457608820120e+02
3.965819999999999936e+02 1.439898707158814091e+02
3.973659999999999854e+02 1.193279660708392100e+02
3.981499999999999773e+02 1.323506242619513387e+02
3.989340000000000259e+02 1.326763782784875616e+02
3.997180000000000177e+02 1.895935864319122288e+02
4.005020000000000095e+02 1.731164146747434529e+02
4.012860000000000014e+02 3.030776819373573971e+02
4.020690000000000168e+02 2.175866168080102057e+02
4.028530000000000086e+02 4.507219921270274199e+02
4.036370000000000005e+02 3.293306330132867856e+02
4.044200000000000159e+02 1.799374008394109978e+02
4.052029999999999745e+02 1.443977403424507884e+02
4.059870000000000232e+02 1.427844823160757244e+02
4.067699999999999818e+02 9.773826448165353042e+01
4.075529999999999973e+02 1.549259236684812890e+02
4.083360000000000127e+02 1.750326682597433319e+02
4.091190000000000282e+02 1.153323983068458887e+02
4.099019999999999868e+02 1.807437857595676576e+02
4.106850000000000023e+02 1.290873782174966209e+02
4.114680000000000177e+02 1.458678668879599059e+02
4.122509999999999764e+02 1.210239989418834909e+02
4.130330000000000155e+02 1.376536851546113382e+02
4.138159999999999741e+02 1.261544534088530440e+02
4.145989999999999895e+02 1.308221609780097197e+02
4.153809999999999718e+02 1.301243161700646453e+02
4.161630000000000109e+02 1.091241608522546045e+02
4.169460000000000264e+02 1.955348771011889255e+02
4.177280000000000086e+02 1.341669055057440403e+02
4.185099999999999909e+02 1.427222300832187329e+02
4.192919999999999732e+02 1.159615849316472804e+02
4.200740000000000123e+02 1.806414649761869384e+02
4.208559999999999945e+02 1.870190353196739181e+02
4.216379999999999768e+02 1.383196179067446963e+02
4.224189999999999827e+02 1.345148551870949802e+02
4.232010000000000218e+02 1.512600285159052191e+02
4.239830000000000041e+02 1.385316588878974926e+02
4.247640000000000100e+02 1.541663300326813442e+02
4.255450000000000159e+02 1.350984062991177268e+02
4.263269999999999982e+02 1.571050346759649585e+02
4.271080000000000041e+02 1.585844529623851713e+02
4.278890000000000100e+02 1.916264827862860045e+02
4.286700000000000159e+02 1.051699136737244231e+02
4.294510000000000218e+02 3.161441681638421528e+02
4.302320000000000277e+02 2.851434498460479290e+02
4.310129999999999768e+02 1.861335796715562481e+02
4.317939999999999827e+02 1.259351009577349174e+02
4.325749999999999886e+02 1.508865031882444612e+02
4.333550000000000182e+02 2.180024484724975764e+02
4.341360000000000241e+02 1.317819823522856950e+02
4.349159999999999968e+02 1.705509298521820938e+02
4.356970000000000027e+02 1.659129751490491458e+02
4.364769999999999754e+02 1.505900900589152229e+02
4.372570000000000050e+02 1.190924502002494876e+02
4.380380000000000109e+02 1.528923390541149274e+02
4.388179999999999836e+02 1.484731137857201873e+02
4.395980000000000132e+02 2.031191100893064743e+02
4.403779999999999859e+02 1.507855873005400724e+02
4.411580000000000155e+02 1.522357093001332657e+02
4.419370000000000118e+02 1.674686927122412214e+02
4.427169999999999845e+02 1.438961760384316904e+02
4.434970000000000141e+02 1.897280239641247590e+02
4.442760000000000105e+02 2.165733603539949854e+02
4.450559999999999832e+02 1.722878199545604616e+02
4.458349999999999795e+02 1.581790833006852495e+02
4.466150000000000091e+02 1.937683161190253998e+02
4.473940000000000055e+02 1.962775141334485340e+02
4.481730000000000018e+02 1.913021341946217717e+02
4.489519999999999982e+02 1.459915521374886680e+02
4.497309999999999945e+02 1.599932090354800494e+02
4.505099999999999909e+02 1.620281743744345420e+02
4.512889999999999873e+02 1.692900093852542796e+02
4.520679999999999836e+02 1.492979260519879290e+02
4.528469999999999800e+02 1.391939991690575482e+02
4.536250000000000000e+02 1.821678454354342023e+02
4.544039999999999964e+02 1.651070897647692846e+02
4.551820000000000164e+02 1.827021934118797901e+02
4.559610000000000127e+02 1.559318217346493043e+02
4.567389999999999759e+02 1.627519667339058174e+02
4.575169999999999959e+02 2.010094000440302580e+02
4.582959999999999923e+02 1.412470114610477481e+02
4.590740000000000123e+02 1.893721334886231205e+02
4.598519999999999754e+02 1.751368285350292240e+02
4.606299999999999955e+02 1.761077076242177668e+02
4.614069999999999823e+02 1.585916549007534684e+02
4.621850000000000023e+02 1.389126274426074019e+02
4.629630000000000223e+02 1.741566159829958735e+02
4.637409999999999854e+02 1.559096334960271406e+02
4.645179999999999723e+02 1.652518991230892311e+02
4.652959999999999923e+02 1.889038258840676576e+02
4.660729999999999791e+02 1.592715352714454013e+02
4.668500000000000227e+02 1.668341956994100599e+02
4.676279999999999859e+02 1.616661394729204915e+02
4.684049999999999727e+02 1.674576343913265077e+02
4.691820000000000164e+02 2.025285479339553092e+02
4.699590000000000032e+02 1.750227132968660726e+02
4.707359999999999900e+02 1.598748053894576913e+02
4.715129999999999768e+02 1.915776384216047745e+02
4.722900000000000205e+02 1.564712162497862096e+02
4.730659999999999741e+02 1.624378796830364706e+02
4.738430000000000177e+02 1.499715597355595094e+02
4.746200000000000045e+02 2.216465704047347742e+02
4.753960000000000150e+02 1.630552649381960180e+02
4.761720000000000255e+02 1.588030790511647865e+02
4.769490000000000123e+02 1.619915038596706154e+02
4.777250000000000227e+02 1.438553992195520550e+02
4.785009999999999764e+02 1.639587150493312322e+02
4.792769999999999868e+02 1.527998534075241253e+02
4.800529999999999973e+02 1.314589130981354401e+02
4.808290000000000077e+02 1.632400866608504657e+02
4.816050000000000182e+02 1.471343720843638039e+02
4.823809999999999718e+02 1.797059659588531133e+02
4.831569999999999823e+02 1.490256449154548761e+02
4.839320000000000164e+02 1.660813693766779693e+02
4.847080000000000268e+02 1.579363265130501475e+02
4.854830000000000041e+02 1.680352913604737068e+02
4.862590000000000146e+02 1.557926991030420254e+02
4.870339999999999918e+02 1.831397595290744107e+02
4.878090000000000259e+02 1.503967441462985732e+02
4.885840000000000032e+02 1.673746495486048786e+02
4.893600000000000136e+02 1.357977989972688135e+02
4.901349999999999909e+02 1.490983121180750572e+02
4.909100000000000250e+02 1.716487070845653875e+02
4.916840000000000259e+02 1.522802643243342402e+02
4.924590000000000032e+02 1.684785979711006689e+02
4.932339999999999804e+02 1.905899024393299044e+02
4.940090000000000146e+02 1.445725726947825081e+02
4.947830000000000155e+02 1.671252846280118831e+02
4.955579999999999927e+02 1.616858789191516337e+02
4.963319999999999936e+02 1.460421309663572913e+02
4.971059999999999945e+02 1.367804956548633015e+02
4.978809999999999718e+02 1.423146601653969299e+02
4.986549999999999727e+02 1.479683234081161913e+02
4.994289999999999736e+02 1.493161658312745033e+02
5.002029999999999745e+02 1.487707113981844316e+02
5.009769999999999754e+02 1.615500353238494995e+02
5.017509999999999764e+02 1.627186623017648799e+02
5.025240000000000009e+02 1.532772648544743959e+02
5.032980000000000018e+02 1.529408496146519667e+02
5.040720000000000027e+02 1.572298761897735346e+02
5.048450000000000273e+02 1.563613753757275902e+02
5.056190000000000282e+02 1.529204251871906024e+02
5.063919999999999959e+02 1.441519299961375395e+02
5.071650000000000205e+02 1.572350250516130927e+02
5.079390000000000214e+02 1.588217224616311114e+02
5.087119999999999891e+02 1.558488752896913638e+02
5.094850000000000136e+02 1.447970212965335008e+02
5.102579999999999814e+02 1.636312157861436560e+02
5.110310000000000059e+02 1.495015906657994549e+02
5.118039999999999736e+02 1.494863571733250751e+02
5.125769999999999982e+02 1.511421908562991803e+02
5.133490000000000464e+02 1.507033797580878058e+02
5.141219999999999573e+02 1.392662128006582236e+02
5.148940000000000055e+02 1.320562868023133660e+02
5.156670000000000300e+02 1.567934370697396389e+02
5.164389999999999645e+02 1.439526047517043708e+02
5.172119999999999891e+02 1.423867380023787632e+02
5.179840000000000373e+02 1.370115467640617908e+02
5.187559999999999718e+02 1.428788840609037720e+02
5.195280000000000200e+02 1.526884754178647654e+02
5.202999999999999545e+02 1.416468098759796703e+02
5.210720000000000027e+02 1.395622998443124061e+02
5.218440000000000509e+02 1.386923097304990051e+02
5.226159999999999854e+02 1.437837074284840924e+02
5.233869999999999436e+02 1.386010292769250043e+02
5.241589999999999918e+02 1.376261692920683402e+02
5.249310000000000400e+02 1.478493968734792929e+02
5.257019999999999982e+02 1.434667953628542989e+02
5.264729999999999563e+02 1.438957417135095227e+02
5.272450000000000045e+02 1.412498655741468667e+02
5.280159999999999627e+02 1.408969446202310962e+02
5.287870000000000346e+02 1.448555873414509279e+02
5.295579999999999927e+02 1.417667103291011870e+02
5.303289999999999509e+02 1.338400051411436209e+02
5.311000000000000227e+02 1.397387870215521559e+02
5.318709999999999809e+02 1.369690817422709017e+02
5.326420000000000528e+02 1.387031355174182750e+02
5.334120000000000346e+02 1.335777762985124468e+02
5.341829999999999927e+02 1.334900354736815302e+02
5.349539999999999509e+02 1.432740569713034233e+02
5.357240000000000464e+02 1.426567111325248618e+02
5.364940000000000282e+02 1.323528838904313147e+02
5.372649999999999864e+02 1.420545853392540039e+02
5.380349999999999682e+02 1.347828067454139500e+02
5.388049999999999500e+02 1.335528898554842669e+02
5.395750000000000455e+02 1.305339205441753734e+02
5.403450000000000273e+02 1.284963010533922443e+02
5.411150000000000091e+02 1.473310310207635041e+02
5.418849999999999909e+02 1.333157774018583552e+02
5.426549999999999727e+02 1.293573543092321643e+02
5.434239999999999782e+02 1.269848057979551044e+02
5.441939999999999600e+02 1.409276868447901450e+02
5.449640000000000555e+02 1.356825094655915507e+02
5.457329999999999472e+02 1.306504141918668154e+02
5.465019999999999527e+02 1.399756719883228584e+02
5.472720000000000482e+02 1.345542006210338286e+02
5.480410000000000537e+02 1.368005287508925107e+02
5.488099999999999454e+02 1.303665602820023821e+02
5.495789999999999509e+02 1.363280260732091165e+02
5.503479999999999563e+02 1.330217107260972966e+02
5.511169999999999618e+02 1.296996464498491832e+02
5.518859999999999673e+02 1.316476311562076944e+02
5.526549999999999727e+02 1.317471324705462052e+02
5.534230000000000018e+02 1.371588413485791591e+02
5.541920000000000073e+02 1.237344186069341276e+02
5.549600000000000364e+02 1.287941858137953943e+02
5.557290000000000418e+02 1.314037381011726211e+02
5.564969999999999573e+02 1.231252400517689551e+02
5.572659999999999627e+02 1.313010526130253766e+02
5.580339999999999918e+02 1.245198605221811050e+02
5.588020000000000209e+02 1.020118548251721364e+02
5.595700000000000500e+02 7.702090406310871629e+01
5.603379999999999654e+02 9.566369617930602942e+01
5.611059999999999945e+02 1.106988901654618189e+02
5.618740000000000236e+02 1.290688779695966559e+02
5.626409999999999627e+02 1.302611180277860683e+02
5.634089999999999918e+02 1.271334197625712505e+02
5.641770000000000209e+02 1.322716094070874817e+02
5.649439999999999600e+02 1.203315013087702283e+02
5.657119999999999891e+02 1.277984576040087461e+02
5.664790000000000418e+02 1.258456158447694833e+02
5.672459999999999809e+02 1.279614977286028932e+02
5.680140000000000100e+02 1.262937424507713331e+02
5.687809999999999491e+02 1.249458879732054299e+02
5.695480000000000018e+02 1.266492811684545359e+02
5.703150000000000546e+02 1.259981522330474206e+02
5.710819999999999936e+02 1.314362886787241962e+02
5.718479999999999563e+02 1.330590660991487937e+02
5.726150000000000091e+02 1.216240916664416005e+02
5.733819999999999482e+02 1.226500108930821114e+02
5.741480000000000246e+02 1.226366399205070792e+02
5.749149999999999636e+02 1.250478438838254647e+02
5.756810000000000400e+02 1.288168141768297232e+02
5.764479999999999791e+02 1.281672799101179123e+02
5.772140000000000555e+02 1.301086286817815392e+02
5.779800000000000182e+02 1.251912086489932392e+02
5.787459999999999809e+02 1.286294537795794497e+02
5.795119999999999436e+02 1.251441277115602162e+02
5.802780000000000200e+02 1.271355533518333942e+02
5.810439999999999827e+02 1.311307707798762010e+02
5.818099999999999454e+02 1.265061839147946188e+02
5.825760000000000218e+02 1.256861864396852297e+02
5.833410000000000082e+02 1.277298865937891037e+02
5.841069999999999709e+02 1.245610286406523954e+02
5.848730000000000473e+02 1.248506728674303048e+02
5.856380000000000337e+02 1.253675541952889887e+02
5.864030000000000200e+02 1.242157210332196229e+02
5.871689999999999827e+02 1.222272139199105681e+02
5.879339999999999691e+02 1.300823556332535986e+02
5.886989999999999554e+02 1.276607643536709560e+02
5.894640000000000555e+02 1.194519021798204221e+02
5.902290000000000418e+02 1.214530359254981136e+02
5.909940000000000282e+02 1.295129459824968876e+02
5.917590000000000146e+02 1.242118842095967040e+02
5.925230000000000246e+02 1.163399063170541154e+02
5.932880000000000109e+02 1.249825433408184523e+02
5.940529999999999973e+02 1.212047948601319547e+02
5.948170000000000073e+02 1.227094779349558564e+02
5.955819999999999936e+02 1.203537160760933631e+02
5.963460000000000036e+02 1.184891585794126598e+02
5.971100000000000136e+02 1.254152600138045983e+02
5.978740000000000236e+02 1.233185421615572750e+02
5.986380000000000337e+02 1.218388578743281414e+02
5.994030000000000200e+02 1.225074407247031729e+02
6.001660000000000537e+02 1.276977533349927398e+02
6.009299999999999500e+02 1.343155764426306575e+02
6.016939999999999600e+02 1.229729270084988144e+02
6.024579999999999700e+02 1.231705280628407877e+02
6.032219999999999800e+02 1.265503914315138161e+02
6.039850000000000136e+02 1.189908188389385799e+02
6.047490000000000236e+02 1.218760740395054967e+02
6.055119999999999436e+02 1.274614514401882701e+02
6.062749999999999773e+02 1.252641961834361410e+02
6.070389999999999873e+02 1.198472329700988013e+02
6.078020000000000209e+02 1.220821405022514909e+02
6.085650000000000546e+02 1.232858162501423038e+02
6.093279999999999745e+02 1.260095705685397718e+02
6.100910000000000082e+02 1.269924536329099567e+02
6.108540000000000418e+02 1.286631912474372825e+02
6.116169999999999618e+02 1.257680267955575033e+02
6.123790000000000191e+02 1.201733722429337234e+02
6.131420000000000528e+02 1.184403889918534816e+02
6.139039999999999964e+02 1.274830910227594529e+02
6.146670000000000300e+02 1.236334886877993426e+02
6.154289999999999736e+02 1.188897984628968629e+02
6.161920000000000073e+02 1.221686729509653588e+02
6.169539999999999509e+02 1.193163463520285177e+02
6.177160000000000082e+02 1.245287392070309522e+02
6.184779999999999518e+02 1.194535794058256926e+02
6.192400000000000091e+02 1.221688258040950501e+02
6.200019999999999527e+02 1.231722117181602556e+02
6.207640000000000100e+02 1.286797078761547652e+02
6.215259999999999536e+02 1.219338051634060207e+02
6.222870000000000346e+02 1.234489394111994756e+02
6.230489999999999782e+02 1.157241470304026194e+02
6.238110000000000355e+02 1.207977804058195233e+02
6.245720000000000027e+02 1.206326063499343633e+02
6.253339999999999463e+02 1.215294636388046570e+02
6.260950000000000273e+02 1.210809455543959672e+02
6.268559999999999945e+02 1.255619817161046399e+02
6.276169999999999618e+02 1.212453316649421708e+02
6.283780000000000427e+02 1.206401521882852137e+02
6.291390000000000100e+02 1.234761229544169652e+02
6.298999999999999773e+02 1.213469220865875116e+02
6.306609999999999445e+02 1.198882643832942989e+02
6.314220000000000255e+02 1.178569332176895443e+02
6.321829999999999927e+02 1.214955019426256797e+02
6.329429999999999836e+02 1.196270961660308814e+02
6.337039999999999509e+02 1.204679926484189281e+02
6.344640000000000555e+02 1.192125413755630490e+02
6.352250000000000227e+02 1.197295401545190288e+02
6.359850000000000136e+02 1.198821771840750756e+02
6.367450000000000045e+02 1.164711015941819312e+02
6.375049999999999955e+02 1.155652678452425164e+02
6.382649999999999864e+02 1.202798033056196374e+02
6.390249999999999773e+02 1.210472844665215888e+02
6.397849999999999682e+02 1.188997817353301372e+02
6.405449999999999591e+02 1.240919707144027768e+02
6.413049999999999500e+02 1.203987821108867990e+02
6.420650000000000546e+02 1.202363132158030652e+02
6.428239999999999554e+02 1.175668451081927373e+02
6.435839999999999463e+02 1.171353134082141025e+02
6.443429999999999609e+02 1.210051640822521790e+02
6.451029999999999518e+02 1.235639692566765007e+02
6.458619999999999663e+02 1.182707878267737271e+02
6.466209999999999809e+02 1.188397127035463683e+02
6.473799999999999955e+02 1.222955784217705428e+02
6.481390000000000100e+02 1.211638742184375985e+02
6.488980000000000246e+02 1.216913189395512802e+02
6.496570000000000391e+02 1.174275031025263303e+02
6.504160000000000537e+02 1.159995809128826210e+02
6.511749999999999545e+02 1.193322669847320867e+02
6.519339999999999691e+02 1.206113164813443035e+02
6.526920000000000073e+02 1.216118138268262925e+02
6.534510000000000218e+02 1.230720742497334470e+02
6.542089999999999463e+02 1.189289383276085204e+02
6.549679999999999609e+02 1.224578222824522129e+02
6.557259999999999991e+02 1.203935358371950883e+02
6.564840000000000373e+02 1.198960002971395795e+02
6.572419999999999618e+02 1.188503141373453929e+02
6.580000000000000000e+02 1.204573194704567527e+02
6.587580000000000382e+02 1.194061803827971602e+02
6.595159999999999627e+02 1.195673895487488636e+02
6.602740000000000009e+02 1.241259877707711894e+02
6.610320000000000391e+02 1.183855262787408265e+02
6.617889999999999873e+02 1.199995585410175210e+02
6.625470000000000255e+02 1.174599631103785953e+02
6.633039999999999736e+02 1.171372378679712085e+02
6.640620000000000118e+02 1.162172196490946305e+02
6.648189999999999600e+02 1.214596820418977074e+02
6.655769999999999982e+02 1.178292911101497538e+02
6.663339999999999463e+02 1.215376213360713962e+02
6.670910000000000082e+02 1.195548960650650372e+02
6.678479999999999563e+02 1.175618406739490780e+02
6.686050000000000182e+02 1.239246535227574668e+02
6.693619999999999663e+02 1.219686441197379168e+02
6.701190000000000282e+02 1.217550486687181603e+02
6.708750000000000000e+02 1.219081612003178350e+02
6.716319999999999482e+02 1.234947980318762575e+02
6.723890000000000100e+02 1.190135752549306289e+02
6.731449999999999818e+02 1.220951707054903324e+02
6.739020000000000437e+02 1.233485707198207848e+02
6.746580000000000155e+02 1.228580111481044099e+02
6.754139999999999873e+02 1.234240025275641557e+02
6.761699999999999591e+02 1.236234282597711172e+02
6.769260000000000446e+02 1.225932571463439302e+02
6.776829999999999927e+02 1.191181549971095848e+02
6.784379999999999882e+02 1.207347744738742534e+02
6.791939999999999600e+02 1.213275496281735144e+02
6.799500000000000455e+02 1.201435088935801332e+02
6.807060000000000173e+02 1.186983528482951868e+02
6.814619999999999891e+02 1.194431324853988770e+02
6.822169999999999845e+02 1.243630339495138060e+02
6.829729999999999563e+02 1.249765892375804839e+02
6.837279999999999518e+02 1.220589589358943243e+02
6.844829999999999472e+02 1.238040114125445257e+02
6.852390000000000327e+02 1.243224066151531986e+02
6.859940000000000282e+02 1.210840513820014195e+02
6.867490000000000236e+02 1.263703488411597959e+02
6.875040000000000191e+02 1.235232015210795140e+02
6.882590000000000146e+02 1.247482846951538136e+02
6.890140000000000100e+02 1.240721633708779734e+02
6.897690000000000055e+02 1.231062892667720661e+02
6.905230000000000246e+02 1.227154627864723864e+02
6.912780000000000200e+02 1.243544386115715525e+02
6.920320000000000391e+02 1.227984772146782859e+02
6.927870000000000346e+02 1.243891027277827703e+02
6.935410000000000537e+02 1.268638899398209077e+02
6.942960000000000491e+02 1.274889693865018074e+02
6.950499999999999545e+02 1.244754348416105074e+02
6.958039999999999736e+02 1.243499203359154990e+02
6.965579999999999927e+02 1.252611036940384821e+02
6.973120000000000118e+02 1.247916606108388038e+02
6.980660000000000309e+02 1.255759292934686613e+02
6.988200000000000500e+02 1.307616644673319684e+02
6.995739999999999554e+02 1.265063338682156626e+02
7.003279999999999745e+02 1.268658031573781386e+02
7.010810000000000173e+02 1.286489704106897989e+02
7.018350000000000364e+02 1.343654147489082220e+02
7.025879999999999654e+02 1.248932270355630436e+02
7.033419999999999845e+02 1.265312522997776625e+02
7.040950000000000273e+02 1.298547585430101492e+02
7.048479999999999563e+02 1.297310090527192585e+02
7.056009999999999991e+02 1.262961777945560726e+02
7.063540000000000418e+02 1.245665725424279628e+02
7.071069999999999709e+02 1.282785129429425695e+02
7.078600000000000136e+02 1.286497691443888129e+02
7.086130000000000564e+02 1.298151628456323579e+02
7.093659999999999854e+02 1.289153074174137714e+02
7.101190000000000282e+02 1.277359357503463286e+02
7.108709999999999809e+02 1.287077745599125365e+02
7.116240000000000236e+02 1.321366980552143104e+02
7.123759999999999764e+02 1.312587197503253549e+02
7.131290000000000191e+02 1.285834936374125164e+02
7.138809999999999718e+02 1.294718592915872932e+02
7.146330000000000382e+02 1.290743241647051320e+02
7.153849999999999909e+02 1.291924153430357194e+02
7.161369999999999436e+02 1.290985608916641638e+02
7.168890000000000100e+02 1.291332828014396341e+02
7.176409999999999627e+02 1.307494858579749746e+02
7.183930000000000291e+02 1.339168658401200389e+02
7.191449999999999818e+02 1.338956654408192435e+02
7.198970000000000482e+02 1.306757994161944225e+02
7.206480000000000246e+02 1.337213748167826850e+02
7.213999999999999773e+02 1.338369521438520735e+02
7.221509999999999536e+02 1.348485993303064561e+02
7.229030000000000200e+02 1.332284363622065086e+02
7.236539999999999964e+02 1.329078784365731281e+02
7.244049999999999727e+02 1.303400234030646345e+02
7.251559999999999491e+02 1.349021629877387056e+02
7.259070000000000391e+02 1.334758501902987291e+02
7.266580000000000155e+02 1.356213386438593318e+02
7.274089999999999918e+02 1.355558341971390064e+02
7.281599999999999682e+02 1.336940822199335628e+02
7.289109999999999445e+02 1.341994961279956442e+02
7.296609999999999445e+02 1.382884373567237617e+02
7.304120000000000346e+02 1.330558660494782828e+02
7.311620000000000346e+02 1.361164625439731424e+02
7.319130000000000109e+02 1.366709679321284057e+02
7.326630000000000109e+02 1.339517864015557791e+02
7.334139999999999873e+02 1.320116969676221856e+02
7.341639999999999873e+02 1.364676429121306853e+02
7.349139999999999873e+02 1.331937732658050777e+02
7.356639999999999873e+02 1.334309634542412653e+02
7.364139999999999873e+02 1.362226868891674201e+02
7.371639999999999873e+02 1.396591835065927967e+02
7.379139999999999873e+02 1.345144685225696151e+02
7.386630000000000109e+02 1.389129988276399956e+02
7.394130000000000109e+02 1.375546200686513032e+02
7.401630000000000109e+02 1.379183962717647205e+02
7.409120000000000346e+02 1.334063871014574261e+02
7.416609999999999445e+02 1.415190921988740342e+02
7.424109999999999445e+02 1.383007996942369005e+02
7.431599999999999682e+02 1.355759558680116754e+02
7.439089999999999918e+02 1.402109668294139624e+02
7.446580000000000155e+02 1.403015637459761820e+02
7.454070000000000391e+02 1.361606281752740415e+02
7.461559999999999491e+02 1.377767482688507528e+02
7.469049999999999727e+02 1.363063071218004438e+02
7.476539999999999964e+02 1.379994716905441408e+02
7.484030000000000200e+02 1.372409821716119325e+02
7.491509999999999536e+02 1.415703389055991579e+02
7.498999999999999773e+02 1.350651510575765712e+02
7.506480000000000246e+02 1.389792020804674735e+02
7.513970000000000482e+02 1.407017423614376810e+02
7.521449999999999818e+02 1.371215921967272209e+02
7.528930000000000291e+02 1.400290731119905558e+02
7.536420000000000528e+02 1.373222493281621155e+02
7.543899999999999864e+02 1.389846630037305317e+02
7.551380000000000337e+02 1.388474072342425245e+02
7.558859999999999673e+02 1.401463333272705540e+02
7.566340000000000146e+02 1.384059837588549442e+02
7.573809999999999718e+02 1.393514060749128021e+02
7.581290000000000191e+02 1.390421939246946295e+02
7.588769999999999527e+02 1.412637991739733536e+02
7.596240000000000236e+02 1.408120591433050777e+02
7.603719999999999573e+02 1.376769135694811155e+02
7.611190000000000282e+02 1.371761194373378316e+02
7.618659999999999854e+02 1.380867072031614669e+02
7.626140000000000327e+02 1.342865564863894292e+02
7.633609999999999900e+02 1.406780626954033835e+02
7.641079999999999472e+02 1.397755264300020031e+02
7.648550000000000182e+02 1.393773604853147390e+02
7.656019999999999754e+02 1.395941956718816925e+02
7.663490000000000464e+02 1.379083801635916586e+02
7.670950000000000273e+02 1.409730168604905600e+02
7.678419999999999845e+02 1.414777531148974106e+02
7.685890000000000555e+02 1.373518295834370235e+02
7.693350000000000364e+02 1.380716570529095293e+02
7.700819999999999936e+02 1.418979618765713724e+02
7.708279999999999745e+02 1.405345962798225514e+02
7.715739999999999554e+02 1.370372482782442205e+02
7.723210000000000264e+02 1.412690239220613364e+02
7.730670000000000073e+02 1.409376100706538182e+02
7.738129999999999882e+02 1.404461556827042159e+02
7.745589999999999691e+02 1.418261838672004274e+02
7.753049999999999500e+02 1.430170914275969665e+02
7.760510000000000446e+02 1.453307908962798081e+02
7.767960000000000491e+02 1.417544513863621205e+02
7.775420000000000300e+02 1.441435876659915891e+02
7.782880000000000109e+02 1.439565904128282909e+02
7.790330000000000155e+02 1.437693149466860234e+02
7.797789999999999964e+02 1.437071633976915450e+02
7.805240000000000009e+02 1.439761559810729636e+02
7.812690000000000055e+02 1.486273847239057488e+02
7.820149999999999864e+02 1.479316225560934868e+02
7.827599999999999909e+02 1.454481750490542993e+02
7.835049999999999955e+02 1.440820006762434673e+02
7.842500000000000000e+02 1.455961708560697616e+02
7.849950000000000045e+02 1.456049535701220918e+02
7.857390000000000327e+02 1.435026242337048075e+02
7.864840000000000373e+02 1.466732752759192522e+02
7.872290000000000418e+02 1.477444205587579233e+02
7.879729999999999563e+02 1.473155854551093000e+02
7.887179999999999609e+02 1.460896610944398333e+02
7.894619999999999891e+02 1.477821734306751864e+02
7.902069999999999936e+02 1.440323163610412394e+02
7.909510000000000218e+02 1.499350766015858483e+02
7.916950000000000500e+02 1.489670028788327159e+02
7.924389999999999645e+02 1.493894598028314817e+02
7.931829999999999927e+02 1.517969869999252523e+02
7.939270000000000209e+02 1.527662542211520815e+02
7.946710000000000491e+02 1.528798580515711478e+02
7.954149999999999636e+02 1.531275966710726095e+02
7.961589999999999918e+02 1.532834866762894137e+02
7.969020000000000437e+02 1.558733901304485698e+02
7.976459999999999582e+02 1.526906724549945693e+02
7.983890000000000100e+02 1.527969370940778617e+02
7.991330000000000382e+02 1.543453132448787812e+02
7.998759999999999764e+02 1.530055067581103856e+02
8.006190000000000282e+02 1.572797014163381846e+02
8.013630000000000564e+02 1.558864364484457781e+02
8.021059999999999945e+02 1.552949935769827050e+02
8.028490000000000464e+02 1.549814958544237129e+02
8.035919999999999845e+02 1.550774953724855152e+02
8.043350000000000364e+02 1.589418703239499564e+02
8.050769999999999982e+02 1.570571525779931790e+02
8.058200000000000500e+02 1.646915066187100933e+02
8.065629999999999882e+02 1.590706092779099947e+02
8.073049999999999500e+02 1.561783739927742545e+02
8.080480000000000018e+02 1.590102322157653987e+02
8.087899999999999636e+02 1.592864927992918354e+02
8.095330000000000155e+02 1.586660699616573993e+02
8.102749999999999773e+02 1.610836028360911314e+02
8.110170000000000528e+02 1.608785373149886766e+02
8.117590000000000146e+02 1.590630930060886783e+02
8.125009999999999764e+02 1.597593537936901953e+02
8.132430000000000518e+02 1.633163612605264916e+02
8.139850000000000136e+02 1.653410642230261089e+02
8.147269999999999754e+02 1.653699373476269443e+02
8.154679999999999609e+02 1.641008656381453079e+02
8.162100000000000364e+02 1.648764035794759195e+02
8.169510000000000218e+02 1.647562011840865352e+02
8.176929999999999836e+02 1.641427869055261226e+02
8.184339999999999691e+02 1.637803961019906183e+02
8.191760000000000446e+02 1.628876392963782678e+02
8.199170000000000300e+02 1.666259280249905714e+02
8.206580000000000155e+02 1.659504957315838567e+02
8.213990000000000009e+02 1.697621764718097381e+02
8.221399999999999864e+02 1.647222729951552651e+02
8.228809999999999718e+02 1.708612873565085692e+02
8.236219999999999573e+02 1.687004929870435035e+02
8.243630000000000564e+02 1.662022634650671478e+02
8.251029999999999518e+02 1.678906590969336889e+02
8.258440000000000509e+02 1.648885645164810683e+02
8.265839999999999463e+02 1.679526245307170882e+02
8.273250000000000455e+02 1.688479765752792900e+02
8.280650000000000546e+02 1.730569249896200290e+02
8.288049999999999500e+02 1.717586387427654415e+02
8.295460000000000491e+02 1.671868595844249228e+02
8.302859999999999445e+02 1.713494637379654648e+02
8.310259999999999536e+02 1.738675982432388594e+02
8.317659999999999627e+02 1.700742874258667428e+02
8.325059999999999718e+02 1.703166168383748982e+02
8.332459999999999809e+02 1.692860198479704934e+02
8.339850000000000136e+02 1.728863115365852252e+02
8.347250000000000227e+02 1.712058722273732769e+02
8.354650000000000318e+02 1.704787647689937558e+02
8.362039999999999509e+02 1.744866714699128920e+02
8.369439999999999600e+02 1.741023647979838529e+02
8.376829999999999927e+02 1.728309392114297793e+02
8.384220000000000255e+02 1.762780207024866286e+02
8.391609999999999445e+02 1.721480560831896582e+02
8.398999999999999773e+02 1.782244033079202268e+02
8.406390000000000100e+02 1.737047883083732813e+02
8.413780000000000427e+02 1.760883916090408263e+02
8.421169999999999618e+02 1.768943370885773163e+02
8.428559999999999945e+02 1.778707036233848271e+02
8.435950000000000273e+02 1.772735214341203687e+02
8.443339999999999463e+02 1.768459298906054187e+02
8.450720000000000027e+02 1.755737687535789178e+02
8.458110000000000355e+02 1.787557880470602072e+02
8.465489999999999782e+02 1.787090695471922857e+02
8.472870000000000346e+02 1.807583838530404705e+02
8.480259999999999536e+02 1.841690439029812296e+02
8.487640000000000100e+02 1.794577585048387220e+02
8.495019999999999527e+02 1.790392442826235424e+02
8.502400000000000091e+02 1.793863928103528451e+02
8.509779999999999518e+02 1.817228181552350748e+02
8.517160000000000082e+02 1.778750062528809792e+02
8.524529999999999745e+02 1.799528488832258404e+02
8.531910000000000309e+02 1.835902195647296367e+02
8.539289999999999736e+02 1.799618716509272645e+02
8.546660000000000537e+02 1.817480237269828081e+02
8.554039999999999964e+02 1.794416982195549792e+02
8.561409999999999627e+02 1.815451249107533442e+02
8.568790000000000191e+02 1.782489499626156544e+02
8.576159999999999854e+02 1.811360629808398812e+02
8.583529999999999518e+02 1.801003532015845963e+02
8.590900000000000318e+02 1.896322169878793318e+02
8.598269999999999982e+02 1.821479752271959001e+02
8.605639999999999645e+02 1.781908146530079762e+02
8.613010000000000446e+02 1.800399845115016149e+02
8.620380000000000109e+02 1.820848506724910862e+02
8.627740000000000009e+02 1.860181744930416130e+02
8.635109999999999673e+02 1.855062471636872488e+02
8.642469999999999573e+02 1.890441043700597277e+02
8.649840000000000373e+02 1.807094845345534964e+02
8.657200000000000273e+02 1.836260149564302253e+02
8.664569999999999936e+02 1.866839680961462591e+02
8.671929999999999836e+02 1.865170496941192653e+02
8.679289999999999736e+02 1.903536446548219487e+02
8.686649999999999636e+02 1.894232201312479447e+02
8.694009999999999536e+02 1.850924478361569641e+02
8.701369999999999436e+02 1.885681340118468938e+02
8.708730000000000473e+02 1.885165552145308823e+02
8.716079999999999472e+02 1.870052679252771384e+02
8.723440000000000509e+02 1.910517173697854787e+02
8.730800000000000409e+02 1.915784696161920238e+02
8.738150000000000546e+02 1.929283290191932281e+02
8.745510000000000446e+02 1.984992277241917975e+02
8.752859999999999445e+02 1.940551519749049874e+02
8.760209999999999582e+02 1.960925878745248383e+02
8.767569999999999482e+02 1.934696479750265325e+02
8.774919999999999618e+02 1.890045192582768721e+02
8.782269999999999754e+02 1.961496863536044657e+02
8.789619999999999891e+02 1.967521850884625678e+02
8.796970000000000027e+02 2.032265241564457767e+02
8.804310000000000400e+02 1.977796617813513080e+02
8.811660000000000537e+02 1.921806241490123455e+02
8.819009999999999536e+02 1.918495319905603367e+02
8.826349999999999909e+02 1.974760409907619305e+02
8.833700000000000045e+02 1.950446087077691004e+02
8.841040000000000418e+02 1.993540398646706819e+02
8.848390000000000555e+02 1.976596251857930895e+02
8.855729999999999791e+02 2.021247840009138770e+02
8.863070000000000164e+02 1.968895877143184237e+02
8.870410000000000537e+02 1.950781147446653279e+02
8.877749999999999773e+02 1.994646504668654927e+02
8.885090000000000146e+02 1.994023422092927547e+02
8.892430000000000518e+02 1.989799363451817840e+02
8.899769999999999754e+02 2.026351613352445895e+02
8.907110000000000127e+02 2.022555022056684777e+02
8.914439999999999600e+02 2.036726602810338989e+02
8.921779999999999973e+02 2.015041126917782890e+02
8.929109999999999445e+02 1.985585101967794515e+02
8.936449999999999818e+02 2.004625489700399328e+02
8.943780000000000427e+02 2.027005784467141041e+02
8.951109999999999900e+02 2.014126231802480618e+02
8.958440000000000509e+02 2.085202408097548243e+02
8.965769999999999982e+02 2.107110480100107566e+02
8.973099999999999454e+02 2.053021631012700539e+02
8.980430000000000064e+02 2.092819299628891088e+02
8.987759999999999536e+02 2.063883081643475350e+02
8.995090000000000146e+02 2.080079742866568893e+02
9.002419999999999618e+02 2.040550485012136903e+02
9.009740000000000464e+02 2.070694967938414948e+02
9.017069999999999936e+02 2.099679272944984803e+02
9.024389999999999645e+02 2.079582998382078927e+02
9.031720000000000255e+02 2.153652414900434167e+02
9.039039999999999964e+02 2.046195056847377600e+02
9.046359999999999673e+02 2.160777114156830123e+02
9.053680000000000518e+02 2.084609093516878318e+02
9.061000000000000227e+02 2.125240617189263332e+02
9.068319999999999936e+02 2.137901344275133795e+02
9.075639999999999645e+02 2.157336377347335770e+02
9.082960000000000491e+02 2.172285888283218753e+02
9.090280000000000200e+02 2.146301320843436429e+02
9.097599999999999909e+02 2.151726252572608473e+02
9.104909999999999854e+02 2.121828632216779909e+02
9.112229999999999563e+02 2.167246078286039506e+02
9.119539999999999509e+02 2.122780927931162580e+02
9.126860000000000355e+02 2.171391154380952173e+02
9.134170000000000300e+02 2.185569169369060489e+02
9.141480000000000246e+02 2.184904001220912733e+02
9.148790000000000191e+02 2.193711255772407185e+02
9.156100000000000136e+02 2.245088220651977338e+02
9.163410000000000082e+02 2.153758986956487433e+02
9.170720000000000027e+02 2.216859590764482562e+02
9.178029999999999973e+02 2.173523631097292537e+02
9.185339999999999918e+02 2.244539784723246783e+02
9.192640000000000100e+02 2.271450558914356463e+02
9.199950000000000045e+02 2.292295711610668150e+02
9.207250000000000227e+02 2.212244221998489309e+02
9.214560000000000173e+02 2.277965829909126114e+02
9.221860000000000355e+02 2.298776323007203644e+02
9.229160000000000537e+02 2.341705626745865061e+02
9.236470000000000482e+02 2.262225226309662389e+02
9.243769999999999527e+02 2.281205592148653523e+02
9.251069999999999709e+02 2.357206041081818455e+02
9.258369999999999891e+02 2.390844733291782234e+02
9.265670000000000073e+02 2.344908868249025886e+02
9.272960000000000491e+02 2.411877386873402713e+02
9.280259999999999536e+02 2.448434653953336237e+02
9.287559999999999718e+02 2.420240639651678975e+02
9.294850000000000136e+02 2.481827587830790094e+02
9.302150000000000318e+02 2.496223630241718752e+02
9.309439999999999600e+02 2.449718993370990745e+02
9.316730000000000018e+02 2.510714948028002027e+02
9.324030000000000200e+02 2.477849921040612173e+02
9.331319999999999482e+02 2.582552882670001395e+02
9.338609999999999900e+02 2.647913929486599613e+02
9.345900000000000318e+02 2.617745981880587465e+02
9.353189999999999600e+02 2.640750062073308868e+02
9.360480000000000018e+02 2.718535448070279017e+02
9.367770000000000437e+02 2.765448904046258463e+02
9.375049999999999955e+02 2.759787181461788919e+02
9.382340000000000373e+02 2.846340320645764450e+02
9.389619999999999891e+02 2.950892624923528160e+02
9.396910000000000309e+02 2.998212259048294186e+02
9.404189999999999827e+02 3.041966655897758187e+02
9.411480000000000246e+02 3.126582422606103364e+02
9.418759999999999764e+02 3.116122242717403310e+02
9.426040000000000418e+02 3.096847794682707899e+02
9.433319999999999936e+02 3.242672133432703845e+02
9.440599999999999454e+02 3.194496363778534942e+02
9.447880000000000109e+02 3.301130229639660456e+02
9.455159999999999627e+02 3.138565994680786275e+02
9.462430000000000518e+02 3.219254097495744986e+02
9.469710000000000036e+02 3.132988129313315540e+02
9.476989999999999554e+02 3.223968293210021443e+02
9.484260000000000446e+02 3.196655517430007762e+02
9.491539999999999964e+02 3.155529764530387524e+02
9.498809999999999718e+02 3.173504897998518004e+02
9.506079999999999472e+02 3.152369655498915222e+02
9.513360000000000127e+02 3.166337114569438995e+02
9.520629999999999882e+02 3.122436524488985015e+02
9.527899999999999636e+02 3.019665747283644919e+02
9.535170000000000528e+02 2.954986170100045797e+02
9.542440000000000282e+02 3.020634422211974197e+02
9.549700000000000273e+02 3.046594317416867170e+02
9.556970000000000027e+02 3.161667889258823720e+02
9.564239999999999782e+02 3.063024190336855099e+02
9.571499999999999773e+02 3.028299349555006756e+02
9.578769999999999527e+02 3.039918738739830246e+02
9.586029999999999518e+02 2.936958286723600509e+02
9.593300000000000409e+02 2.997618162827400283e+02
9.600560000000000400e+02 3.095663809899336343e+02
9.607820000000000391e+02 2.976843121452902778e+02
9.615080000000000382e+02 3.057697964178182133e+02
9.622340000000000373e+02 3.049126426077108363e+02
9.629600000000000364e+02 2.966298912397658682e+02
9.636860000000000355e+02 2.906123669781427452e+02
9.644120000000000346e+02 3.048241917818707520e+02
9.651369999999999436e+02 3.036238838426028224e+02
9.658630000000000564e+02 3.078335184943965146e+02
9.665890000000000555e+02 3.039094119137874372e+02
9.673139999999999645e+02 3.069227757343359713e+02
9.680399999999999636e+02 3.041882775747358210e+02
9.687649999999999864e+02 3.021929015810352439e+02
9.694900000000000091e+02 3.187942917768836537e+02
9.702150000000000318e+02 3.032665393155151605e+02
9.709400000000000546e+02 3.259223314645294067e+02
9.716649999999999636e+02 3.143523878261173081e+02
9.723899999999999864e+02 3.070841297691695786e+02
9.731150000000000091e+02 3.159570987986494401e+02
9.738400000000000318e+02 3.120972356747299727e+02
9.745650000000000546e+02 3.241998125987893218e+02
9.752889999999999873e+02 3.230780795450704090e+02
9.760140000000000100e+02 3.155604720870218785e+02
9.767380000000000564e+02 3.236835552677998180e+02
9.774629999999999654e+02 3.224383422663616443e+02
9.781870000000000118e+02 3.259739550948268061e+02
9.789109999999999445e+02 3.232875878851308471e+02
9.796349999999999909e+02 3.324323199276014975e+02
9.803590000000000373e+02 3.323216125636502056e+02
9.810829999999999700e+02 3.354860165149180489e+02
9.818070000000000164e+02 3.330432251861411146e+02
9.825309999999999491e+02 3.418254095428004575e+02
9.832549999999999955e+02 3.362222178661862699e+02
9.839779999999999518e+02 3.426926930989146172e+02
9.847019999999999982e+02 3.591745081009104297e+02
9.854249999999999545e+02 3.381854951253241666e+02
9.861490000000000009e+02 3.499728319738183018e+02
9.868719999999999573e+02 3.455596846937282862e+02
9.875960000000000036e+02 3.675471932794966392e+02
9.883189999999999600e+02 3.592015626261379566e+02
9.890420000000000300e+02 3.722543745145476350e+02
9.897649999999999864e+02 3.733754155603930940e+02
9.904880000000000564e+02 3.728155125058125918e+02
9.912110000000000127e+02 3.960394675866948546e+02
9.919339999999999691e+02 3.786368447141255729e+02
9.926559999999999491e+02 3.884558761903080608e+02
9.933790000000000191e+02 3.853152775754455774e+02
9.941009999999999991e+02 3.897261531909836663e+02
9.948239999999999554e+02 3.934842709808908694e+02
9.955460000000000491e+02 3.924569877631608961e+02
9.962690000000000055e+02 3.894332722876421826e+02
9.969909999999999854e+02 3.843336392867684026e+02
9.977129999999999654e+02 4.019002001483626714e+02
9.984349999999999454e+02 3.998600473723599862e+02
9.991570000000000391e+02 4.082693054789295957e+02
9.998790000000000191e+02 3.874689395645452237e+02
1.000600999999999999e+03 4.023320449904824727e+02
1.001322999999999979e+03 4.080265869399885901e+02
1.002043999999999983e+03 4.090589393543640995e+02
1.002765999999999963e+03 4.044053192315973888e+02
1.003488000000000056e+03 4.095334229653537363e+02
1.004208999999999946e+03 4.241176253527144127e+02
1.004929999999999950e+03 4.012656349139523968e+02
1.005652000000000044e+03 4.264882111336820003e+02
1.006373000000000047e+03 4.187212178484796254e+02
1.007094000000000051e+03 4.303758574763949696e+02
1.007815000000000055e+03 4.345385404379632064e+02
1.008535999999999945e+03 4.360764349121540704e+02
1.009256999999999948e+03 4.419221036913848479e+02
1.009977999999999952e+03 4.609592653744775248e+02
1.010698999999999955e+03 4.559796676032876803e+02
1.011418999999999983e+03 4.518234348137672214e+02
1.012139999999999986e+03 4.484473678646328949e+02
1.012860999999999990e+03 4.687224256399126148e+02
1.013581000000000017e+03 4.630591637644491243e+02
1.014301000000000045e+03 4.682588958757991691e+02
1.015022000000000048e+03 4.886337420783729044e+02
1.015741999999999962e+03 4.752624201788533469e+02
1.016461999999999989e+03 4.939276497127603420e+02
1.017182000000000016e+03 4.826915309024116709e+02
1.017902000000000044e+03 5.141687680398129032e+02
1.018621999999999957e+03 5.226596225705453662e+02
1.019341999999999985e+03 5.118865282885122951e+02
1.020061000000000035e+03 5.282190942435827310e+02
1.020780999999999949e+03 5.153614438737486125e+02
1.021500999999999976e+03 5.257350165263519557e+02
1.022220000000000027e+03 5.622818450109657533e+02
1.022940000000000055e+03 5.497913052049688076e+02
1.023658999999999992e+03 5.322354233063510947e+02
1.024377999999999929e+03 5.480224835492552984e+02
1.025096999999999980e+03 5.849054603379822765e+02
1.025816000000000031e+03 5.868072367148375861e+02
1.026535000000000082e+03 5.891051366811992693e+02
1.027253999999999905e+03 5.842525077859120302e+02
1.027972999999999956e+03 6.015043537257128037e+02
1.028692000000000007e+03 6.089335914282156637e+02
1.029411000000000058e+03 6.457893676007317936e+02
1.030128999999999905e+03 6.102931835298036276e+02
1.030847999999999956e+03 6.359166072979253386e+02
1.031566000000000031e+03 6.547732179028255359e+02
1.032285000000000082e+03 6.510734617917265723e+02
1.033002999999999929e+03 6.586427861954272203e+02
1.033721000000000004e+03 7.000485776612692916e+02
1.034439000000000078e+03 6.634870071046608473e+02
1.035157999999999902e+03 7.395265428459575787e+02
1.035875999999999976e+03 6.851051861872327891e+02
1.036593000000000075e+03 6.906298366426099165e+02
1.037310999999999922e+03 7.417543096118262156e+02
1.038028999999999996e+03 7.887167548943340307e+02
1.038747000000000071e+03 7.713543729642274229e+02
1.039463999999999942e+03 8.284429329129463895e+02
1.040182000000000016e+03 7.895082091803141111e+02
1.040898999999999887e+03 7.887721405282158003e+02
1.041616999999999962e+03 8.627345800070833093e+02
1.042334000000000060e+03 8.346223835965407716e+02
1.043050999999999931e+03 7.950080011318027573e+02
1.043768000000000029e+03 8.432450192185714286e+02
1.044484999999999900e+03 8.949410132775537932e+02
1.045201999999999998e+03 8.603345143571440303e+02
1.045919000000000096e+03 9.151365481539430675e+02
1.046635999999999967e+03 9.476625666181198540e+02
1.047353000000000065e+03 9.060007303927990279e+02
1.048068999999999960e+03 9.122969642906133458e+02
1.048786000000000058e+03 9.414846761676213873e+02
1.049502999999999929e+03 9.880409997637403876e+02
1.050219000000000051e+03 9.797804823174375315e+02
1.050934999999999945e+03 1.119088879125285757e+03
1.051652000000000044e+03 1.024858300177302908e+03
1.052367999999999938e+03 1.065696663644960609e+03
1.053084000000000060e+03 1.063715465734611826e+03
1.053799999999999955e+03 1.127934302472412810e+03
1.054516000000000076e+03 1.193857129899111214e+03
1.055231999999999971e+03 1.181583559414184720e+03
1.055946999999999889e+03 1.274508027933722133e+03
1.056663000000000011e+03 1.165404693443333599e+03
1.057378999999999905e+03 1.193351309898562249e+03
1.058094000000000051e+03 1.313818494872722795e+03
1.058809999999999945e+03 1.253510327551638738e+03
1.059525000000000091e+03 1.313377995010137056e+03
1.060240999999999985e+03 1.456304161350957429e+03
1.060955999999999904e+03 1.462254571323260961e+03
1.061671000000000049e+03 1.438730389755499800e+03
1.062385999999999967e+03 1.557087589479013559e+03
1.063101000000000113e+03 1.400446997903536612e+03
1.063816000000000031e+03 1.658918354472412375e+03
