2.828559999999999945e+02 -2.999604418196893385e-01
2.836510000000000105e+02 -3.251090407180151631e-01
2.844460000000000264e+02 -3.971403039024416493e-01
2.852409999999999854e+02 -5.632593011606726874e-01
2.860360000000000014e+02 -4.387390631840873412e-01
2.868310000000000173e+02 -8.302514547841804982e-01
2.876259999999999764e+02 -6.233728051563760530e-01
2.884209999999999923e+02 -9.154748592020295339e-01
2.892160000000000082e+02 -5.181310704690239577e-01
2.900099999999999909e+02 -5.807485573238373444e-01
2.908050000000000068e+02 -6.349391599324445412e-01
2.915989999999999895e+02 -7.800235903000156679e-01
2.923940000000000055e+02 -4.694231093352511097e-01
2.931879999999999882e+02 -4.772065293737696168e-01
2.939820000000000277e+02 -4.372042580235372955e-01
2.947769999999999868e+02 -4.006275370100654265e-01
2.955710000000000264e+02 -3.792803293653953522e-01
2.963650000000000091e+02 -2.953827371609841768e-01
2.971589999999999918e+02 -2.857746319503784993e-01
2.979529999999999745e+02 -1.486266482309435977e-01
2.987459999999999809e+02 -1.313359606431560855e-01
2.995400000000000205e+02 -4.825881759124039244e-02
3.003340000000000032e+02 3.572212856538706932e-02
3.011270000000000095e+02 1.302886250236201804e-01
3.019209999999999923e+02 2.359850072286523437e-01
3.027139999999999986e+02 3.679681320561892788e-01
3.035070000000000050e+02 5.176407647826942737e-01
3.043009999999999877e+02 6.921114661140629343e-01
3.050939999999999941e+02 9.844901246960725549e-01
3.058870000000000005e+02 9.049746707585594185e-01
3.066800000000000068e+02 9.480523169680267204e-01
3.074730000000000132e+02 1.236261981580343061e+00
3.082660000000000196e+02 1.712877474977912096e+00
3.090590000000000259e+02 1.725380217864183718e+00
3.098509999999999991e+02 1.758723491757875568e+00
3.106440000000000055e+02 2.034919253563294728e+00
3.114370000000000118e+02 1.634553672077742714e+00
3.122289999999999850e+02 2.636050860065875412e+00
3.130210000000000150e+02 2.916493639338090471e+00
3.138140000000000214e+02 2.477088203588063475e+00
3.146059999999999945e+02 2.972948548576679340e+00
3.153980000000000246e+02 2.745300457672258165e+00
3.161899999999999977e+02 3.881255612714216152e+00
3.169820000000000277e+02 4.307424718109168715e+00
3.177740000000000009e+02 4.043307741095763852e+00
3.185659999999999741e+02 5.626888003233491808e+00
3.193580000000000041e+02 5.890966636626912667e+00
3.201499999999999773e+02 4.615332526551949144e+00
3.209409999999999741e+02 8.441592969226084264e+00
3.217330000000000041e+02 6.671342580417685575e+00
3.225240000000000009e+02 6.308008113641942138e+00
3.233159999999999741e+02 1.024708901983747467e+01
3.241070000000000277e+02 7.795071017488476528e+00
3.248980000000000246e+02 1.034771438880517280e+01
3.256899999999999977e+02 1.140699778691258715e+01
3.264809999999999945e+02 8.442706709040630031e+00
3.272719999999999914e+02 9.758950013211125096e+00
3.280629999999999882e+02 9.721509328175800491e+00
3.288539999999999850e+02 1.347223736876169298e+01
3.296440000000000055e+02 1.373426272416825888e+01
3.304350000000000023e+02 1.080015429609296795e+01
3.312259999999999991e+02 1.370716731722791693e+01
3.320160000000000196e+02 1.337483583358397965e+01
3.328070000000000164e+02 1.070025394753951531e+01
3.335969999999999800e+02 1.906114220246003299e+01
3.343879999999999768e+02 1.314196940865775431e+01
3.351779999999999973e+02 1.577249670535414339e+01
3.359680000000000177e+02 1.117183003382569773e+01
3.367579999999999814e+02 1.975613667415737496e+01
3.375480000000000018e+02 1.799038028346101470e+01
3.383380000000000223e+02 1.692991814406926210e+01
3.391279999999999859e+02 2.079540066162901368e+01
3.399180000000000064e+02 1.769806010527557305e+01
3.407080000000000268e+02 3.254240633054410381e+01
3.414970000000000141e+02 1.989720783745212529e+01
3.422869999999999777e+02 2.041978062109387793e+01
3.430760000000000218e+02 2.153297903321981721e+01
3.438659999999999854e+02 1.820258586103339482e+01
3.446549999999999727e+02 3.080422737179302928e+01
3.454440000000000168e+02 2.599981379777108259e+01
3.462330000000000041e+02 2.668136493284701416e+01
3.470230000000000246e+02 3.235874340042594355e+01
3.478120000000000118e+02 2.551657275987926710e+01
3.486009999999999991e+02 2.562987576193754080e+01
3.493890000000000100e+02 3.393192635847405825e+01
3.501779999999999973e+02 2.333379512408879108e+01
3.509669999999999845e+02 3.578142484807607104e+01
3.517559999999999718e+02 3.074410841227475899e+01
3.525439999999999827e+02 5.070995121924364923e+01
3.533330000000000268e+02 2.326390658476315920e+01
3.541209999999999809e+02 3.975107167874376302e+01
3.549089999999999918e+02 7.472255121940553124e+01
3.556979999999999791e+02 3.133342969663864963e+01
3.564859999999999900e+02 4.800880507954230580e+01
3.572740000000000009e+02 4.088472482930412610e+01
3.580620000000000118e+02 4.696326354916755008e+01
3.588500000000000227e+02 4.354331832532781021e+01
3.596379999999999768e+02 6.204554613369521832e+01
3.604259999999999877e+02 3.639606908436456223e+01
3.612130000000000223e+02 3.321571832498546684e+01
3.620009999999999764e+02 4.012183422811472155e+01
3.627889999999999873e+02 6.015927747556621341e+01
3.635760000000000218e+02 3.414743425293438150e+01
3.643639999999999759e+02 6.987032453549389288e+01
3.651510000000000105e+02 4.117914306573834438e+01
3.659379999999999882e+02 4.415877531336828810e+01
3.667250000000000227e+02 4.443076352553482877e+01
3.675120000000000005e+02 4.185735240423070280e+01
3.683000000000000114e+02 7.834469316817556717e+01
3.690860000000000127e+02 4.455827744374148125e+01
3.698729999999999905e+02 5.495830176912919995e+01
3.706600000000000250e+02 3.797450659146889507e+01
3.714470000000000027e+02 4.060545175161304599e+01
3.722339999999999804e+02 5.549600368087106972e+01
3.730199999999999818e+02 4.614939085460850521e+01
3.738070000000000164e+02 7.331073996462299647e+01
3.745930000000000177e+02 5.739928419142491833e+01
3.753790000000000191e+02 6.051365321912642514e+01
3.761659999999999968e+02 4.707671052046903526e+01
3.769519999999999982e+02 9.047742939348856339e+01
3.777379999999999995e+02 5.858755893961328809e+01
3.785240000000000009e+02 7.875610327700546520e+01
3.793100000000000023e+02 5.397901103377283505e+01
3.800960000000000036e+02 1.141266056947216043e+02
3.808820000000000050e+02 6.295947814197724313e+01
3.816669999999999732e+02 5.841190642336708549e+01
3.824529999999999745e+02 7.426607047513790860e+01
3.832389999999999759e+02 4.593805186728789636e+01
3.840240000000000009e+02 8.854374929215663315e+01
3.848100000000000023e+02 2.013618324044927022e+02
3.855950000000000273e+02 9.968550780962567615e+01
3.863799999999999955e+02 8.627331325659160655e+01
3.871650000000000205e+02 7.160317513040558879e+01
3.879499999999999886e+02 1.020615301625122697e+02
3.887350000000000136e+02 1.096099446831287452e+02
3.895199999999999818e+02 7.737349934107075455e+01
3.903050000000000068e+02 7.697295372164373362e+01
3.910899999999999750e+02 1.570588437157091732e+02
3.918750000000000000e+02 1.022622739100992817e+02
3.926600000000000250e+02 6.892184291761488169e+01
3.934440000000000168e+02 9.382275904702902380e+01
3.942289999999999850e+02 8.217213128640594277e+01
3.950129999999999768e+02 8.884824587918571126e+01
3.957970000000000255e+02 9.243669608492670875e+01
3.965819999999999936e+02 9.356970742459030532e+01
3.973659999999999854e+02 8.234592437921224928e+01
3.981499999999999773e+02 1.046566287880516199e+02
3.989340000000000259e+02 9.969135193622207680e+01
3.997180000000000177e+02 1.216832339017067142e+02
4.005020000000000095e+02 1.213622907054010085e+02
4.012860000000000014e+02 1.480974733977377014e+02
4.020690000000000168e+02 1.219699234358154882e+02
4.028530000000000086e+02 1.531819456406656172e+02
4.036370000000000005e+02 1.545576552758548701e+02
4.044200000000000159e+02 1.125484911204774505e+02
4.052029999999999745e+02 1.137921318470668410e+02
4.059870000000000232e+02 1.057341841733611005e+02
4.067699999999999818e+02 8.057754531024450273e+01
4.075529999999999973e+02 1.073393328001306912e+02
4.083360000000000127e+02 1.096358471517074236e+02
4.091190000000000282e+02 9.324952271130430859e+01
4.099019999999999868e+02 1.289998334334079573e+02
4.106850000000000023e+02 1.053003579058133994e+02
4.114680000000000177e+02 1.211035499421778496e+02
4.122509999999999764e+02 9.834138763833648511e+01
4.130330000000000155e+02 1.089059827520019610e+02
4.138159999999999741e+02 9.353327895759356636e+01
4.145989999999999895e+02 1.101173273661054424e+02
4.153809999999999718e+02 1.033762446402147930e+02
4.161630000000000109e+02 9.006952126444858209e+01
4.169460000000000264e+02 1.326098251413248477e+02
4.177280000000000086e+02 1.012019378939009187e+02
4.185099999999999909e+02 1.107905568507556637e+02
4.192919999999999732e+02 9.655945204425105999e+01
4.200740000000000123e+02 1.377256497383055773e+02
4.208559999999999945e+02 1.426352074649034876e+02
4.216379999999999768e+02 1.134253839330636282e+02
4.224189999999999827e+02 1.039630420068182985e+02
4.232010000000000218e+02 1.196782643202766536e+02
4.239830000000000041e+02 1.164704111024711750e+02
4.247640000000000100e+02 1.126842844005159066e+02
4.255450000000000159e+02 1.165012422920719501e+02
4.263269999999999982e+02 1.130563615513654128e+02
4.271080000000000041e+02 1.206016015282211953e+02
4.278890000000000100e+02 1.411895828275716838e+02
4.286700000000000159e+02 9.033751052373774826e+01
4.294510000000000218e+02 1.744474162595408302e+02
4.302320000000000277e+02 1.783475813102078860e+02
4.310129999999999768e+02 1.478048103269127012e+02
4.317939999999999827e+02 1.022591523666312128e+02
4.325749999999999886e+02 1.161128594538070331e+02
4.333550000000000182e+02 1.582637355026088812e+02
4.341360000000000241e+02 1.075739046831363908e+02
4.349159999999999968e+02 1.228749778205795309e+02
4.356970000000000027e+02 1.235321247845615318e+02
4.364769999999999754e+02 1.171885287300581098e+02
4.372570000000000050e+02 9.522610784469976863e+01
4.380380000000000109e+02 1.183773761570818834e+02
4.388179999999999836e+02 1.151961710744322005e+02
4.395980000000000132e+02 1.508840466234665314e+02
4.403779999999999859e+02 1.183278973079932967e+02
4.411580000000000155e+02 1.266570673252826538e+02
4.419370000000000118e+02 1.314257025634281888e+02
4.427169999999999845e+02 1.121862967282385029e+02
4.434970000000000141e+02 1.389381380626319640e+02
4.442760000000000105e+02 1.504278020192772942e+02
4.450559999999999832e+02 1.311724952652226079e+02
4.458349999999999795e+02 1.263792560703055585e+02
4.466150000000000091e+02 1.446954808519024311e+02
4.473940000000000055e+02 1.618478135953022843e+02
4.481730000000000018e+02 1.417669530369842619e+02
4.489519999999999982e+02 1.165868932264044275e+02
4.497309999999999945e+02 1.277499025722948858e+02
4.505099999999999909e+02 1.288469899023243102e+02
4.512889999999999873e+02 1.369982543111966606e+02
4.520679999999999836e+02 1.196000618840888023e+02
4.528469999999999800e+02 1.172055261051821020e+02
4.536250000000000000e+02 1.348989407964456007e+02
4.544039999999999964e+02 1.317577873377594528e+02
4.551820000000000164e+02 1.417184698480822362e+02
4.559610000000000127e+02 1.315910509876821664e+02
4.567389999999999759e+02 1.344000054169510463e+02
4.575169999999999959e+02 1.567837606502741039e+02
4.582959999999999923e+02 1.201011119415542652e+02
4.590740000000000123e+02 1.518370073660180708e+02
4.598519999999999754e+02 1.403064469909973866e+02
4.606299999999999955e+02 1.419845884066419046e+02
4.614069999999999823e+02 1.308002850752316135e+02
4.621850000000000023e+02 1.231770190058554846e+02
4.629630000000000223e+02 1.482260327686291816e+02
4.637409999999999854e+02 1.278924805523210040e+02
4.645179999999999723e+02 1.340978525670970214e+02
4.652959999999999923e+02 1.519129696171212345e+02
4.660729999999999791e+02 1.285861936136440136e+02
4.668500000000000227e+02 1.367763408314211802e+02
4.676279999999999859e+02 1.339840625705604111e+02
4.684049999999999727e+02 1.293264683685814589e+02
4.691820000000000164e+02 1.635141037765976080e+02
4.699590000000000032e+02 1.372461302461329637e+02
4.707359999999999900e+02 1.337484373581651766e+02
4.715129999999999768e+02 1.484813937129194699e+02
4.722900000000000205e+02 1.326165939816168589e+02
4.730659999999999741e+02 1.269316561727307118e+02
4.738430000000000177e+02 1.306907483908482845e+02
4.746200000000000045e+02 1.739447427684846730e+02
4.753960000000000150e+02 1.364663045569526503e+02
4.761720000000000255e+02 1.300808480120154513e+02
4.769490000000000123e+02 1.323473937871749229e+02
4.777250000000000227e+02 1.200981245764041603e+02
4.785009999999999764e+02 1.295826585138396183e+02
4.792769999999999868e+02 1.280695527326110152e+02
4.800529999999999973e+02 1.183596534569474841e+02
4.808290000000000077e+02 1.368061515652719606e+02
4.816050000000000182e+02 1.224277182943072972e+02
4.823809999999999718e+02 1.447402409309264328e+02
4.831569999999999823e+02 1.264206313608634389e+02
4.839320000000000164e+02 1.416424213082387951e+02
4.847080000000000268e+02 1.323004402372958168e+02
4.854830000000000041e+02 1.367708787317606038e+02
4.862590000000000146e+02 1.330756410911904482e+02
4.870339999999999918e+02 1.418751945293993231e+02
4.878090000000000259e+02 1.301014895736509231e+02
4.885840000000000032e+02 1.346244515969096369e+02
4.893600000000000136e+02 1.192332803623890811e+02
4.901349999999999909e+02 1.262119909877674360e+02
4.909100000000000250e+02 1.418832018943091953e+02
4.916840000000000259e+02 1.293585874296754525e+02
4.924590000000000032e+02 1.420141008775686373e+02
4.932339999999999804e+02 1.500521502040886332e+02
4.940090000000000146e+02 1.219291594762716926e+02
4.947830000000000155e+02 1.404360756760100344e+02
4.955579999999999927e+02 1.395461094726427689e+02
4.963319999999999936e+02 1.215183716221681323e+02
4.971059999999999945e+02 1.138385441543661045e+02
4.978809999999999718e+02 1.192844869436107302e+02
4.986549999999999727e+02 1.289916994667946710e+02
4.994289999999999736e+02 1.265616893306425794e+02
5.002029999999999745e+02 1.266803940262749961e+02
5.009769999999999754e+02 1.356358658350408462e+02
5.017509999999999764e+02 1.343644469216193045e+02
5.025240000000000009e+02 1.336901949309062161e+02
5.032980000000000018e+02 1.342240922203962157e+02
5.040720000000000027e+02 1.268823092303245232e+02
5.048450000000000273e+02 1.311896020330244994e+02
5.056190000000000282e+02 1.332934069451857511e+02
5.063919999999999959e+02 1.249956454133175043e+02
5.071650000000000205e+02 1.298281836912138090e+02
5.079390000000000214e+02 1.336514533712364994e+02
5.087119999999999891e+02 1.375476585140704060e+02
5.094850000000000136e+02 1.220797977504758620e+02
5.102579999999999814e+02 1.388620426469256586e+02
5.110310000000000059e+02 1.257420829768702504e+02
5.118039999999999736e+02 1.280701266529594591e+02
5.125769999999999982e+02 1.289751489476734605e+02
5.133490000000000464e+02 1.265719945311067391e+02
5.141219999999999573e+02 1.215565024930417195e+02
5.148940000000000055e+02 1.128959151752351744e+02
5.156670000000000300e+02 1.284260851210983958e+02
5.164389999999999645e+02 1.194629953102379432e+02
5.172119999999999891e+02 1.223650380123646357e+02
5.179840000000000373e+02 1.174104269957279740e+02
5.187559999999999718e+02 1.236592908029250566e+02
5.195280000000000200e+02 1.282737780719687066e+02
5.202999999999999545e+02 1.210903567420506448e+02
5.210720000000000027e+02 1.192753653550062012e+02
5.218440000000000509e+02 1.201478687999610884e+02
5.226159999999999854e+02 1.235724341278093874e+02
5.233869999999999436e+02 1.214721258892885913e+02
5.241589999999999918e+02 1.193020051087051172e+02
5.249310000000000400e+02 1.247287300673803117e+02
5.257019999999999982e+02 1.208465191109444845e+02
5.264729999999999563e+02 1.261957807554147308e+02
5.272450000000000045e+02 1.222784599133675272e+02
5.280159999999999627e+02 1.213773525985993871e+02
5.287870000000000346e+02 1.220011169896881853e+02
5.295579999999999927e+02 1.180717701136476734e+02
5.303289999999999509e+02 1.186832244637985667e+02
5.311000000000000227e+02 1.217961809354825107e+02
5.318709999999999809e+02 1.184510885913638987e+02
5.326420000000000528e+02 1.200829897789978133e+02
5.334120000000000346e+02 1.176123987053615849e+02
5.341829999999999927e+02 1.167285395175688620e+02
5.349539999999999509e+02 1.216422064390791746e+02
5.357240000000000464e+02 1.271453502497480059e+02
5.364940000000000282e+02 1.166617940262163131e+02
5.372649999999999864e+02 1.212567100200475636e+02
5.380349999999999682e+02 1.183464366555305105e+02
5.388049999999999500e+02 1.160907419541683652e+02
5.395750000000000455e+02 1.149699345663610472e+02
5.403450000000000273e+02 1.132997904853229301e+02
5.411150000000000091e+02 1.270211968028950054e+02
5.418849999999999909e+02 1.154048287814921281e+02
5.426549999999999727e+02 1.111118657759196111e+02
5.434239999999999782e+02 1.113323154956780883e+02
5.441939999999999600e+02 1.195978441105438463e+02
5.449640000000000555e+02 1.168264587868330295e+02
5.457329999999999472e+02 1.134806888718922124e+02
5.465019999999999527e+02 1.230258947727857759e+02
5.472720000000000482e+02 1.163583690880981294e+02
5.480410000000000537e+02 1.175072018908182088e+02
5.488099999999999454e+02 1.127892614411631342e+02
5.495789999999999509e+02 1.200642575267775669e+02
5.503479999999999563e+02 1.184775182060146079e+02
5.511169999999999618e+02 1.163036645780733807e+02
5.518859999999999673e+02 1.153636069326773566e+02
5.526549999999999727e+02 1.165503707651733833e+02
5.534230000000000018e+02 1.185315792761226561e+02
5.541920000000000073e+02 1.088247431067541271e+02
5.549600000000000364e+02 1.147268375650032510e+02
5.557290000000000418e+02 1.135806994003590802e+02
5.564969999999999573e+02 1.093626399447300201e+02
5.572659999999999627e+02 1.134660380498771701e+02
5.580339999999999918e+02 1.128342415290226199e+02
5.588020000000000209e+02 1.156303528573883170e+02
5.595700000000000500e+02 1.091582969103396010e+02
5.603379999999999654e+02 1.128445571099571794e+02
5.611059999999999945e+02 1.072996290025656805e+02
5.618740000000000236e+02 1.144504845069248944e+02
5.626409999999999627e+02 1.129378464277017429e+02
5.634089999999999918e+02 1.108796226230786743e+02
5.641770000000000209e+02 1.143348627399263506e+02
5.649439999999999600e+02 1.064675522265767285e+02
5.657119999999999891e+02 1.114342663645460050e+02
5.664790000000000418e+02 1.108181042527966440e+02
5.672459999999999809e+02 1.114169486818111352e+02
5.680140000000000100e+02 1.125416344297996005e+02
5.687809999999999491e+02 1.098844991003742280e+02
5.695480000000000018e+02 1.094428620483120795e+02
5.703150000000000546e+02 1.092379286114119452e+02
5.710819999999999936e+02 1.161426064297453138e+02
5.718479999999999563e+02 1.153697063603115822e+02
5.726150000000000091e+02 1.072097467989819961e+02
5.733819999999999482e+02 1.118814905351212303e+02
5.741480000000000246e+02 1.081129558433332960e+02
5.749149999999999636e+02 1.127375882633894548e+02
5.756810000000000400e+02 1.128126929377517342e+02
5.764479999999999791e+02 1.117390191524528262e+02
5.772140000000000555e+02 1.139294764129521269e+02
5.779800000000000182e+02 1.127425791478772510e+02
5.787459999999999809e+02 1.130140971061875774e+02
5.795119999999999436e+02 1.104805051642698999e+02
5.802780000000000200e+02 1.118176698996364991e+02
5.810439999999999827e+02 1.158129347810371854e+02
5.818099999999999454e+02 1.126084822304939053e+02
5.825760000000000218e+02 1.111566350452625187e+02
5.833410000000000082e+02 1.112997258492718231e+02
5.841069999999999709e+02 1.099337775252296581e+02
5.848730000000000473e+02 1.084999945416749227e+02
5.856380000000000337e+02 1.088509925638939677e+02
5.864030000000000200e+02 1.085686072556497805e+02
5.871689999999999827e+02 1.066486193260653579e+02
5.879339999999999691e+02 1.129043260029929598e+02
5.886989999999999554e+02 1.118931909062399370e+02
5.894640000000000555e+02 1.074317765613787543e+02
5.902290000000000418e+02 1.079376167775467081e+02
5.909940000000000282e+02 1.135639608513687762e+02
5.917590000000000146e+02 1.095904873284547705e+02
5.925230000000000246e+02 1.043795179285714028e+02
5.932880000000000109e+02 1.110028812929393069e+02
5.940529999999999973e+02 1.069026052097729007e+02
5.948170000000000073e+02 1.100162468068022719e+02
5.955819999999999936e+02 1.058267665974580041e+02
5.963460000000000036e+02 1.043211237251531287e+02
5.971100000000000136e+02 1.113752037726852961e+02
5.978740000000000236e+02 1.106235360583190612e+02
5.986380000000000337e+02 1.086362485846025692e+02
5.994030000000000200e+02 1.088033390466919315e+02
6.001660000000000537e+02 1.107564680111067759e+02
6.009299999999999500e+02 1.148715002250419701e+02
6.016939999999999600e+02 1.099012813877225199e+02
6.024579999999999700e+02 1.098519258041541349e+02
6.032219999999999800e+02 1.106996844459510498e+02
6.039850000000000136e+02 1.051453805729831998e+02
6.047490000000000236e+02 1.079761394631736238e+02
6.055119999999999436e+02 1.116489764692394999e+02
6.062749999999999773e+02 1.102809471046926006e+02
6.070389999999999873e+02 1.057374521150938875e+02
6.078020000000000209e+02 1.075576494360109479e+02
6.085650000000000546e+02 1.078876511737048247e+02
6.093279999999999745e+02 1.109248636686677543e+02
6.100910000000000082e+02 1.103628364201366594e+02
6.108540000000000418e+02 1.125226045781612498e+02
6.116169999999999618e+02 1.112237387813854497e+02
6.123790000000000191e+02 1.063895200146502873e+02
6.131420000000000528e+02 1.071050915063239870e+02
6.139039999999999964e+02 1.109103466741723309e+02
6.146670000000000300e+02 1.091921880026950760e+02
6.154289999999999736e+02 1.064561450375132665e+02
6.161920000000000073e+02 1.079945239966856008e+02
6.169539999999999509e+02 1.068738725338697151e+02
6.177160000000000082e+02 1.088299372288390146e+02
6.184779999999999518e+02 1.058694086832702368e+02
6.192400000000000091e+02 1.093788159277435881e+02
6.200019999999999527e+02 1.114379331282663941e+02
6.207640000000000100e+02 1.134563369727501509e+02
6.215259999999999536e+02 1.092205980368775471e+02
6.222870000000000346e+02 1.097323905877328940e+02
6.230489999999999782e+02 1.039021148504063774e+02
6.238110000000000355e+02 1.090632545915252365e+02
6.245720000000000027e+02 1.073611364705027427e+02
6.253339999999999463e+02 1.079206825601985145e+02
6.260950000000000273e+02 1.075067599153832276e+02
6.268559999999999945e+02 1.109612614871970777e+02
6.276169999999999618e+02 1.081520005741662800e+02
6.283780000000000427e+02 1.086606519017489205e+02
6.291390000000000100e+02 1.100666068690932207e+02
6.298999999999999773e+02 1.064444999852426434e+02
6.306609999999999445e+02 1.071062695133000489e+02
6.314220000000000255e+02 1.063333290873330128e+02
6.321829999999999927e+02 1.089796703175956338e+02
6.329429999999999836e+02 1.072217752115513179e+02
6.337039999999999509e+02 1.080899087768927700e+02
6.344640000000000555e+02 1.075179199727137842e+02
6.352250000000000227e+02 1.074133323101725921e+02
6.359850000000000136e+02 1.062814232308486453e+02
6.367450000000000045e+02 1.052008394510215652e+02
6.375049999999999955e+02 1.047540162881525703e+02
6.382649999999999864e+02 1.073445627696748232e+02
6.390249999999999773e+02 1.081031363730625969e+02
6.397849999999999682e+02 1.073581286661522967e+02
6.405449999999999591e+02 1.104004609994710222e+02
6.413049999999999500e+02 1.058536326992659582e+02
6.420650000000000546e+02 1.083593226519512598e+02
6.428239999999999554e+02 1.070758334236677740e+02
6.435839999999999463e+02 1.055792669925522915e+02
6.443429999999999609e+02 1.074203380332809559e+02
6.451029999999999518e+02 1.089432916919862464e+02
6.458619999999999663e+02 1.063043232504376476e+02
6.466209999999999809e+02 1.069001276454392553e+02
6.473799999999999955e+02 1.090353785914076354e+02
6.481390000000000100e+02 1.071135893716320169e+02
6.488980000000000246e+02 1.094622361420922090e+02
6.496570000000000391e+02 1.076724334961585896e+02
6.504160000000000537e+02 1.069988943168089577e+02
6.511749999999999545e+02 1.076213878626855376e+02
6.519339999999999691e+02 1.075660532958508924e+02
6.526920000000000073e+02 1.106554719952323325e+02
6.534510000000000218e+02 1.090464751566113080e+02
6.542089999999999463e+02 1.065283878027570665e+02
6.549679999999999609e+02 1.091153437473127354e+02
6.557259999999999991e+02 1.087394999886807767e+02
6.564840000000000373e+02 1.088117426367606413e+02
6.572419999999999618e+02 1.067428157101605279e+02
6.580000000000000000e+02 1.097307265702285406e+02
6.587580000000000382e+02 1.067995106484305268e+02
6.595159999999999627e+02 1.079342784953592371e+02
6.602740000000000009e+02 1.097014940795142053e+02
6.610320000000000391e+02 1.077771816113332051e+02
6.617889999999999873e+02 1.079962891549941304e+02
6.625470000000000255e+02 1.079176282931122870e+02
6.633039999999999736e+02 1.056325473917394930e+02
6.640620000000000118e+02 1.062932810356297750e+02
6.648189999999999600e+02 1.088681280297224276e+02
6.655769999999999982e+02 1.084156439907348499e+02
6.663339999999999463e+02 1.087980807839771416e+02
6.670910000000000082e+02 1.084593328684631643e+02
6.678479999999999563e+02 1.065989803985622331e+02
6.686050000000000182e+02 1.102684130242904530e+02
6.693619999999999663e+02 1.111683095593880637e+02
6.701190000000000282e+02 1.091885589941457795e+02
6.708750000000000000e+02 1.095128094550661899e+02
6.716319999999999482e+02 1.115665873074096055e+02
6.723890000000000100e+02 1.085726790688257637e+02
6.731449999999999818e+02 1.081935442852687714e+02
6.739020000000000437e+02 1.101292622574262623e+02
6.746580000000000155e+02 1.117624464015353567e+02
6.754139999999999873e+02 1.129898909601752592e+02
6.761699999999999591e+02 1.104583572514907956e+02
6.769260000000000446e+02 1.119929798792288835e+02
6.776829999999999927e+02 1.087946074084317303e+02
6.784379999999999882e+02 1.097387710258658586e+02
6.791939999999999600e+02 1.106584526726809372e+02
6.799500000000000455e+02 1.098271695777392409e+02
6.807060000000000173e+02 1.090142311049791886e+02
6.814619999999999891e+02 1.083054709466608330e+02
6.822169999999999845e+02 1.115405909103067756e+02
6.829729999999999563e+02 1.117032924668113623e+02
6.837279999999999518e+02 1.125088883726663056e+02
6.844829999999999472e+02 1.125063685800564599e+02
6.852390000000000327e+02 1.125055511164113682e+02
6.859940000000000282e+02 1.101409096132567242e+02
6.867490000000000236e+02 1.142668980003030583e+02
6.875040000000000191e+02 1.123641572922282705e+02
6.882590000000000146e+02 1.105712656438991672e+02
6.890140000000000100e+02 1.130090921670268074e+02
6.897690000000000055e+02 1.121305856908760887e+02
6.905230000000000246e+02 1.137138735098837543e+02
6.912780000000000200e+02 1.114258420999719306e+02
6.920320000000000391e+02 1.127869463083825110e+02
6.927870000000000346e+02 1.136642593441844724e+02
6.935410000000000537e+02 1.137657050145884625e+02
6.942960000000000491e+02 1.157656087769399420e+02
6.950499999999999545e+02 1.131288225910266902e+02
6.958039999999999736e+02 1.130042385984392723e+02
6.965579999999999927e+02 1.133251136989789103e+02
6.973120000000000118e+02 1.134341822352654532e+02
6.980660000000000309e+02 1.149808821947723771e+02
6.988200000000000500e+02 1.164320193012978706e+02
6.995739999999999554e+02 1.153479982600173344e+02
7.003279999999999745e+02 1.146316641232771190e+02
7.010810000000000173e+02 1.162499014753791329e+02
7.018350000000000364e+02 1.222570974321237003e+02
7.025879999999999654e+02 1.153033917943282489e+02
7.033419999999999845e+02 1.156920159808528439e+02
7.040950000000000273e+02 1.169189418967281995e+02
7.048479999999999563e+02 1.168741988667468235e+02
7.056009999999999991e+02 1.157150480477586143e+02
7.063540000000000418e+02 1.155188563354323890e+02
7.071069999999999709e+02 1.170771975775108729e+02
7.078600000000000136e+02 1.157345138638944491e+02
7.086130000000000564e+02 1.176537770063719393e+02
7.093659999999999854e+02 1.176525613751177417e+02
7.101190000000000282e+02 1.156443054906298755e+02
7.108709999999999809e+02 1.160186042910363398e+02
7.116240000000000236e+02 1.189279234101543352e+02
7.123759999999999764e+02 1.184716370648206407e+02
7.131290000000000191e+02 1.174158641857712269e+02
7.138809999999999718e+02 1.174224210027001618e+02
7.146330000000000382e+02 1.174830092059997924e+02
7.153849999999999909e+02 1.167729577521208313e+02
7.161369999999999436e+02 1.174128487554702360e+02
7.168890000000000100e+02 1.182159183788290164e+02
7.176409999999999627e+02 1.183131795591408633e+02
7.183930000000000291e+02 1.217927051467758446e+02
7.191449999999999818e+02 1.203550171796745900e+02
7.198970000000000482e+02 1.190491728269228418e+02
7.206480000000000246e+02 1.219774224727736112e+02
7.213999999999999773e+02 1.217009204606772954e+02
7.221509999999999536e+02 1.227965853791290414e+02
7.229030000000000200e+02 1.191934331743607629e+02
7.236539999999999964e+02 1.222582600570840299e+02
7.244049999999999727e+02 1.202895597688858942e+02
7.251559999999999491e+02 1.236129884311429379e+02
7.259070000000000391e+02 1.224646514936953849e+02
7.266580000000000155e+02 1.223387531124340342e+02
7.274089999999999918e+02 1.227786758228638462e+02
7.281599999999999682e+02 1.218388909187850260e+02
7.289109999999999445e+02 1.226179827687891191e+02
7.296609999999999445e+02 1.231459926882065048e+02
7.304120000000000346e+02 1.199940640295493495e+02
7.311620000000000346e+02 1.226412439028166403e+02
7.319130000000000109e+02 1.237824990878565501e+02
7.326630000000000109e+02 1.196136712046617845e+02
7.334139999999999873e+02 1.186999671963943968e+02
7.341639999999999873e+02 1.215743537912642296e+02
7.349139999999999873e+02 1.210417905908293221e+02
7.356639999999999873e+02 1.189860615426911323e+02
7.364139999999999873e+02 1.218287018502687289e+02
7.371639999999999873e+02 1.230019955936671607e+02
7.379139999999999873e+02 1.197807006026858261e+02
7.386630000000000109e+02 1.249400256493043599e+02
7.394130000000000109e+02 1.213236223329975303e+02
7.401630000000000109e+02 1.236772713624648645e+02
7.409120000000000346e+02 1.194950846410945502e+02
7.416609999999999445e+02 1.242461254634541490e+02
7.424109999999999445e+02 1.205101856338639266e+02
7.431599999999999682e+02 1.191223310315459969e+02
7.439089999999999918e+02 1.230730693549184025e+02
7.446580000000000155e+02 1.225706114120202557e+02
7.454070000000000391e+02 1.200229902369464128e+02
7.461559999999999491e+02 1.215007579256438817e+02
7.469049999999999727e+02 1.206891842961819918e+02
7.476539999999999964e+02 1.213744300294254970e+02
7.484030000000000200e+02 1.201148446425934964e+02
7.491509999999999536e+02 1.222521553594803265e+02
7.498999999999999773e+02 1.205883309734070110e+02
7.506480000000000246e+02 1.216199017667432258e+02
7.513970000000000482e+02 1.234150462269843587e+02
7.521449999999999818e+02 1.210451163361704232e+02
7.528930000000000291e+02 1.216963884091537693e+02
7.536420000000000528e+02 1.206847187634605092e+02
7.543899999999999864e+02 1.209907192684727733e+02
7.551380000000000337e+02 1.204678110801546467e+02
7.558859999999999673e+02 1.214389503976459821e+02
7.566340000000000146e+02 1.203753245132066354e+02
7.573809999999999718e+02 1.199219789808839494e+02
7.581290000000000191e+02 1.191820861473135551e+02
7.588769999999999527e+02 1.212653665956955251e+02
7.596240000000000236e+02 1.228246839660616274e+02
7.603719999999999573e+02 1.196687789153555741e+02
7.611190000000000282e+02 1.195730994656432955e+02
7.618659999999999854e+02 1.203649546104334291e+02
7.626140000000000327e+02 1.160273967926361252e+02
7.633609999999999900e+02 1.206407778690307140e+02
7.641079999999999472e+02 1.195030096159124895e+02
7.648550000000000182e+02 1.197205867133714321e+02
7.656019999999999754e+02 1.197556270019638021e+02
7.663490000000000464e+02 1.186416420333619186e+02
7.670950000000000273e+02 1.197768834219760095e+02
7.678419999999999845e+02 1.219904195902332305e+02
7.685890000000000555e+02 1.194069652363881318e+02
7.693350000000000364e+02 1.180018031220172787e+02
7.700819999999999936e+02 1.206764564202983507e+02
7.708279999999999745e+02 1.205062621606852815e+02
7.715739999999999554e+02 1.198305041321355731e+02
7.723210000000000264e+02 1.222847318497597513e+02
7.730670000000000073e+02 1.207118120172732887e+02
7.738129999999999882e+02 1.211826367258518218e+02
7.745589999999999691e+02 1.211417349766308149e+02
7.753049999999999500e+02 1.218375370747031923e+02
7.760510000000000446e+02 1.233990268124646406e+02
7.767960000000000491e+02 1.203632413634317544e+02
7.775420000000000300e+02 1.211631492660288245e+02
7.782880000000000109e+02 1.207777054983833551e+02
7.790330000000000155e+02 1.220854586169434697e+02
7.797789999999999964e+02 1.232315576866998157e+02
7.805240000000000009e+02 1.215083266260555064e+02
7.812690000000000055e+02 1.253808917705072332e+02
7.820149999999999864e+02 1.226286273863816945e+02
7.827599999999999909e+02 1.232366658808822564e+02
7.835049999999999955e+02 1.218187234679954258e+02
7.842500000000000000e+02 1.227744853884040879e+02
7.849950000000000045e+02 1.236643832612629694e+02
7.857390000000000327e+02 1.221969518534019699e+02
7.864840000000000373e+02 1.245885366920918358e+02
7.872290000000000418e+02 1.242019718785660700e+02
7.879729999999999563e+02 1.250824854330558651e+02
7.887179999999999609e+02 1.255830052616453258e+02
7.894619999999999891e+02 1.263651565418312117e+02
7.902069999999999936e+02 1.236333678275327230e+02
7.909510000000000218e+02 1.262910703880162373e+02
7.916950000000000500e+02 1.254275087270617206e+02
7.924389999999999645e+02 1.271021115549194462e+02
7.931829999999999927e+02 1.284930917579642653e+02
7.939270000000000209e+02 1.286620937711295198e+02
7.946710000000000491e+02 1.280012348695604487e+02
7.954149999999999636e+02 1.283576808800478375e+02
7.961589999999999918e+02 1.283797034515507960e+02
7.969020000000000437e+02 1.285271137924493132e+02
7.976459999999999582e+02 1.283884630803392213e+02
7.983890000000000100e+02 1.278725609622238721e+02
7.991330000000000382e+02 1.300686891095240298e+02
7.998759999999999764e+02 1.282368935854384233e+02
8.006190000000000282e+02 1.306777057398784905e+02
8.013630000000000564e+02 1.323155072266160062e+02
8.021059999999999945e+02 1.298134130070455967e+02
8.028490000000000464e+02 1.296643379022180227e+02
8.035919999999999845e+02 1.307477059249906404e+02
8.043350000000000364e+02 1.319923720881098461e+02
8.050769999999999982e+02 1.299131324967940486e+02
8.058200000000000500e+02 1.351531692098145641e+02
8.065629999999999882e+02 1.354771782021084050e+02
8.073049999999999500e+02 1.315174154262743969e+02
8.080480000000000018e+02 1.329923896329260913e+02
8.087899999999999636e+02 1.320410491071295382e+02
8.095330000000000155e+02 1.332059113062910285e+02
8.102749999999999773e+02 1.352320800418535498e+02
8.110170000000000528e+02 1.347864246334380027e+02
8.117590000000000146e+02 1.349500802081585391e+02
8.125009999999999764e+02 1.349614707367486801e+02
8.132430000000000518e+02 1.353440126558523104e+02
8.139850000000000136e+02 1.367545840877888850e+02
8.147269999999999754e+02 1.391638650555394747e+02
8.154679999999999609e+02 1.385651454884002760e+02
8.162100000000000364e+02 1.367617009282878087e+02
8.169510000000000218e+02 1.379276773073945890e+02
8.176929999999999836e+02 1.365219363443794407e+02
8.184339999999999691e+02 1.366157817293038192e+02
8.191760000000000446e+02 1.382084401861123695e+02
8.199170000000000300e+02 1.399934606644084738e+02
8.206580000000000155e+02 1.401044305392354374e+02
8.213990000000000009e+02 1.401621305488037592e+02
8.221399999999999864e+02 1.393004762597645083e+02
8.228809999999999718e+02 1.404744728364174193e+02
8.236219999999999573e+02 1.402307904349680143e+02
8.243630000000000564e+02 1.394617279230206179e+02
8.251029999999999518e+02 1.421620498973550184e+02
8.258440000000000509e+02 1.372439159617426299e+02
8.265839999999999463e+02 1.403824765624792406e+02
8.273250000000000455e+02 1.398642104721238866e+02
8.280650000000000546e+02 1.423104134512424821e+02
8.288049999999999500e+02 1.425347383663938388e+02
8.295460000000000491e+02 1.428329017058941588e+02
8.302859999999999445e+02 1.438823664357924770e+02
8.310259999999999536e+02 1.417904327233840149e+02
8.317659999999999627e+02 1.418917208337954605e+02
8.325059999999999718e+02 1.419761233556286300e+02
8.332459999999999809e+02 1.401808217408810719e+02
8.339850000000000136e+02 1.438958412119804393e+02
8.347250000000000227e+02 1.446972225274951427e+02
8.354650000000000318e+02 1.431109936254389652e+02
8.362039999999999509e+02 1.453899950821248126e+02
8.369439999999999600e+02 1.438139774549921128e+02
8.376829999999999927e+02 1.431857343414386321e+02
8.384220000000000255e+02 1.449264410576847126e+02
8.391609999999999445e+02 1.441289755586867898e+02
8.398999999999999773e+02 1.479126973793682112e+02
8.406390000000000100e+02 1.454507023638601027e+02
8.413780000000000427e+02 1.451102468998662403e+02
8.421169999999999618e+02 1.456672123119218156e+02
8.428559999999999945e+02 1.468581126706843065e+02
8.435950000000000273e+02 1.483687040199126557e+02
8.443339999999999463e+02 1.469725822671368576e+02
8.450720000000000027e+02 1.459371521689697317e+02
8.458110000000000355e+02 1.473167356584267509e+02
8.465489999999999782e+02 1.472409484488265150e+02
8.472870000000000346e+02 1.459585585652280599e+02
8.480259999999999536e+02 1.484354464328737890e+02
8.487640000000000100e+02 1.508738875690947907e+02
8.495019999999999527e+02 1.508938370704998988e+02
8.502400000000000091e+02 1.490504190734960162e+02
8.509779999999999518e+02 1.509791383831618532e+02
8.517160000000000082e+02 1.473117134890482873e+02
8.524529999999999745e+02 1.457202413201817137e+02
8.531910000000000309e+02 1.521661346560983645e+02
8.539289999999999736e+02 1.508509277082029314e+02
8.546660000000000537e+02 1.526976780873358166e+02
8.554039999999999964e+02 1.504692467939722746e+02
8.561409999999999627e+02 1.498329591645236860e+02
8.568790000000000191e+02 1.467318639621999807e+02
8.576159999999999854e+02 1.484074007589989606e+02
8.583529999999999518e+02 1.501351143327102875e+02
8.590900000000000318e+02 1.567774357015485975e+02
8.598269999999999982e+02 1.537557600328142655e+02
8.605639999999999645e+02 1.503580063568840899e+02
8.613010000000000446e+02 1.522722653559969501e+02
8.620380000000000109e+02 1.494878174865970948e+02
8.627740000000000009e+02 1.520163439551607212e+02
8.635109999999999673e+02 1.541561020528588415e+02
8.642469999999999573e+02 1.571288236619676866e+02
8.649840000000000373e+02 1.545346990693507223e+02
8.657200000000000273e+02 1.532452682842988168e+02
8.664569999999999936e+02 1.556789198139614143e+02
8.671929999999999836e+02 1.549362583319207261e+02
8.679289999999999736e+02 1.545506444785669942e+02
8.686649999999999636e+02 1.567933549244812070e+02
8.694009999999999536e+02 1.551722331375195836e+02
8.701369999999999436e+02 1.601489890520592780e+02
8.708730000000000473e+02 1.594493644278290390e+02
8.716079999999999472e+02 1.552814492978561987e+02
8.723440000000000509e+02 1.588990877189075945e+02
8.730800000000000409e+02 1.608462837301518675e+02
8.738150000000000546e+02 1.585401697258821514e+02
8.745510000000000446e+02 1.661841874469659501e+02
8.752859999999999445e+02 1.638514105906929501e+02
8.760209999999999582e+02 1.662224139348131473e+02
8.767569999999999482e+02 1.613464411647711358e+02
8.774919999999999618e+02 1.600107464078145370e+02
8.782269999999999754e+02 1.620408030474299608e+02
8.789619999999999891e+02 1.627394666871052493e+02
8.796970000000000027e+02 1.693902753234779084e+02
8.804310000000000400e+02 1.663962906005970694e+02
8.811660000000000537e+02 1.653215385328818456e+02
8.819009999999999536e+02 1.634142662712020240e+02
8.826349999999999909e+02 1.661580539323609287e+02
8.833700000000000045e+02 1.622885044805106531e+02
8.841040000000000418e+02 1.661232760569854179e+02
8.848390000000000555e+02 1.650867283786133441e+02
8.855729999999999791e+02 1.679687769762588516e+02
8.863070000000000164e+02 1.652665863102189405e+02
8.870410000000000537e+02 1.670721458372905204e+02
8.877749999999999773e+02 1.681538728962649998e+02
8.885090000000000146e+02 1.667607561238071412e+02
8.892430000000000518e+02 1.655829226792013458e+02
8.899769999999999754e+02 1.680384122264539712e+02
8.907110000000000127e+02 1.691214421993683743e+02
8.914439999999999600e+02 1.679120809918237001e+02
8.921779999999999973e+02 1.712489558095551274e+02
8.929109999999999445e+02 1.705090508190885998e+02
8.936449999999999818e+02 1.695205075388345222e+02
8.943780000000000427e+02 1.681658782184049130e+02
8.951109999999999900e+02 1.683860448708464617e+02
8.958440000000000509e+02 1.726511419787494503e+02
8.965769999999999982e+02 1.740772399109738444e+02
8.973099999999999454e+02 1.719027502019031886e+02
8.980430000000000064e+02 1.746076493594987085e+02
8.987759999999999536e+02 1.761431781108140626e+02
8.995090000000000146e+02 1.762931249180905411e+02
9.002419999999999618e+02 1.696088162153692167e+02
9.009740000000000464e+02 1.730295965044058448e+02
9.017069999999999936e+02 1.737275601396968341e+02
9.024389999999999645e+02 1.751183024863228184e+02
9.031720000000000255e+02 1.790581346285219126e+02
9.039039999999999964e+02 1.756314811318822535e+02
9.046359999999999673e+02 1.813001822553876536e+02
9.053680000000000518e+02 1.772482265411942990e+02
9.061000000000000227e+02 1.794125902494146203e+02
9.068319999999999936e+02 1.788562406449852347e+02
9.075639999999999645e+02 1.785569255529221095e+02
9.082960000000000491e+02 1.816561102285865275e+02
9.090280000000000200e+02 1.814361050987019439e+02
9.097599999999999909e+02 1.806544109021055533e+02
9.104909999999999854e+02 1.813025118000059024e+02
9.112229999999999563e+02 1.813643360841822414e+02
9.119539999999999509e+02 1.819416555188902294e+02
9.126860000000000355e+02 1.820717408958382180e+02
9.134170000000000300e+02 1.822004125898490088e+02
9.141480000000000246e+02 1.823516751212560223e+02
9.148790000000000191e+02 1.838769093740022527e+02
9.156100000000000136e+02 1.900430595011578987e+02
9.163410000000000082e+02 1.835079211246455486e+02
9.170720000000000027e+02 1.873783905584301976e+02
9.178029999999999973e+02 1.870072893081427594e+02
9.185339999999999918e+02 1.882864594170139867e+02
9.192640000000000100e+02 1.909686656918175345e+02
9.199950000000000045e+02 1.913397285208638436e+02
9.207250000000000227e+02 1.874564011875103233e+02
9.214560000000000173e+02 1.943890434773852576e+02
9.221860000000000355e+02 1.946837902640804714e+02
9.229160000000000537e+02 1.957176387701452995e+02
9.236470000000000482e+02 1.951132644206547297e+02
9.243769999999999527e+02 1.952737069259434577e+02
9.251069999999999709e+02 2.003416947148198233e+02
9.258369999999999891e+02 2.003337788752135395e+02
9.265670000000000073e+02 2.008499437044357592e+02
9.272960000000000491e+02 2.082625180879296920e+02
9.280259999999999536e+02 2.096711839800439350e+02
9.287559999999999718e+02 2.079755739257020082e+02
9.294850000000000136e+02 2.119147478641834823e+02
9.302150000000000318e+02 2.154847826276057958e+02
9.309439999999999600e+02 2.129795915063172060e+02
9.316730000000000018e+02 2.202576294631161602e+02
9.324030000000000200e+02 2.156703435742491877e+02
9.331319999999999482e+02 2.196266396627264612e+02
9.338609999999999900e+02 2.284404334641089633e+02
9.345900000000000318e+02 2.278753824457882899e+02
9.353189999999999600e+02 2.343726033907444162e+02
9.360480000000000018e+02 2.450367204015438460e+02
9.367770000000000437e+02 2.485927241568426211e+02
9.375049999999999955e+02 2.536527078483771618e+02
9.382340000000000373e+02 2.611636681825024766e+02
9.389619999999999891e+02 2.743740437872677944e+02
9.396910000000000309e+02 2.824208365577367772e+02
9.404189999999999827e+02 2.980131695542901298e+02
9.411480000000000246e+02 3.057052061126184981e+02
9.418759999999999764e+02 3.113807526624265165e+02
9.426040000000000418e+02 3.104097982561991671e+02
9.433319999999999936e+02 3.308143443879601477e+02
9.440599999999999454e+02 3.338978143212214604e+02
9.447880000000000109e+02 3.389840184029584407e+02
9.455159999999999627e+02 3.227394590533126006e+02
9.462430000000000518e+02 3.295428860282012806e+02
9.469710000000000036e+02 3.241049736695968591e+02
9.476989999999999554e+02 3.285933027572359038e+02
9.484260000000000446e+02 3.245726389167335810e+02
9.491539999999999964e+02 3.189268215646762883e+02
9.498809999999999718e+02 3.149035251504230359e+02
9.506079999999999472e+02 3.136554446964984777e+02
9.513360000000000127e+02 3.110957869482855926e+02
9.520629999999999882e+02 3.056491338153342099e+02
9.527899999999999636e+02 2.935559846430245443e+02
9.535170000000000528e+02 2.926707186061187258e+02
9.542440000000000282e+02 2.879970099506670635e+02
9.549700000000000273e+02 2.891863607775730429e+02
9.556970000000000027e+02 2.914705193292792842e+02
9.564239999999999782e+02 2.902233121065573869e+02
9.571499999999999773e+02 2.808174427452780719e+02
9.578769999999999527e+02 2.867114897392546027e+02
9.586029999999999518e+02 2.725749552958801019e+02
9.593300000000000409e+02 2.700616508111286862e+02
9.600560000000000400e+02 2.782330399119799154e+02
9.607820000000000391e+02 2.680855682029333593e+02
9.615080000000000382e+02 2.761126915102311727e+02
9.622340000000000373e+02 2.728288033086589053e+02
9.629600000000000364e+02 2.672553215987510384e+02
9.636860000000000355e+02 2.653947856328764487e+02
9.644120000000000346e+02 2.726473127306983315e+02
9.651369999999999436e+02 2.725689484635111626e+02
9.658630000000000564e+02 2.732410753753684389e+02
9.665890000000000555e+02 2.714337136196385245e+02
9.673139999999999645e+02 2.745381974376138601e+02
9.680399999999999636e+02 2.678108276012580973e+02
9.687649999999999864e+02 2.681419959453457977e+02
9.694900000000000091e+02 2.739956151531379760e+02
9.702150000000000318e+02 2.665173663746769535e+02
9.709400000000000546e+02 2.816632543580690822e+02
9.716649999999999636e+02 2.720117417660717933e+02
9.723899999999999864e+02 2.710528699575114047e+02
9.731150000000000091e+02 2.771263283207774180e+02
9.738400000000000318e+02 2.717926604718804242e+02
9.745650000000000546e+02 2.814663364980906408e+02
9.752889999999999873e+02 2.790701731075738508e+02
9.760140000000000100e+02 2.715640091811434331e+02
9.767380000000000564e+02 2.815187434666141826e+02
9.774629999999999654e+02 2.810135839986161841e+02
9.781870000000000118e+02 2.798330617198164418e+02
9.789109999999999445e+02 2.815586173278367141e+02
9.796349999999999909e+02 2.884683899920880208e+02
9.803590000000000373e+02 2.887920955878646510e+02
9.810829999999999700e+02 2.896784020251939751e+02
9.818070000000000164e+02 2.887700186868494825e+02
9.825309999999999491e+02 2.910414481933295292e+02
9.832549999999999955e+02 2.913599153223032090e+02
9.839779999999999518e+02 2.966319804627435701e+02
9.847019999999999982e+02 3.054525671376074456e+02
9.854249999999999545e+02 2.908572230898941484e+02
9.861490000000000009e+02 2.993697523870253008e+02
9.868719999999999573e+02 3.007782148131134363e+02
9.875960000000000036e+02 3.157150562033730239e+02
9.883189999999999600e+02 3.111043490244595091e+02
9.890420000000000300e+02 3.145002759796500982e+02
9.897649999999999864e+02 3.180217973269127469e+02
9.904880000000000564e+02 3.192610311041810860e+02
9.912110000000000127e+02 3.333680536647002555e+02
9.919339999999999691e+02 3.240105839132369852e+02
9.926559999999999491e+02 3.368597827512668346e+02
9.933790000000000191e+02 3.266806722995331711e+02
9.941009999999999991e+02 3.322026846760498415e+02
9.948239999999999554e+02 3.361324781754933042e+02
9.955460000000000491e+02 3.415330817076600169e+02
9.962690000000000055e+02 3.318291828376375179e+02
9.969909999999999854e+02 3.294633554997275269e+02
9.977129999999999654e+02 3.388898041708081337e+02
9.984349999999999454e+02 3.323573702825240730e+02
9.991570000000000391e+02 3.431780666648116949e+02
9.998790000000000191e+02 3.340837835718580209e+02
1.000600999999999999e+03 3.501460178066440108e+02
1.001322999999999979e+03 3.482123168819047692e+02
1.002043999999999983e+03 3.528084241627358324e+02
1.002765999999999963e+03 3.525965250514707350e+02
1.003488000000000056e+03 3.554149100153523477e+02
1.004208999999999946e+03 3.601719626486760717e+02
1.004929999999999950e+03 3.495534189444878166e+02
1.005652000000000044e+03 3.610699020710885065e+02
1.006373000000000047e+03 3.531052708890446752e+02
1.007094000000000051e+03 3.573183946650809730e+02
1.007815000000000055e+03 3.649513129442991044e+02
1.008535999999999945e+03 3.664076404379624137e+02
1.009256999999999948e+03 3.783034975044503199e+02
1.009977999999999952e+03 3.902530159167990860e+02
1.010698999999999955e+03 3.876095859954698994e+02
1.011418999999999983e+03 3.863914386561937704e+02
1.012139999999999986e+03 3.870053989106901895e+02
1.012860999999999990e+03 3.887567690373378468e+02
1.013581000000000017e+03 3.884817373352480558e+02
1.014301000000000045e+03 4.004167996431876304e+02
1.015022000000000048e+03 4.118925861501961094e+02
1.015741999999999962e+03 4.091953609605726001e+02
1.016461999999999989e+03 4.224872262335524056e+02
1.017182000000000016e+03 4.193253499772118289e+02
1.017902000000000044e+03 4.362060952407355217e+02
1.018621999999999957e+03 4.345585040343362948e+02
1.019341999999999985e+03 4.360869025263976368e+02
1.020061000000000035e+03 4.429980144629966503e+02
1.020780999999999949e+03 4.271097409627194565e+02
1.021500999999999976e+03 4.372228778143081627e+02
1.022220000000000027e+03 4.623846647741252696e+02
1.022940000000000055e+03 4.620627038039733634e+02
1.023658999999999992e+03 4.585577404480587234e+02
1.024377999999999929e+03 4.737341270141894825e+02
1.025096999999999980e+03 4.970708566586710049e+02
1.025816000000000031e+03 4.881212750646994323e+02
1.026535000000000082e+03 4.994631184113558220e+02
1.027253999999999905e+03 4.987104619995133703e+02
1.027972999999999956e+03 4.938501999369194664e+02
1.028692000000000007e+03 5.287387167947341595e+02
1.029411000000000058e+03 5.333388762619138106e+02
1.030128999999999905e+03 5.172381487771295951e+02
1.030847999999999956e+03 5.387031703289095503e+02
1.031566000000000031e+03 5.525543907687278988e+02
1.032285000000000082e+03 5.525584810061070584e+02
1.033002999999999929e+03 5.636147225154899161e+02
1.033721000000000004e+03 5.946977557231502942e+02
1.034439000000000078e+03 5.637196803678277774e+02
1.035157999999999902e+03 5.996682909771026289e+02
1.035875999999999976e+03 5.775603951028705296e+02
1.036593000000000075e+03 5.803365225300166230e+02
1.037310999999999922e+03 6.104295269007927800e+02
1.038028999999999996e+03 6.447367936591022044e+02
1.038747000000000071e+03 6.598788939674329868e+02
1.039463999999999942e+03 6.866139195593543718e+02
1.040182000000000016e+03 6.639141769682292988e+02
1.040898999999999887e+03 6.651585961170774226e+02
1.041616999999999962e+03 7.054050143750371262e+02
1.042334000000000060e+03 6.848720688483533650e+02
1.043050999999999931e+03 6.700712004628392151e+02
1.043768000000000029e+03 6.844053405180754908e+02
1.044484999999999900e+03 7.549952122045717715e+02
1.045201999999999998e+03 7.247328777311801105e+02
1.045919000000000096e+03 7.685792679791837827e+02
1.046635999999999967e+03 8.041196886837997226e+02
1.047353000000000065e+03 7.725127163374057773e+02
1.048068999999999960e+03 7.674636961197958271e+02
1.048786000000000058e+03 7.861847313892048987e+02
1.049502999999999929e+03 8.190926798267125832e+02
1.050219000000000051e+03 8.351918830270692524e+02
1.050934999999999945e+03 9.165399227054329003e+02
1.051652000000000044e+03 8.585857429351476640e+02
1.052367999999999938e+03 8.947374995223444785e+02
1.053084000000000060e+03 8.905017496162191719e+02
1.053799999999999955e+03 9.344596234761221467e+02
1.054516000000000076e+03 9.758274098781529347e+02
1.055231999999999971e+03 9.605113971119075131e+02
1.055946999999999889e+03 1.034899909379910241e+03
1.056663000000000011e+03 9.741009281832140232e+02
1.057378999999999905e+03 1.012015557118377956e+03
1.058094000000000051e+03 1.072658070702096438e+03
1.058809999999999945e+03 1.018551120734830079e+03
1.059525000000000091e+03 1.102854440225986764e+03
1.060240999999999985e+03 1.170665055080816046e+03
1.060955999999999904e+03 1.181530609402097070e+03
1.061671000000000049e+03 1.217073824468897783e+03
1.062385999999999967e+03 1.288769283756722189e+03
1.063101000000000113e+03 1.181802041499415509e+03
1.063816000000000031e+03 1.327751764180957252e+03
