2.828559999999999945e+02 -1.194380734422254842e-01
2.836510000000000105e+02 -1.282182029674562018e-01
2.844460000000000264e+02 -1.469045638259815767e-01
2.852409999999999854e+02 -1.573205043507970302e-01
2.860360000000000014e+02 -1.552207256756663323e-01
2.868310000000000173e+02 -1.807318499782014920e-01
2.876259999999999764e+02 -1.752020876370709579e-01
2.884209999999999923e+02 -2.058914565904377270e-01
2.892160000000000082e+02 -1.765579409618202866e-01
2.900099999999999909e+02 -1.751250327912908245e-01
2.908050000000000068e+02 -1.988021809128122930e-01
2.915989999999999895e+02 -1.772714128209600948e-01
2.923940000000000055e+02 -1.691709470687754735e-01
2.931879999999999882e+02 -1.496809926364176258e-01
2.939820000000000277e+02 -1.506279172858558946e-01
2.947769999999999868e+02 -1.371210864059584089e-01
2.955710000000000264e+02 -1.300135271078404486e-01
2.963650000000000091e+02 -1.147695448518132461e-01
2.971589999999999918e+02 -9.741381714498609234e-02
2.979529999999999745e+02 -6.402256438677431105e-02
2.987459999999999809e+02 -4.428272555172237807e-02
2.995400000000000205e+02 -1.800247481717621653e-02
3.003340000000000032e+02 1.294850773126652102e-02
3.011270000000000095e+02 5.134953961990779830e-02
3.019209999999999923e+02 7.668133574216413895e-02
3.027139999999999986e+02 1.171650067934928569e-01
3.035070000000000050e+02 1.793228036776389756e-01
3.043009999999999877e+02 2.263426911866405766e-01
3.050939999999999941e+02 3.040835124892478092e-01
3.058870000000000005e+02 3.305010385622093039e-01
3.066800000000000068e+02 4.099011552424793869e-01
3.074730000000000132e+02 4.697312929361874834e-01
3.082660000000000196e+02 6.103259557481012232e-01
3.090590000000000259e+02 6.364075299172582412e-01
3.098509999999999991e+02 6.835030356170270771e-01
3.106440000000000055e+02 7.539810235794485171e-01
3.114370000000000118e+02 7.331024000921076977e-01
3.122289999999999850e+02 9.834567184882320179e-01
3.130210000000000150e+02 1.172123596762154607e+00
3.138140000000000214e+02 1.089477129661317489e+00
3.146059999999999945e+02 1.294415315629419361e+00
3.153980000000000246e+02 1.296964515725018474e+00
3.161899999999999977e+02 1.759167863267397713e+00
3.169820000000000277e+02 1.575816440249756756e+00
3.177740000000000009e+02 1.882038282878531366e+00
3.185659999999999741e+02 2.067460511543474766e+00
3.193580000000000041e+02 2.128059112517034723e+00
3.201499999999999773e+02 2.089507833943378579e+00
3.209409999999999741e+02 2.962588653047630860e+00
3.217330000000000041e+02 2.474622918692099383e+00
3.225240000000000009e+02 3.147715811763224458e+00
3.233159999999999741e+02 3.481754138843912827e+00
3.241070000000000277e+02 2.903256912638866982e+00
3.248980000000000246e+02 3.719400614831137375e+00
3.256899999999999977e+02 4.222093323766786810e+00
3.264809999999999945e+02 3.803759490795791898e+00
3.272719999999999914e+02 3.897591388554277447e+00
3.280629999999999882e+02 4.042243338426039223e+00
3.288539999999999850e+02 4.998476643512594464e+00
3.296440000000000055e+02 4.809430432227181029e+00
3.304350000000000023e+02 4.967896357701617305e+00
3.312259999999999991e+02 6.405175827080595852e+00
3.320160000000000196e+02 5.823714996015908696e+00
3.328070000000000164e+02 5.313658044637773692e+00
3.335969999999999800e+02 7.415885112203295826e+00
3.343879999999999768e+02 6.614652039838719411e+00
3.351779999999999973e+02 6.696999443553908193e+00
3.359680000000000177e+02 6.347176255474481721e+00
3.367579999999999814e+02 9.185795315945819439e+00
3.375480000000000018e+02 7.537671267319245416e+00
3.383380000000000223e+02 8.174604275368537287e+00
3.391279999999999859e+02 8.363824825480374869e+00
3.399180000000000064e+02 7.985537888501101911e+00
3.407080000000000268e+02 1.107900493003582731e+01
3.414970000000000141e+02 9.062979812509786015e+00
3.422869999999999777e+02 9.257042613328904324e+00
3.430760000000000218e+02 9.451924967600179528e+00
3.438659999999999854e+02 9.648204362342406526e+00
3.446549999999999727e+02 1.271957447643257311e+01
3.454440000000000168e+02 1.292527048642993392e+01
3.462330000000000041e+02 1.382096568699031280e+01
3.470230000000000246e+02 1.252276423530743088e+01
3.478120000000000118e+02 1.254191556064282764e+01
3.486009999999999991e+02 1.221395652008087751e+01
3.493890000000000100e+02 1.296099585261563547e+01
3.501779999999999973e+02 1.167573388940771828e+01
3.509669999999999845e+02 1.461541180546990049e+01
3.517559999999999718e+02 1.239544083170986966e+01
3.525439999999999827e+02 1.736785344059976310e+01
3.533330000000000268e+02 1.128634982218937211e+01
3.541209999999999809e+02 1.442864283246236567e+01
3.549089999999999918e+02 1.568513820811788051e+01
3.556979999999999791e+02 1.344562038988982344e+01
3.564859999999999900e+02 1.487769669046414656e+01
3.572740000000000009e+02 1.419460168616543072e+01
3.580620000000000118e+02 1.632038964604147324e+01
3.588500000000000227e+02 1.611024843179476207e+01
3.596379999999999768e+02 1.572645562425454102e+01
3.604259999999999877e+02 1.323361362436883226e+01
3.612130000000000223e+02 1.256562103331089020e+01
3.620009999999999764e+02 1.463802269570159176e+01
3.627889999999999873e+02 1.565644866553323489e+01
3.635760000000000218e+02 1.303578759040909318e+01
3.643639999999999759e+02 1.573219657677997141e+01
3.651510000000000105e+02 1.342594368559004891e+01
3.659379999999999882e+02 1.305442417765021723e+01
3.667250000000000227e+02 1.242631012082362751e+01
3.675120000000000005e+02 1.223724115885868358e+01
3.683000000000000114e+02 1.374333350945576981e+01
3.690860000000000127e+02 1.260663641669208879e+01
3.698729999999999905e+02 1.358433801660723539e+01
3.706600000000000250e+02 1.194192312196105910e+01
3.714470000000000027e+02 1.096118940358696925e+01
3.722339999999999804e+02 1.316576546331451425e+01
3.730199999999999818e+02 1.256359714239243530e+01
3.738070000000000164e+02 1.354179803534570325e+01
3.745930000000000177e+02 1.214255957136829522e+01
3.753790000000000191e+02 1.210129172685419618e+01
3.761659999999999968e+02 1.146653792282034701e+01
3.769519999999999982e+02 1.315463928162369278e+01
3.777379999999999995e+02 1.174804270561999431e+01
3.785240000000000009e+02 1.192269266756955304e+01
3.793100000000000023e+02 1.097887106787680800e+01
3.800960000000000036e+02 1.202023762520496497e+01
3.808820000000000050e+02 1.126025821730493170e+01
3.816669999999999732e+02 1.025376661080802698e+01
3.824529999999999745e+02 1.107482405959280669e+01
3.832389999999999759e+02 9.860780779061800061e+00
3.840240000000000009e+02 1.055654391694016780e+01
3.848100000000000023e+02 1.067412240142714985e+01
3.855950000000000273e+02 1.005142562156396657e+01
3.863799999999999955e+02 9.797064308986447756e+00
3.871650000000000205e+02 9.533129367685782896e+00
3.879499999999999886e+02 1.025039392639440372e+01
3.887350000000000136e+02 9.899317474689647511e+00
3.895199999999999818e+02 9.189974669531403961e+00
3.903050000000000068e+02 8.964045458015368339e+00
3.910899999999999750e+02 9.103344039484809969e+00
3.918750000000000000e+02 9.356801176176192669e+00
3.926600000000000250e+02 8.179067660649751659e+00
3.934440000000000168e+02 8.741154578909373640e+00
3.942289999999999850e+02 8.524475620503162432e+00
3.950129999999999768e+02 8.610064955693154332e+00
3.957970000000000255e+02 8.307886181533016057e+00
3.965819999999999936e+02 8.435208892563631267e+00
3.973659999999999854e+02 7.900499187969592718e+00
3.981499999999999773e+02 8.021249955269777132e+00
3.989340000000000259e+02 8.015876854628183779e+00
3.997180000000000177e+02 7.691941303832477317e+00
4.005020000000000095e+02 7.808451109179554095e+00
4.012860000000000014e+02 7.561491884727164603e+00
4.020690000000000168e+02 7.569421481180630629e+00
4.028530000000000086e+02 7.378572840825696311e+00
4.036370000000000005e+02 7.517316138468891573e+00
4.044200000000000159e+02 7.220364804665951652e+00
4.052029999999999745e+02 7.112254237060282591e+00
4.059870000000000232e+02 7.095362754513930170e+00
4.067699999999999818e+02 6.764604341890253281e+00
4.075529999999999973e+02 6.767783447521635409e+00
4.083360000000000127e+02 6.835382454539510100e+00
4.091190000000000282e+02 6.636305326394332127e+00
4.099019999999999868e+02 6.615472617334514638e+00
4.106850000000000023e+02 6.439749524342551545e+00
4.114680000000000177e+02 6.313160964040033463e+00
4.122509999999999764e+02 6.204252927928253669e+00
4.130330000000000155e+02 6.173316043087324623e+00
4.138159999999999741e+02 6.137090098516311265e+00
4.145989999999999895e+02 6.022228536595599202e+00
4.153809999999999718e+02 6.050122470991022183e+00
4.161630000000000109e+02 5.896978367030309975e+00
4.169460000000000264e+02 6.064577109413545664e+00
4.177280000000000086e+02 5.838616244534704514e+00
4.185099999999999909e+02 5.856737633176885893e+00
4.192919999999999732e+02 5.627044813116565791e+00
4.200740000000000123e+02 5.753701278492364679e+00
4.208559999999999945e+02 5.681093678592428198e+00
4.216379999999999768e+02 5.725751416127257798e+00
4.224189999999999827e+02 5.560150411103272461e+00
4.232010000000000218e+02 5.500261787750319264e+00
4.239830000000000041e+02 5.529867742342270631e+00
4.247640000000000100e+02 5.519087734167919201e+00
4.255450000000000159e+02 5.479991008440693534e+00
4.263269999999999982e+02 5.322593343643628572e+00
4.271080000000000041e+02 5.234434113108473952e+00
4.278890000000000100e+02 5.240605972525245626e+00
4.286700000000000159e+02 5.075505184859125940e+00
4.294510000000000218e+02 5.128175627523672730e+00
4.302320000000000277e+02 5.109957260906720755e+00
4.310129999999999768e+02 5.085418872109743305e+00
4.317939999999999827e+02 4.971146330813117409e+00
4.325749999999999886e+02 4.903053859341925502e+00
4.333550000000000182e+02 4.961196960795617450e+00
4.341360000000000241e+02 4.870021027087221732e+00
4.349159999999999968e+02 4.845571012295891045e+00
4.356970000000000027e+02 4.819561614026532936e+00
4.364769999999999754e+02 4.832204514944200113e+00
4.372570000000000050e+02 4.775035718446996924e+00
4.380380000000000109e+02 4.771183828180445730e+00
4.388179999999999836e+02 4.681994574920740781e+00
4.395980000000000132e+02 4.691764000114208244e+00
4.403779999999999859e+02 4.593965729880650883e+00
4.411580000000000155e+02 4.551132066473893900e+00
4.419370000000000118e+02 4.586135317269532052e+00
4.427169999999999845e+02 4.518565699756092791e+00
4.434970000000000141e+02 4.490747494132813600e+00
4.442760000000000105e+02 4.533042946621137048e+00
4.450559999999999832e+02 4.490224851139475781e+00
4.458349999999999795e+02 4.369927369273296947e+00
4.466150000000000091e+02 4.374570835608786012e+00
4.473940000000000055e+02 4.488646483657135811e+00
4.481730000000000018e+02 4.300018743175892943e+00
4.489519999999999982e+02 4.320577592231053643e+00
4.497309999999999945e+02 4.254418777746143299e+00
4.505099999999999909e+02 4.237243042910325386e+00
4.512889999999999873e+02 4.237820411424778833e+00
4.520679999999999836e+02 4.153653366277381132e+00
4.528469999999999800e+02 4.178977266894762010e+00
4.536250000000000000e+02 4.144829765235617636e+00
4.544039999999999964e+02 4.110818044379269232e+00
4.551820000000000164e+02 4.239396138166712902e+00
4.559610000000000127e+02 4.104153387937731878e+00
4.567389999999999759e+02 4.037363258100612029e+00
4.575169999999999959e+02 4.080261093209636591e+00
4.582959999999999923e+02 4.013835275619350718e+00
4.590740000000000123e+02 4.003822430894623530e+00
4.598519999999999754e+02 3.972747885646323418e+00
4.606299999999999955e+02 3.947407877470722859e+00
4.614069999999999823e+02 3.925991191513543477e+00
4.621850000000000023e+02 3.868474445790008875e+00
4.629630000000000223e+02 3.839647801681680406e+00
4.637409999999999854e+02 3.814709106644772252e+00
4.645179999999999723e+02 3.878268735716807747e+00
4.652959999999999923e+02 3.776615683460104123e+00
4.660729999999999791e+02 3.701736918679631394e+00
4.668500000000000227e+02 3.682099957632800624e+00
4.676279999999999859e+02 3.715298509587908971e+00
4.684049999999999727e+02 3.711734532103849293e+00
4.691820000000000164e+02 3.711789691463983853e+00
4.699590000000000032e+02 3.580816273300244656e+00
4.707359999999999900e+02 3.610835642491629915e+00
4.715129999999999768e+02 3.588832163089424654e+00
4.722900000000000205e+02 3.562985746735396031e+00
4.730659999999999741e+02 3.546720107996773397e+00
4.738430000000000177e+02 3.543287136136209714e+00
4.746200000000000045e+02 3.529151705544645523e+00
4.753960000000000150e+02 3.483596962733181090e+00
4.761720000000000255e+02 3.444605679850709201e+00
4.769490000000000123e+02 3.419113131787947513e+00
4.777250000000000227e+02 3.433180442947589395e+00
4.785009999999999764e+02 3.374450177578942167e+00
4.792769999999999868e+02 3.357400377606729602e+00
4.800529999999999973e+02 3.363251202642653759e+00
4.808290000000000077e+02 3.363836515125796733e+00
4.816050000000000182e+02 3.316221296298627941e+00
4.823809999999999718e+02 3.324892938433740674e+00
4.831569999999999823e+02 3.297678390231263190e+00
4.839320000000000164e+02 3.250239446783618202e+00
4.847080000000000268e+02 3.262173864081951535e+00
4.854830000000000041e+02 3.245101672609195020e+00
4.862590000000000146e+02 3.193781245216515519e+00
4.870339999999999918e+02 3.207177458823060157e+00
4.878090000000000259e+02 3.178369351989540181e+00
4.885840000000000032e+02 3.145317811421469933e+00
4.893600000000000136e+02 3.145039535740601799e+00
4.901349999999999909e+02 3.128985066897710166e+00
4.909100000000000250e+02 3.139538256922637327e+00
4.916840000000000259e+02 3.118948438745404506e+00
4.924590000000000032e+02 3.069894107211935452e+00
4.932339999999999804e+02 3.094887994894709227e+00
4.940090000000000146e+02 3.051608128092787364e+00
4.947830000000000155e+02 3.021644014258797917e+00
4.955579999999999927e+02 3.029410294313011232e+00
4.963319999999999936e+02 3.025938189230598763e+00
4.971059999999999945e+02 2.981591185937075839e+00
4.978809999999999718e+02 2.971698512762027011e+00
4.986549999999999727e+02 2.978249920800103201e+00
4.994289999999999736e+02 2.946303554289413373e+00
5.002029999999999745e+02 2.955774192332546235e+00
5.009769999999999754e+02 2.942338555693026603e+00
5.017509999999999764e+02 2.916902342912596424e+00
5.025240000000000009e+02 2.911459497777073580e+00
5.032980000000000018e+02 2.924894809882999436e+00
5.040720000000000027e+02 2.873348655347762737e+00
5.048450000000000273e+02 2.863838805798918585e+00
5.056190000000000282e+02 2.874656145161550658e+00
5.063919999999999959e+02 2.845729364495711788e+00
5.071650000000000205e+02 2.832365176343308644e+00
5.079390000000000214e+02 2.836905679283070469e+00
5.087119999999999891e+02 2.805785082404893327e+00
5.094850000000000136e+02 2.784388091327539616e+00
5.102579999999999814e+02 2.795510580745987461e+00
5.110310000000000059e+02 2.756918758442472139e+00
5.118039999999999736e+02 2.748210128273676389e+00
5.125769999999999982e+02 2.739423808845864894e+00
5.133490000000000464e+02 2.716631296771630844e+00
5.141219999999999573e+02 2.689417336539060788e+00
5.148940000000000055e+02 2.668329119919177650e+00
5.156670000000000300e+02 2.691907482441512567e+00
5.164389999999999645e+02 2.658664907837020586e+00
5.172119999999999891e+02 2.647616794152780173e+00
5.179840000000000373e+02 2.665053140575393886e+00
5.187559999999999718e+02 2.626763868680066505e+00
5.195280000000000200e+02 2.590499668504557818e+00
5.202999999999999545e+02 2.597369157750696100e+00
5.210720000000000027e+02 2.595961403866923423e+00
5.218440000000000509e+02 2.567574802793723077e+00
5.226159999999999854e+02 2.577322285440851068e+00
5.233869999999999436e+02 2.542801991555864394e+00
5.241589999999999918e+02 2.563800618224023165e+00
5.249310000000000400e+02 2.535373898767934175e+00
5.257019999999999982e+02 2.524374984206993577e+00
5.264729999999999563e+02 2.509666629257270021e+00
5.272450000000000045e+02 2.515882959367353067e+00
5.280159999999999627e+02 2.508866788936779280e+00
5.287870000000000346e+02 2.499615149964434124e+00
5.295579999999999927e+02 2.502489835292201814e+00
5.303289999999999509e+02 2.482383437521157976e+00
5.311000000000000227e+02 2.491117231770628049e+00
5.318709999999999809e+02 2.457163133188519311e+00
5.326420000000000528e+02 2.457446750971337579e+00
5.334120000000000346e+02 2.437364820934406318e+00
5.341829999999999927e+02 2.423198672423415800e+00
5.349539999999999509e+02 2.429309240839856887e+00
5.357240000000000464e+02 2.407065341318361806e+00
5.364940000000000282e+02 2.412784941721974441e+00
5.372649999999999864e+02 2.416206900554846992e+00
5.380349999999999682e+02 2.411048133228317791e+00
5.388049999999999500e+02 2.384399668237790593e+00
5.395750000000000455e+02 2.385579494407346512e+00
5.403450000000000273e+02 2.382006453029242188e+00
5.411150000000000091e+02 2.388233730985324321e+00
5.418849999999999909e+02 2.370890053882999560e+00
5.426549999999999727e+02 2.354649032360279115e+00
5.434239999999999782e+02 2.348801091683359932e+00
5.441939999999999600e+02 2.345543923453319746e+00
5.449640000000000555e+02 2.339983419457570157e+00
5.457329999999999472e+02 2.334910532279275142e+00
5.465019999999999527e+02 2.330326347061309367e+00
5.472720000000000482e+02 2.314699925386977775e+00
5.480410000000000537e+02 2.321701982750309590e+00
5.488099999999999454e+02 2.302707626452066059e+00
5.495789999999999509e+02 2.297355305568616224e+00
5.503479999999999563e+02 2.284905323684937262e+00
5.511169999999999618e+02 2.291712053958480766e+00
5.518859999999999673e+02 2.274334419026208920e+00
5.526549999999999727e+02 2.269073376140383846e+00
5.534230000000000018e+02 2.267766361981494061e+00
5.541920000000000073e+02 2.262547190855052737e+00
5.549600000000000364e+02 2.252253000969691943e+00
5.557290000000000418e+02 2.245314943322202605e+00
5.564969999999999573e+02 2.246479528702067796e+00
5.572659999999999627e+02 2.236118349953257312e+00
5.580339999999999918e+02 2.254815125699130451e+00
5.588020000000000209e+02 2.228199675573491856e+00
5.595700000000000500e+02 2.239160183064683451e+00
5.603379999999999654e+02 2.236307640694396692e+00
5.611059999999999945e+02 2.218843587286029706e+00
5.618740000000000236e+02 2.209254312663849529e+00
5.626409999999999627e+02 2.220665548934642963e+00
5.634089999999999918e+02 2.203636696222396107e+00
5.641770000000000209e+02 2.207670534709324173e+00
5.649439999999999600e+02 2.185151318374483509e+00
5.657119999999999891e+02 2.190981729128020028e+00
5.664790000000000418e+02 2.179425023672290074e+00
5.672459999999999809e+02 2.178164748086412139e+00
5.680140000000000100e+02 2.180380002587477772e+00
5.687809999999999491e+02 2.169639381179501836e+00
5.695480000000000018e+02 2.166844072095496454e+00
5.703150000000000546e+02 2.169480323355475360e+00
5.710819999999999936e+02 2.168404188410207212e+00
5.718479999999999563e+02 2.171907201296243706e+00
5.726150000000000091e+02 2.149972825839626456e+00
5.733819999999999482e+02 2.158353389088080387e+00
5.741480000000000246e+02 2.140413707920066688e+00
5.749149999999999636e+02 2.144094490985946511e+00
5.756810000000000400e+02 2.132272903082340854e+00
5.764479999999999791e+02 2.134884151461886592e+00
5.772140000000000555e+02 2.123717971469846866e+00
5.779800000000000182e+02 2.123195469614993947e+00
5.787459999999999809e+02 2.128936350435228775e+00
5.795119999999999436e+02 2.130254902653394566e+00
5.802780000000000200e+02 2.120015421177335657e+00
5.810439999999999827e+02 2.121037181609021882e+00
5.818099999999999454e+02 2.105277504200086192e+00
5.825760000000000218e+02 2.104163911737675363e+00
5.833410000000000082e+02 2.108109172917697283e+00
5.841069999999999709e+02 2.101443657890404992e+00
5.848730000000000473e+02 2.097159638837876372e+00
5.856380000000000337e+02 2.092824928107625659e+00
5.864030000000000200e+02 2.089831638349941123e+00
5.871689999999999827e+02 2.081139781591654803e+00
5.879339999999999691e+02 2.078493097914123400e+00
5.886989999999999554e+02 2.068306223208666861e+00
5.894640000000000555e+02 2.065394051776618056e+00
5.902290000000000418e+02 2.083326916641955240e+00
5.909940000000000282e+02 2.070119129471311492e+00
5.917590000000000146e+02 2.064263591978562573e+00
5.925230000000000246e+02 2.066404745026890311e+00
5.932880000000000109e+02 2.068448587589502452e+00
5.940529999999999973e+02 2.066934976250669909e+00
5.948170000000000073e+02 2.069639511222731265e+00
5.955819999999999936e+02 2.063573237694176665e+00
5.963460000000000036e+02 2.070049675959220625e+00
5.971100000000000136e+02 2.067114209855147600e+00
5.978740000000000236e+02 2.064794394835267166e+00
5.986380000000000337e+02 2.063742312438320958e+00
5.994030000000000200e+02 2.063286050646024439e+00
6.001660000000000537e+02 2.067433272315240878e+00
6.009299999999999500e+02 2.067049654159919481e+00
6.016939999999999600e+02 2.063310484969665293e+00
6.024579999999999700e+02 2.049685357729894797e+00
6.032219999999999800e+02 2.054703358706228666e+00
6.039850000000000136e+02 2.052022084470980001e+00
6.047490000000000236e+02 2.049206777417899250e+00
6.055119999999999436e+02 2.044713925112057407e+00
6.062749999999999773e+02 2.041790687520402603e+00
6.070389999999999873e+02 2.045719526065732374e+00
6.078020000000000209e+02 2.027793048907298612e+00
6.085650000000000546e+02 2.034720699739550831e+00
6.093279999999999745e+02 2.027534821886402217e+00
6.100910000000000082e+02 2.031388308887018379e+00
6.108540000000000418e+02 2.016951040429143749e+00
6.116169999999999618e+02 2.023723821384805444e+00
6.123790000000000191e+02 2.011034206088111898e+00
6.131420000000000528e+02 2.025573330612517875e+00
6.139039999999999964e+02 2.014939455934386725e+00
6.146670000000000300e+02 2.005983495407407169e+00
6.154289999999999736e+02 2.004186236273701294e+00
6.161920000000000073e+02 1.999284256307890306e+00
6.169539999999999509e+02 2.003931622061088547e+00
6.177160000000000082e+02 2.006712114043433637e+00
6.184779999999999518e+02 2.002540697727733132e+00
6.192400000000000091e+02 2.006082587653432725e+00
6.200019999999999527e+02 2.003595601924270220e+00
6.207640000000000100e+02 2.009696583079014776e+00
6.215259999999999536e+02 1.999852915893488792e+00
6.222870000000000346e+02 1.997410625747769952e+00
6.230489999999999782e+02 2.003095276947469916e+00
6.238110000000000355e+02 2.000265461083666096e+00
6.245720000000000027e+02 1.989390553548425311e+00
6.253339999999999463e+02 2.003730012053306364e+00
6.260950000000000273e+02 1.992652863899860627e+00
6.268559999999999945e+02 1.992748640622165723e+00
6.276169999999999618e+02 1.990074381909476608e+00
6.283780000000000427e+02 1.989941025726667423e+00
6.291390000000000100e+02 1.986774824290787445e+00
6.298999999999999773e+02 1.977727352104017067e+00
6.306609999999999445e+02 1.981320326102967266e+00
6.314220000000000255e+02 1.987070532075547735e+00
6.321829999999999927e+02 1.977093500994425490e+00
6.329429999999999836e+02 1.969613116921346885e+00
6.337039999999999509e+02 1.974676174568807285e+00
6.344640000000000555e+02 1.965366731059631444e+00
6.352250000000000227e+02 1.975784963159718188e+00
6.359850000000000136e+02 1.972099635825279140e+00
6.367450000000000045e+02 1.964074878209310038e+00
6.375049999999999955e+02 1.970288500512622720e+00
6.382649999999999864e+02 1.964451213463259460e+00
6.390249999999999773e+02 1.972042596592447739e+00
6.397849999999999682e+02 1.969905467848274139e+00
6.405449999999999591e+02 1.963966425200716737e+00
6.413049999999999500e+02 1.964436513244073979e+00
6.420650000000000546e+02 1.962061075361764662e+00
6.428239999999999554e+02 1.967339922704497646e+00
6.435839999999999463e+02 1.965273710719684930e+00
6.443429999999999609e+02 1.962470896968783629e+00
6.451029999999999518e+02 1.960089350618480886e+00
6.458619999999999663e+02 1.967159075368768439e+00
6.466209999999999809e+02 1.969891950782588275e+00
6.473799999999999955e+02 1.965002674360506463e+00
6.481390000000000100e+02 1.966309541666632743e+00
6.488980000000000246e+02 1.971138144749513321e+00
6.496570000000000391e+02 1.960850725026101360e+00
6.504160000000000537e+02 1.973101408714755589e+00
6.511749999999999545e+02 1.975554178115164428e+00
6.519339999999999691e+02 1.974073280095155702e+00
6.526920000000000073e+02 1.966840354425691162e+00
6.534510000000000218e+02 1.969749721484039373e+00
6.542089999999999463e+02 1.966796973280213745e+00
6.549679999999999609e+02 1.971455921255799826e+00
6.557259999999999991e+02 1.971867798283442941e+00
6.564840000000000373e+02 1.975709671623609109e+00
6.572419999999999618e+02 1.965016584870941108e+00
6.580000000000000000e+02 1.974815306845240759e+00
6.587580000000000382e+02 1.977904247773754287e+00
6.595159999999999627e+02 1.972591204369269047e+00
6.602740000000000009e+02 1.973331766064728487e+00
6.610320000000000391e+02 1.970261312409320009e+00
6.617889999999999873e+02 1.968323375592198721e+00
6.625470000000000255e+02 1.972897364816155408e+00
6.633039999999999736e+02 1.975531364761159203e+00
6.640620000000000118e+02 1.968243254791094854e+00
6.648189999999999600e+02 1.971906829818728557e+00
6.655769999999999982e+02 1.967806867052912967e+00
6.663339999999999463e+02 1.976950283804844277e+00
6.670910000000000082e+02 1.977898613135933070e+00
6.678479999999999563e+02 1.975558078915951032e+00
6.686050000000000182e+02 1.983025239473886092e+00
6.693619999999999663e+02 1.974628388883370000e+00
6.701190000000000282e+02 1.980725008279087485e+00
6.708750000000000000e+02 1.978596613009423688e+00
6.716319999999999482e+02 1.970649363968607792e+00
6.723890000000000100e+02 1.981191586431897411e+00
6.731449999999999818e+02 1.976842916175001852e+00
6.739020000000000437e+02 1.981464971990251067e+00
6.746580000000000155e+02 1.982207779130421788e+00
6.754139999999999873e+02 1.981831603193622282e+00
6.761699999999999591e+02 1.979228643494689077e+00
6.769260000000000446e+02 1.991129354031976550e+00
6.776829999999999927e+02 1.986339494402355133e+00
6.784379999999999882e+02 1.995991470435243276e+00
6.791939999999999600e+02 1.995528615968620079e+00
6.799500000000000455e+02 1.988383777208884151e+00
6.807060000000000173e+02 1.987342105254180424e+00
6.814619999999999891e+02 1.998075284075480074e+00
6.822169999999999845e+02 1.996444695029804928e+00
6.829729999999999563e+02 1.991307598855399430e+00
6.837279999999999518e+02 2.002607202669082653e+00
6.844829999999999472e+02 2.002022570102867771e+00
6.852390000000000327e+02 2.009813480875736413e+00
6.859940000000000282e+02 2.008083580431446968e+00
6.867490000000000236e+02 2.003898523769098272e+00
6.875040000000000191e+02 2.015941901346219645e+00
6.882590000000000146e+02 2.010674969176663662e+00
6.890140000000000100e+02 2.015419032731107229e+00
6.897690000000000055e+02 2.029285116003349820e+00
6.905230000000000246e+02 2.024376381885882203e+00
6.912780000000000200e+02 2.021925076177371050e+00
6.920320000000000391e+02 2.022047897673080019e+00
6.927870000000000346e+02 2.026239618744075432e+00
6.935410000000000537e+02 2.027041867572070721e+00
6.942960000000000491e+02 2.027533224014268942e+00
6.950499999999999545e+02 2.033211811445756023e+00
6.958039999999999736e+02 2.028412243790704395e+00
6.965579999999999927e+02 2.033493123132962488e+00
6.973120000000000118e+02 2.044233786920217621e+00
6.980660000000000309e+02 2.042470010725486507e+00
6.988200000000000500e+02 2.038873887497691495e+00
6.995739999999999554e+02 2.047019123688900599e+00
7.003279999999999745e+02 2.049532442042834468e+00
7.010810000000000173e+02 2.050348315815206490e+00
7.018350000000000364e+02 2.051888548285075498e+00
7.025879999999999654e+02 2.060753420132159786e+00
7.033419999999999845e+02 2.053617458523915751e+00
7.040950000000000273e+02 2.065639564907908010e+00
7.048479999999999563e+02 2.064859569397069716e+00
7.056009999999999991e+02 2.063603819983709453e+00
7.063540000000000418e+02 2.069980754347295004e+00
7.071069999999999709e+02 2.066277974987670962e+00
7.078600000000000136e+02 2.069340267682449053e+00
7.086130000000000564e+02 2.075018446073743750e+00
7.093659999999999854e+02 2.075734799438586187e+00
7.101190000000000282e+02 2.083876874926636091e+00
7.108709999999999809e+02 2.081950196420565558e+00
7.116240000000000236e+02 2.079733530223444316e+00
7.123759999999999764e+02 2.084889038436184894e+00
7.131290000000000191e+02 2.086805011995374493e+00
7.138809999999999718e+02 2.091474868582355651e+00
7.146330000000000382e+02 2.089308349075840177e+00
7.153849999999999909e+02 2.085454650058170323e+00
7.161369999999999436e+02 2.098059099873342603e+00
7.168890000000000100e+02 2.096265325575648930e+00
7.176409999999999627e+02 2.101404374973760092e+00
7.183930000000000291e+02 2.105934683752114012e+00
7.191449999999999818e+02 2.106670530053570634e+00
7.198970000000000482e+02 2.112489880374487594e+00
7.206480000000000246e+02 2.107880427894837094e+00
7.213999999999999773e+02 2.112743407914631000e+00
7.221509999999999536e+02 2.111275904202824627e+00
7.229030000000000200e+02 2.118128666855002784e+00
7.236539999999999964e+02 2.121702196703773691e+00
7.244049999999999727e+02 2.112691619097184947e+00
7.251559999999999491e+02 2.127009923870066821e+00
7.259070000000000391e+02 2.129021507241435796e+00
7.266580000000000155e+02 2.121014918573916663e+00
7.274089999999999918e+02 2.118555454674297955e+00
7.281599999999999682e+02 2.118181405161730702e+00
7.289109999999999445e+02 2.123018091599092827e+00
7.296609999999999445e+02 2.117277930512345030e+00
7.304120000000000346e+02 2.114075237179280364e+00
7.311620000000000346e+02 2.109404098599604538e+00
7.319130000000000109e+02 2.123476705192044900e+00
7.326630000000000109e+02 2.112544071325149098e+00
7.334139999999999873e+02 2.109775226162454054e+00
7.341639999999999873e+02 2.113641956994864568e+00
7.349139999999999873e+02 2.106526692516359933e+00
7.356639999999999873e+02 2.110203967789012758e+00
7.364139999999999873e+02 2.103673103666128696e+00
7.371639999999999873e+02 2.107471562490410122e+00
7.379139999999999873e+02 2.105776128180973927e+00
7.386630000000000109e+02 2.118076727346147159e+00
7.394130000000000109e+02 2.114827458776210811e+00
7.401630000000000109e+02 2.111444722850746025e+00
7.409120000000000346e+02 2.108126317950326456e+00
7.416609999999999445e+02 2.113132251507904513e+00
7.424109999999999445e+02 2.111539991116108350e+00
7.431599999999999682e+02 2.114105453073170438e+00
7.439089999999999918e+02 2.117261035481703857e+00
7.446580000000000155e+02 2.108498411812216311e+00
7.454070000000000391e+02 2.114279923464922550e+00
7.461559999999999491e+02 2.118529027276074839e+00
7.469049999999999727e+02 2.107986790222702744e+00
7.476539999999999964e+02 2.103420036816448402e+00
7.484030000000000200e+02 2.109211175880874478e+00
7.491509999999999536e+02 2.099160710761116988e+00
7.498999999999999773e+02 2.094449184012467491e+00
7.506480000000000246e+02 2.096305968683788823e+00
7.513970000000000482e+02 2.093102152597393406e+00
7.521449999999999818e+02 2.095832610128646412e+00
7.528930000000000291e+02 2.092076861719830205e+00
7.536420000000000528e+02 2.091117151929251960e+00
7.543899999999999864e+02 2.098618956744916719e+00
7.551380000000000337e+02 2.085066222794148771e+00
7.558859999999999673e+02 2.081815915349393808e+00
7.566340000000000146e+02 2.082514288598219743e+00
7.573809999999999718e+02 2.079298615915616377e+00
7.581290000000000191e+02 2.075866924029497795e+00
7.588769999999999527e+02 2.080747263561907090e+00
7.596240000000000236e+02 2.078300211591084690e+00
7.603719999999999573e+02 2.083867935278327366e+00
7.611190000000000282e+02 2.077092718231484003e+00
7.618659999999999854e+02 2.079498100338356359e+00
7.626140000000000327e+02 2.082161896549879376e+00
7.633609999999999900e+02 2.078735593786208202e+00
7.641079999999999472e+02 2.068199882673387613e+00
7.648550000000000182e+02 2.077541326531308741e+00
7.656019999999999754e+02 2.079556462103513415e+00
7.663490000000000464e+02 2.076289845491051445e+00
7.670950000000000273e+02 2.071812094758340717e+00
7.678419999999999845e+02 2.079977840880482098e+00
7.685890000000000555e+02 2.080054144388834736e+00
7.693350000000000364e+02 2.075486470390500493e+00
7.700819999999999936e+02 2.076298414578859219e+00
7.708279999999999745e+02 2.075166068751559401e+00
7.715739999999999554e+02 2.078025123208898428e+00
7.723210000000000264e+02 2.084485007703496429e+00
7.730670000000000073e+02 2.084932494549794679e+00
7.738129999999999882e+02 2.083668173747235564e+00
7.745589999999999691e+02 2.087727806484533488e+00
7.753049999999999500e+02 2.089984352766784514e+00
7.760510000000000446e+02 2.091417220037642188e+00
7.767960000000000491e+02 2.103550712578157622e+00
7.775420000000000300e+02 2.098306968907980963e+00
7.782880000000000109e+02 2.106333973920775815e+00
7.790330000000000155e+02 2.108158304436710040e+00
7.797789999999999964e+02 2.111580652251257906e+00
7.805240000000000009e+02 2.108481446764386202e+00
7.812690000000000055e+02 2.117677178878103028e+00
7.820149999999999864e+02 2.117802188827410781e+00
7.827599999999999909e+02 2.119560681258306101e+00
7.835049999999999955e+02 2.126779706842156781e+00
7.842500000000000000e+02 2.130025258259365284e+00
7.849950000000000045e+02 2.137908653329680497e+00
7.857390000000000327e+02 2.135182965558209300e+00
7.864840000000000373e+02 2.135343119795316991e+00
7.872290000000000418e+02 2.145557083361099071e+00
7.879729999999999563e+02 2.158733209240545570e+00
7.887179999999999609e+02 2.162369940701027726e+00
7.894619999999999891e+02 2.160571445310968564e+00
7.902069999999999936e+02 2.162149412895381317e+00
7.909510000000000218e+02 2.172046382056969982e+00
7.916950000000000500e+02 2.175597447090504399e+00
7.924389999999999645e+02 2.172916027108116932e+00
7.931829999999999927e+02 2.193323447822262739e+00
7.939270000000000209e+02 2.193935901264725707e+00
7.946710000000000491e+02 2.191183590766897282e+00
7.954149999999999636e+02 2.198921514131849442e+00
7.961589999999999918e+02 2.197750338426179617e+00
7.969020000000000437e+02 2.212907894589859925e+00
7.976459999999999582e+02 2.213401533873847526e+00
7.983890000000000100e+02 2.221356268826419011e+00
7.991330000000000382e+02 2.228662259356693376e+00
7.998759999999999764e+02 2.228409492074930665e+00
8.006190000000000282e+02 2.233636888275676746e+00
8.013630000000000564e+02 2.242867052149729368e+00
8.021059999999999945e+02 2.245164114049809534e+00
8.028490000000000464e+02 2.252378799162672696e+00
8.035919999999999845e+02 2.257816073219310216e+00
8.043350000000000364e+02 2.256741994515349514e+00
8.050769999999999982e+02 2.263926946633435300e+00
8.058200000000000500e+02 2.277154678045540503e+00
8.065629999999999882e+02 2.274929958550287346e+00
8.073049999999999500e+02 2.276823030853711405e+00
8.080480000000000018e+02 2.288952337335039111e+00
8.087899999999999636e+02 2.290526606689068601e+00
8.095330000000000155e+02 2.299611750264344945e+00
8.102749999999999773e+02 2.303185407865545375e+00
8.110170000000000528e+02 2.310514348211819780e+00
8.117590000000000146e+02 2.320353497575439849e+00
8.125009999999999764e+02 2.323773918211700096e+00
8.132430000000000518e+02 2.329393982338942237e+00
8.139850000000000136e+02 2.326601363581718651e+00
8.147269999999999754e+02 2.330006605359419947e+00
8.154679999999999609e+02 2.337968651774461115e+00
8.162100000000000364e+02 2.353463354190503232e+00
8.169510000000000218e+02 2.343773165202973630e+00
8.176929999999999836e+02 2.348643655354957893e+00
8.184339999999999691e+02 2.352504837806689064e+00
8.191760000000000446e+02 2.360228233462713821e+00
8.199170000000000300e+02 2.367874374158175588e+00
8.206580000000000155e+02 2.365798141539220634e+00
8.213990000000000009e+02 2.370243500684498628e+00
8.221399999999999864e+02 2.381662762701282521e+00
8.228809999999999718e+02 2.381878790945574309e+00
8.236219999999999573e+02 2.385847416343305216e+00
8.243630000000000564e+02 2.392401426672165599e+00
8.251029999999999518e+02 2.390105541228652708e+00
8.258440000000000509e+02 2.401638761408166012e+00
8.265839999999999463e+02 2.404410259541984285e+00
8.273250000000000455e+02 2.404659918460759549e+00
8.280650000000000546e+02 2.410978058711933159e+00
8.288049999999999500e+02 2.418418909813158546e+00
8.295460000000000491e+02 2.414794074486467323e+00
8.302859999999999445e+02 2.424713020096167515e+00
8.310259999999999536e+02 2.428717539082253296e+00
8.317659999999999627e+02 2.431065005210215624e+00
8.325059999999999718e+02 2.431492905271064320e+00
8.332459999999999809e+02 2.431313572421969216e+00
8.339850000000000136e+02 2.446400698152390696e+00
8.347250000000000227e+02 2.445923402654851309e+00
8.354650000000000318e+02 2.453689668766663612e+00
8.362039999999999509e+02 2.452817480832007568e+00
8.369439999999999600e+02 2.457516551753226253e+00
8.376829999999999927e+02 2.455899708518738844e+00
8.384220000000000255e+02 2.455525300146174317e+00
8.391609999999999445e+02 2.464658463987159376e+00
8.398999999999999773e+02 2.472209821793709406e+00
8.406390000000000100e+02 2.484350646409165364e+00
8.413780000000000427e+02 2.476102776094664115e+00
8.421169999999999618e+02 2.478645683990745585e+00
8.428559999999999945e+02 2.481271311755263831e+00
8.435950000000000273e+02 2.488288186572473304e+00
8.443339999999999463e+02 2.484378425820936265e+00
8.450720000000000027e+02 2.495120362674076109e+00
8.458110000000000355e+02 2.500327111047506712e+00
8.465489999999999782e+02 2.507551504193827885e+00
8.472870000000000346e+02 2.505262425059436193e+00
8.480259999999999536e+02 2.506608024218924147e+00
8.487640000000000100e+02 2.511301759409557022e+00
8.495019999999999527e+02 2.514531572680280824e+00
8.502400000000000091e+02 2.520535745946054007e+00
8.509779999999999518e+02 2.531447915265703674e+00
8.517160000000000082e+02 2.533007194284401020e+00
8.524529999999999745e+02 2.528285501118543888e+00
8.531910000000000309e+02 2.526266898210288492e+00
8.539289999999999736e+02 2.536584822516333215e+00
8.546660000000000537e+02 2.541562986622390774e+00
8.554039999999999964e+02 2.550105828699292587e+00
8.561409999999999627e+02 2.555866341154923393e+00
8.568790000000000191e+02 2.543849345596523648e+00
8.576159999999999854e+02 2.558080395883074232e+00
8.583529999999999518e+02 2.564144198813658182e+00
8.590900000000000318e+02 2.567244716847008501e+00
8.598269999999999982e+02 2.564339498278903395e+00
8.605639999999999645e+02 2.571509502505779032e+00
8.613010000000000446e+02 2.583915991531187117e+00
8.620380000000000109e+02 2.577392492184424455e+00
8.627740000000000009e+02 2.594841374420949531e+00
8.635109999999999673e+02 2.589526456935164145e+00
8.642469999999999573e+02 2.594756361961860769e+00
8.649840000000000373e+02 2.601776626909116708e+00
8.657200000000000273e+02 2.608547604700774514e+00
8.664569999999999936e+02 2.612095755019874233e+00
8.671929999999999836e+02 2.621854823098294762e+00
8.679289999999999736e+02 2.624211993232087980e+00
8.686649999999999636e+02 2.619285406464486599e+00
8.694009999999999536e+02 2.625873864097675980e+00
8.701369999999999436e+02 2.637711932507246004e+00
8.708730000000000473e+02 2.648223962464703707e+00
8.716079999999999472e+02 2.658955750491592607e+00
8.723440000000000509e+02 2.661333742713793526e+00
8.730800000000000409e+02 2.669479027347848810e+00
8.738150000000000546e+02 2.675661548408402535e+00
8.745510000000000446e+02 2.687224118165850939e+00
8.752859999999999445e+02 2.687689572736529087e+00
8.760209999999999582e+02 2.699071670927584599e+00
8.767569999999999482e+02 2.708562398665945281e+00
8.774919999999999618e+02 2.716349001148192333e+00
8.782269999999999754e+02 2.709959983182806287e+00
8.789619999999999891e+02 2.724441297490777902e+00
8.796970000000000027e+02 2.728958828532726422e+00
8.804310000000000400e+02 2.730343293134839477e+00
8.811660000000000537e+02 2.739571175899135902e+00
8.819009999999999536e+02 2.739568136144790333e+00
8.826349999999999909e+02 2.748048114424000765e+00
8.833700000000000045e+02 2.748215445711406968e+00
8.841040000000000418e+02 2.746117443554075166e+00
8.848390000000000555e+02 2.750527284026525354e+00
8.855729999999999791e+02 2.753593470947595101e+00
8.863070000000000164e+02 2.763230266230144672e+00
8.870410000000000537e+02 2.768041370627543074e+00
8.877749999999999773e+02 2.776187383857680491e+00
8.885090000000000146e+02 2.780529353986147534e+00
8.892430000000000518e+02 2.784690793952208310e+00
8.899769999999999754e+02 2.786732607893527724e+00
8.907110000000000127e+02 2.804336541947884065e+00
8.914439999999999600e+02 2.799016841409997181e+00
8.921779999999999973e+02 2.815778291633574071e+00
8.929109999999999445e+02 2.817468619414645215e+00
8.936449999999999818e+02 2.835416932598469941e+00
8.943780000000000427e+02 2.834253576931974550e+00
8.951109999999999900e+02 2.851318462016565913e+00
8.958440000000000509e+02 2.852035133790943977e+00
8.965769999999999982e+02 2.860367781567213274e+00
8.973099999999999454e+02 2.857482262379942739e+00
8.980430000000000064e+02 2.875401687821723229e+00
8.987759999999999536e+02 2.878238823231444865e+00
8.995090000000000146e+02 2.891417219907173930e+00
9.002419999999999618e+02 2.898408795617446909e+00
9.009740000000000464e+02 2.902914625862365039e+00
9.017069999999999936e+02 2.911126819952752243e+00
9.024389999999999645e+02 2.913808343815131874e+00
9.031720000000000255e+02 2.930236900368274444e+00
9.039039999999999964e+02 2.932319154406580086e+00
9.046359999999999673e+02 2.946051136616134603e+00
9.053680000000000518e+02 2.944009370168724882e+00
9.061000000000000227e+02 2.968156358264183226e+00
9.068319999999999936e+02 2.972066210452709356e+00
9.075639999999999645e+02 2.976661733613175986e+00
9.082960000000000491e+02 2.988348253326323256e+00
9.090280000000000200e+02 3.002912535195405130e+00
9.097599999999999909e+02 3.006641859979880760e+00
9.104909999999999854e+02 3.011318977666655794e+00
9.112229999999999563e+02 3.023141634529909361e+00
9.119539999999999509e+02 3.044594657343398847e+00
9.126860000000000355e+02 3.041622225568684001e+00
9.134170000000000300e+02 3.044880659094970632e+00
9.141480000000000246e+02 3.065050493293536960e+00
9.148790000000000191e+02 3.074344617250154066e+00
9.156100000000000136e+02 3.088215959989392356e+00
9.163410000000000082e+02 3.094919989743346811e+00
9.170720000000000027e+02 3.099051574405824461e+00
9.178029999999999973e+02 3.120483432156245573e+00
9.185339999999999918e+02 3.126513478762608322e+00
9.192640000000000100e+02 3.154969087645800307e+00
9.199950000000000045e+02 3.172145717776193585e+00
9.207250000000000227e+02 3.177433775256881532e+00
9.214560000000000173e+02 3.201269021880683852e+00
9.221860000000000355e+02 3.208274016666713191e+00
9.229160000000000537e+02 3.229872333219652614e+00
9.236470000000000482e+02 3.243225316948335823e+00
9.243769999999999527e+02 3.262855139702553586e+00
9.251069999999999709e+02 3.287176942288282611e+00
9.258369999999999891e+02 3.319552000347693266e+00
9.265670000000000073e+02 3.328621241343989290e+00
9.272960000000000491e+02 3.365243199082970094e+00
9.280259999999999536e+02 3.379577705600262494e+00
9.287559999999999718e+02 3.403518066564463318e+00
9.294850000000000136e+02 3.428417098479495717e+00
9.302150000000000318e+02 3.464095487130181450e+00
9.309439999999999600e+02 3.492157875232936526e+00
9.316730000000000018e+02 3.532377230242868649e+00
9.324030000000000200e+02 3.562615039753004975e+00
9.331319999999999482e+02 3.626010779374236215e+00
9.338609999999999900e+02 3.667259904687509842e+00
9.345900000000000318e+02 3.717477744550248708e+00
9.353189999999999600e+02 3.790230191547034000e+00
9.360480000000000018e+02 3.836147843618936015e+00
9.367770000000000437e+02 3.912861326216841462e+00
9.375049999999999955e+02 3.987514116999870684e+00
9.382340000000000373e+02 4.084216383926300153e+00
9.389619999999999891e+02 4.163164318189670254e+00
9.396910000000000309e+02 4.262176248862921568e+00
9.404189999999999827e+02 4.337944134192439627e+00
9.411480000000000246e+02 4.407922294840200372e+00
9.418759999999999764e+02 4.456254063147427225e+00
9.426040000000000418e+02 4.504543470818359374e+00
9.433319999999999936e+02 4.556320888888869547e+00
9.440599999999999454e+02 4.583897972741398874e+00
9.447880000000000109e+02 4.584562635881479054e+00
9.455159999999999627e+02 4.588531827738483670e+00
9.462430000000000518e+02 4.587217701522979141e+00
9.469710000000000036e+02 4.577376530678392896e+00
9.476989999999999554e+02 4.556701638845034097e+00
9.484260000000000446e+02 4.508996979067829258e+00
9.491539999999999964e+02 4.507022419133113189e+00
9.498809999999999718e+02 4.468718443858063161e+00
9.506079999999999472e+02 4.453490212099217693e+00
9.513360000000000127e+02 4.409819575988185747e+00
9.520629999999999882e+02 4.383858922820856208e+00
9.527899999999999636e+02 4.381626435617890891e+00
9.535170000000000528e+02 4.362230254979508892e+00
9.542440000000000282e+02 4.339402387409399431e+00
9.549700000000000273e+02 4.333610684574473737e+00
9.556970000000000027e+02 4.320629707344345150e+00
9.564239999999999782e+02 4.293969409305006479e+00
9.571499999999999773e+02 4.285757237109920403e+00
9.578769999999999527e+02 4.289344928325871109e+00
9.586029999999999518e+02 4.279863527134161849e+00
9.593300000000000409e+02 4.273592381059870604e+00
9.600560000000000400e+02 4.264434238994236459e+00
9.607820000000000391e+02 4.266421837688699092e+00
9.615080000000000382e+02 4.270707351850731470e+00
9.622340000000000373e+02 4.260752584637820028e+00
9.629600000000000364e+02 4.260384782565200368e+00
9.636860000000000355e+02 4.269094635986401265e+00
9.644120000000000346e+02 4.282661161822059803e+00
9.651369999999999436e+02 4.308047218112328380e+00
9.658630000000000564e+02 4.301815699678410709e+00
9.665890000000000555e+02 4.324005497150252175e+00
9.673139999999999645e+02 4.357880436768605925e+00
9.680399999999999636e+02 4.358308610325957844e+00
9.687649999999999864e+02 4.387832003735935515e+00
9.694900000000000091e+02 4.393726759287046590e+00
9.702150000000000318e+02 4.410028860464125344e+00
9.709400000000000546e+02 4.452460681646241092e+00
9.716649999999999636e+02 4.460959232915744366e+00
9.723899999999999864e+02 4.477915515792045831e+00
9.731150000000000091e+02 4.512075559967273719e+00
9.738400000000000318e+02 4.516694712152069080e+00
9.745650000000000546e+02 4.548310371141789155e+00
9.752889999999999873e+02 4.574418291765753430e+00
9.760140000000000100e+02 4.613600862299226613e+00
9.767380000000000564e+02 4.639728626668496503e+00
9.774629999999999654e+02 4.677911295618761400e+00
9.781870000000000118e+02 4.703752208715773264e+00
9.789109999999999445e+02 4.731989487214559809e+00
9.796349999999999909e+02 4.779750912533609508e+00
9.803590000000000373e+02 4.791587514427395611e+00
9.810829999999999700e+02 4.839303769247786491e+00
9.818070000000000164e+02 4.880677831091775332e+00
9.825309999999999491e+02 4.898766254474944404e+00
9.832549999999999955e+02 4.941823541103221196e+00
9.839779999999999518e+02 4.993840247895857232e+00
9.847019999999999982e+02 5.043866664067850891e+00
9.854249999999999545e+02 5.095371614432995244e+00
9.861490000000000009e+02 5.167003632767803722e+00
9.868719999999999573e+02 5.209829742176434131e+00
9.875960000000000036e+02 5.262954014110439616e+00
9.883189999999999600e+02 5.299616287783295299e+00
9.890420000000000300e+02 5.358785895960890500e+00
9.897649999999999864e+02 5.395295673347846765e+00
9.904880000000000564e+02 5.442519383095736352e+00
9.912110000000000127e+02 5.486984467638269081e+00
9.919339999999999691e+02 5.506584396538779735e+00
9.926559999999999491e+02 5.570416789776125199e+00
9.933790000000000191e+02 5.593403467509257432e+00
9.941009999999999991e+02 5.634496077355347410e+00
9.948239999999999554e+02 5.684571016279123867e+00
9.955460000000000491e+02 5.699039719125941872e+00
9.962690000000000055e+02 5.721720516772187182e+00
9.969909999999999854e+02 5.736821474179110147e+00
9.977129999999999654e+02 5.775085322847115066e+00
9.984349999999999454e+02 5.818367228780428668e+00
9.991570000000000391e+02 5.852582196955191662e+00
9.998790000000000191e+02 5.888323015727477738e+00
1.000600999999999999e+03 5.926884473426154543e+00
1.001322999999999979e+03 5.984439706030816097e+00
1.002043999999999983e+03 6.007492623462280079e+00
1.002765999999999963e+03 6.054596782765422347e+00
1.003488000000000056e+03 6.079508212253897703e+00
1.004208999999999946e+03 6.110670084843339289e+00
1.004929999999999950e+03 6.159419819959047082e+00
1.005652000000000044e+03 6.193406336357065278e+00
1.006373000000000047e+03 6.273814917889037446e+00
1.007094000000000051e+03 6.327743773185163789e+00
1.007815000000000055e+03 6.380991277784101356e+00
1.008535999999999945e+03 6.448587819561556245e+00
1.009256999999999948e+03 6.509962551374680828e+00
1.009977999999999952e+03 6.579650081481511315e+00
1.010698999999999955e+03 6.634626197023733241e+00
1.011418999999999983e+03 6.717630777517132223e+00
1.012139999999999986e+03 6.762759808437049713e+00
1.012860999999999990e+03 6.854576645200419982e+00
1.013581000000000017e+03 6.944139619446951350e+00
1.014301000000000045e+03 7.026309935817067753e+00
1.015022000000000048e+03 7.106086866565846094e+00
1.015741999999999962e+03 7.222422066880907821e+00
1.016461999999999989e+03 7.292559643408018211e+00
1.017182000000000016e+03 7.365091510746978543e+00
1.017902000000000044e+03 7.470730423201669801e+00
1.018621999999999957e+03 7.541058106234607372e+00
1.019341999999999985e+03 7.632988083661575551e+00
1.020061000000000035e+03 7.741428599245351982e+00
1.020780999999999949e+03 7.824278975041401019e+00
1.021500999999999976e+03 7.940930240235978488e+00
1.022220000000000027e+03 8.073170280725010528e+00
1.022940000000000055e+03 8.235290333577975019e+00
1.023658999999999992e+03 8.332598922666862862e+00
1.024377999999999929e+03 8.454518443821333662e+00
1.025096999999999980e+03 8.578866939104468514e+00
1.025816000000000031e+03 8.629612483573373183e+00
1.026535000000000082e+03 8.804700739387410380e+00
1.027253999999999905e+03 8.912489790404652723e+00
1.027972999999999956e+03 9.077691066033997558e+00
1.028692000000000007e+03 9.195980560051509656e+00
1.029411000000000058e+03 9.361127564314189797e+00
1.030128999999999905e+03 9.527227103632391447e+00
1.030847999999999956e+03 9.703796497577304336e+00
1.031566000000000031e+03 9.843656665463978328e+00
1.032285000000000082e+03 1.004940063823839047e+01
1.033002999999999929e+03 1.020109092313423282e+01
1.033721000000000004e+03 1.031602269534217520e+01
1.034439000000000078e+03 1.051936645383440982e+01
1.035157999999999902e+03 1.069958156077283284e+01
1.035875999999999976e+03 1.089179226928035504e+01
1.036593000000000075e+03 1.107514975947974456e+01
1.037310999999999922e+03 1.126512908732625817e+01
1.038028999999999996e+03 1.153552460269329138e+01
1.038747000000000071e+03 1.177816526379315931e+01
1.039463999999999942e+03 1.196079791299063722e+01
1.040182000000000016e+03 1.215302280781928346e+01
1.040898999999999887e+03 1.241257090511511230e+01
1.041616999999999962e+03 1.262713024368805748e+01
1.042334000000000060e+03 1.280737313513670017e+01
1.043050999999999931e+03 1.315391005712298522e+01
1.043768000000000029e+03 1.343821934519977113e+01
1.044484999999999900e+03 1.376613028871799749e+01
1.045201999999999998e+03 1.408047503777581966e+01
1.045919000000000096e+03 1.439728297027561155e+01
1.046635999999999967e+03 1.470723292064926113e+01
1.047353000000000065e+03 1.508509531704465445e+01
1.048068999999999960e+03 1.536656587554282360e+01
1.048786000000000058e+03 1.573474103504385546e+01
1.049502999999999929e+03 1.619417059235907530e+01
1.050219000000000051e+03 1.656363007607474103e+01
1.050934999999999945e+03 1.702467646747324181e+01
1.051652000000000044e+03 1.749437702325348809e+01
1.052367999999999938e+03 1.792202424068136679e+01
1.053084000000000060e+03 1.818061985855526785e+01
1.053799999999999955e+03 1.877568150308569628e+01
1.054516000000000076e+03 1.929461775679568802e+01
1.055231999999999971e+03 1.988187478288635290e+01
1.055946999999999889e+03 2.036402525283143916e+01
1.056663000000000011e+03 2.099171062794225406e+01
1.057378999999999905e+03 2.121846707355762618e+01
1.058094000000000051e+03 2.193751961538610828e+01
1.058809999999999945e+03 2.255925998171419877e+01
1.059525000000000091e+03 2.310885661928354651e+01
1.060240999999999985e+03 2.401650482062614600e+01
1.060955999999999904e+03 2.439364209697477648e+01
1.061671000000000049e+03 2.501003997660297529e+01
1.062385999999999967e+03 2.569739089221032557e+01
1.063101000000000113e+03 2.636755533298261156e+01
1.063816000000000031e+03 2.779928148758452977e+01
