2.828559999999999945e+02 -3.145756837645001802e-01
2.836510000000000105e+02 -3.640500639242223446e-01
2.844460000000000264e+02 -4.288962241566832145e-01
2.852409999999999854e+02 -5.925806401028416159e-01
2.860360000000000014e+02 -4.899555034111555130e-01
2.868310000000000173e+02 -8.309635057745611286e-01
2.876259999999999764e+02 -6.237683462763992104e-01
2.884209999999999923e+02 -1.025407658029602764e+00
2.892160000000000082e+02 -5.546845502445539866e-01
2.900099999999999909e+02 -5.660291238432791916e-01
2.908050000000000068e+02 -7.947182577443919760e-01
2.915989999999999895e+02 -8.287750646937667165e-01
2.923940000000000055e+02 -4.783362063479458248e-01
2.931879999999999882e+02 -4.996015055494796853e-01
2.939820000000000277e+02 -4.705805737584344839e-01
2.947769999999999868e+02 -4.085694925895600460e-01
2.955710000000000264e+02 -4.298183292678997014e-01
2.963650000000000091e+02 -2.910476666257268419e-01
2.971589999999999918e+02 -3.320677174907274987e-01
2.979529999999999745e+02 -1.643323919369581998e-01
2.987459999999999809e+02 -1.385097736194629836e-01
2.995400000000000205e+02 -5.574410707891070543e-02
3.003340000000000032e+02 4.435032498319866484e-02
3.011270000000000095e+02 1.428044177615693522e-01
3.019209999999999923e+02 2.499559836237836563e-01
3.027139999999999986e+02 4.435887015677367762e-01
3.035070000000000050e+02 6.008461793210223556e-01
3.043009999999999877e+02 7.556925334779773795e-01
3.050939999999999941e+02 1.047478829356721652e+00
3.058870000000000005e+02 1.015351530346608744e+00
3.066800000000000068e+02 1.102334415719899319e+00
3.074730000000000132e+02 1.438201189726932450e+00
3.082660000000000196e+02 2.005286170139999324e+00
3.090590000000000259e+02 1.982481366147617052e+00
3.098509999999999991e+02 2.051844073717520534e+00
3.106440000000000055e+02 2.059968083765422620e+00
3.114370000000000118e+02 1.902984773650627792e+00
3.122289999999999850e+02 3.234430429356846659e+00
3.130210000000000150e+02 3.492858652758545901e+00
3.138140000000000214e+02 2.664863321824749942e+00
3.146059999999999945e+02 3.124425770256678003e+00
3.153980000000000246e+02 2.940248836475833016e+00
3.161899999999999977e+02 4.886431093252477709e+00
3.169820000000000277e+02 4.762680989128837972e+00
3.177740000000000009e+02 4.729859368813152720e+00
3.185659999999999741e+02 6.649537878821156767e+00
3.193580000000000041e+02 7.475820117587960389e+00
3.201499999999999773e+02 5.309227566546223187e+00
3.209409999999999741e+02 1.232302893246320963e+01
3.217330000000000041e+02 8.103139277303595733e+00
3.225240000000000009e+02 8.334562756486187496e+00
3.233159999999999741e+02 1.174917235005461791e+01
3.241070000000000277e+02 8.798561667677249787e+00
3.248980000000000246e+02 1.395172602422234931e+01
3.256899999999999977e+02 1.536634634911105302e+01
3.264809999999999945e+02 1.038404542938593167e+01
3.272719999999999914e+02 1.253575651368074162e+01
3.280629999999999882e+02 1.163613798219879669e+01
3.288539999999999850e+02 1.621610038498632633e+01
3.296440000000000055e+02 1.651719025551942721e+01
3.304350000000000023e+02 1.491574707397306021e+01
3.312259999999999991e+02 1.775873334745826426e+01
3.320160000000000196e+02 1.806082222330740450e+01
3.328070000000000164e+02 1.212407806152662459e+01
3.335969999999999800e+02 2.478378760410153347e+01
3.343879999999999768e+02 1.700840320199243294e+01
3.351779999999999973e+02 1.913965892335109942e+01
3.359680000000000177e+02 1.249939896030246977e+01
3.367579999999999814e+02 2.592497051518444451e+01
3.375480000000000018e+02 2.103577381106882882e+01
3.383380000000000223e+02 1.915080713137506052e+01
3.391279999999999859e+02 2.525933483506770472e+01
3.399180000000000064e+02 2.007594117556995883e+01
3.407080000000000268e+02 5.502311459069031940e+01
3.414970000000000141e+02 3.208078639398346610e+01
3.422869999999999777e+02 3.022349084695360588e+01
3.430760000000000218e+02 3.073134751899134187e+01
3.438659999999999854e+02 2.098738944235209303e+01
3.446549999999999727e+02 3.717538283222413753e+01
3.454440000000000168e+02 3.147345880782814831e+01
3.462330000000000041e+02 3.051063490006118073e+01
3.470230000000000246e+02 4.316779510712213863e+01
3.478120000000000118e+02 2.545493852615975428e+01
3.486009999999999991e+02 2.868990710290766444e+01
3.493890000000000100e+02 4.130571514355682439e+01
3.501779999999999973e+02 2.844254731607870923e+01
3.509669999999999845e+02 4.270686191544567123e+01
3.517559999999999718e+02 4.210835431766962955e+01
3.525439999999999827e+02 6.963887240438829451e+01
3.533330000000000268e+02 2.946849322203577515e+01
3.541209999999999809e+02 5.118995559394635819e+01
3.549089999999999918e+02 9.240020175956702531e+01
3.556979999999999791e+02 3.784726434614041324e+01
3.564859999999999900e+02 6.023464985135120742e+01
3.572740000000000009e+02 4.915581225365346540e+01
3.580620000000000118e+02 4.848419072572037436e+01
3.588500000000000227e+02 5.312578551159300133e+01
3.596379999999999768e+02 6.834192290836197969e+01
3.604259999999999877e+02 3.819910015651626622e+01
3.612130000000000223e+02 3.228517350961312360e+01
3.620009999999999764e+02 4.133548401793314753e+01
3.627889999999999873e+02 6.177254529714280551e+01
3.635760000000000218e+02 3.473115107777086763e+01
3.643639999999999759e+02 8.088659600653291193e+01
3.651510000000000105e+02 4.391498533127423798e+01
3.659379999999999882e+02 4.494280855203636094e+01
3.667250000000000227e+02 4.445536527721009890e+01
3.675120000000000005e+02 3.936918764002906101e+01
3.683000000000000114e+02 7.525583429774569311e+01
3.690860000000000127e+02 4.038748853908271030e+01
3.698729999999999905e+02 5.397811065516565066e+01
3.706600000000000250e+02 3.775075108124980261e+01
3.714470000000000027e+02 3.613821159439694952e+01
3.722339999999999804e+02 5.362070916931817521e+01
3.730199999999999818e+02 3.785492393141284140e+01
3.738070000000000164e+02 7.477021870817600302e+01
3.745930000000000177e+02 5.071340622609616844e+01
3.753790000000000191e+02 5.396816792925272921e+01
3.761659999999999968e+02 3.926617540388330241e+01
3.769519999999999982e+02 6.728397668094453365e+01
3.777379999999999995e+02 4.516328103567019525e+01
3.785240000000000009e+02 5.559720885919518452e+01
3.793100000000000023e+02 4.289954151846303176e+01
3.800960000000000036e+02 7.531159366617605144e+01
3.808820000000000050e+02 5.018431006008630391e+01
3.816669999999999732e+02 4.435058325246009758e+01
3.824529999999999745e+02 5.311188489554719894e+01
3.832389999999999759e+02 3.940250519795574036e+01
3.840240000000000009e+02 6.515655138045650574e+01
3.848100000000000023e+02 7.238202486208521691e+01
3.855950000000000273e+02 5.893749612000230798e+01
3.863799999999999955e+02 5.276023124136418119e+01
3.871650000000000205e+02 4.861692856865607126e+01
3.879499999999999886e+02 5.847364280475868270e+01
3.887350000000000136e+02 5.983337468603453857e+01
3.895199999999999818e+02 4.755193393515576616e+01
3.903050000000000068e+02 5.025788565544651476e+01
3.910899999999999750e+02 7.036765610296519924e+01
3.918750000000000000e+02 5.829650572864382951e+01
3.926600000000000250e+02 4.264256254913701838e+01
3.934440000000000168e+02 5.127522878151586383e+01
3.942289999999999850e+02 4.889067823362386633e+01
3.950129999999999768e+02 5.263818022017014897e+01
3.957970000000000255e+02 4.670811302450840685e+01
3.965819999999999936e+02 5.156806017168890577e+01
3.973659999999999854e+02 4.534836975091486977e+01
3.981499999999999773e+02 4.842450158130639437e+01
3.989340000000000259e+02 4.886937328320788509e+01
3.997180000000000177e+02 5.288432214130887132e+01
4.005020000000000095e+02 5.057862605023785818e+01
4.012860000000000014e+02 5.935984730976494461e+01
4.020690000000000168e+02 4.673143082076798294e+01
4.028530000000000086e+02 5.611398295557371796e+01
4.036370000000000005e+02 5.240139682297821366e+01
4.044200000000000159e+02 4.729879292411084180e+01
4.052029999999999745e+02 4.720440363811977846e+01
4.059870000000000232e+02 4.588158079691283575e+01
4.067699999999999818e+02 3.831283573442385659e+01
4.075529999999999973e+02 4.375339092258162310e+01
4.083360000000000127e+02 4.529322451459312759e+01
4.091190000000000282e+02 4.065855966559239931e+01
4.099019999999999868e+02 4.706243923224624126e+01
4.106850000000000023e+02 4.259931238254050356e+01
4.114680000000000177e+02 4.376581715082073742e+01
4.122509999999999764e+02 4.010987747584530894e+01
4.130330000000000155e+02 4.020056006679792659e+01
4.138159999999999741e+02 3.913888564104858148e+01
4.145989999999999895e+02 3.925077127357872797e+01
4.153809999999999718e+02 3.870282598448677902e+01
4.161630000000000109e+02 3.746765966251565061e+01
4.169460000000000264e+02 4.136433968490104007e+01
4.177280000000000086e+02 3.716607794952831512e+01
4.185099999999999909e+02 3.916234801584388237e+01
4.192919999999999732e+02 3.736293059527753968e+01
4.200740000000000123e+02 4.107678732189013004e+01
4.208559999999999945e+02 4.026290139146717451e+01
4.216379999999999768e+02 3.778344247743794426e+01
4.224189999999999827e+02 3.561270871103768343e+01
4.232010000000000218e+02 3.871109734530276114e+01
4.239830000000000041e+02 3.722519875805030409e+01
4.247640000000000100e+02 3.671873298377227712e+01
4.255450000000000159e+02 3.685385987574301225e+01
4.263269999999999982e+02 3.507724384392465566e+01
4.271080000000000041e+02 3.726342201355126349e+01
4.278890000000000100e+02 3.688853865964154011e+01
4.286700000000000159e+02 3.298152370834212377e+01
4.294510000000000218e+02 3.954643081273077598e+01
4.302320000000000277e+02 3.940188443023307485e+01
4.310129999999999768e+02 3.660065214757638330e+01
4.317939999999999827e+02 3.363682747347081659e+01
4.325749999999999886e+02 3.468620786584520488e+01
4.333550000000000182e+02 3.728264283059561990e+01
4.341360000000000241e+02 3.312791804426228026e+01
4.349159999999999968e+02 3.490846770617270067e+01
4.356970000000000027e+02 3.505514504384241548e+01
4.364769999999999754e+02 3.365111404339199197e+01
4.372570000000000050e+02 3.116803891481131217e+01
4.380380000000000109e+02 3.343522445912012842e+01
4.388179999999999836e+02 3.194436295291322381e+01
4.395980000000000132e+02 3.501805161525469146e+01
4.403779999999999859e+02 3.275908224423979220e+01
4.411580000000000155e+02 3.325319199537185710e+01
4.419370000000000118e+02 3.334156838518903498e+01
4.427169999999999845e+02 3.160561122155595726e+01
4.434970000000000141e+02 3.323528082043268483e+01
4.442760000000000105e+02 3.364676635753077960e+01
4.450559999999999832e+02 3.206956755262586967e+01
4.458349999999999795e+02 3.201435700248803329e+01
4.466150000000000091e+02 3.262179048708676987e+01
4.473940000000000055e+02 3.343684965261628861e+01
4.481730000000000018e+02 3.196861684564547090e+01
4.489519999999999982e+02 3.076167228043514257e+01
4.497309999999999945e+02 3.105138346075558076e+01
4.505099999999999909e+02 3.159311695591134139e+01
4.512889999999999873e+02 3.153048676378881154e+01
4.520679999999999836e+02 3.027642100044676354e+01
4.528469999999999800e+02 3.046646804554994148e+01
4.536250000000000000e+02 3.115519138123840293e+01
4.544039999999999964e+02 3.005704888779241557e+01
4.551820000000000164e+02 3.124815918173311147e+01
4.559610000000000127e+02 2.943484035250784103e+01
4.567389999999999759e+02 2.957620836157262545e+01
4.575169999999999959e+02 3.086143388412075694e+01
4.582959999999999923e+02 2.887967026747224963e+01
4.590740000000000123e+02 3.028938849052924098e+01
4.598519999999999754e+02 2.965950614010491293e+01
4.606299999999999955e+02 2.937922933707726969e+01
4.614069999999999823e+02 2.872579091118625172e+01
4.621850000000000023e+02 2.832776931410812793e+01
4.629630000000000223e+02 2.949930581399663154e+01
4.637409999999999854e+02 2.847337236986037823e+01
4.645179999999999723e+02 2.858185812261914549e+01
4.652959999999999923e+02 2.859486786515403267e+01
4.660729999999999791e+02 2.782986190742285615e+01
4.668500000000000227e+02 2.798183012419187676e+01
4.676279999999999859e+02 2.764254711511337348e+01
4.684049999999999727e+02 2.730829525631896004e+01
4.691820000000000164e+02 2.799759825385497081e+01
4.699590000000000032e+02 2.728365705226642746e+01
4.707359999999999900e+02 2.701185143830928936e+01
4.715129999999999768e+02 2.771955628611504352e+01
4.722900000000000205e+02 2.684074351854592422e+01
4.730659999999999741e+02 2.671281688648748087e+01
4.738430000000000177e+02 2.693087946342222949e+01
4.746200000000000045e+02 2.722534793511366757e+01
4.753960000000000150e+02 2.664804763208774929e+01
4.761720000000000255e+02 2.574105962287608307e+01
4.769490000000000123e+02 2.603755985963180919e+01
4.777250000000000227e+02 2.509070393499842311e+01
4.785009999999999764e+02 2.568409228815365353e+01
4.792769999999999868e+02 2.572639549154871830e+01
4.800529999999999973e+02 2.467782460633322827e+01
4.808290000000000077e+02 2.542373710539157372e+01
4.816050000000000182e+02 2.480482166394456911e+01
4.823809999999999718e+02 2.548394604087384252e+01
4.831569999999999823e+02 2.458856090101379976e+01
4.839320000000000164e+02 2.510695423501134016e+01
4.847080000000000268e+02 2.441184262741574074e+01
4.854830000000000041e+02 2.468261539761119749e+01
4.862590000000000146e+02 2.469236543770399450e+01
4.870339999999999918e+02 2.469514832660507864e+01
4.878090000000000259e+02 2.412705590947566492e+01
4.885840000000000032e+02 2.422254858603429639e+01
4.893600000000000136e+02 2.328659863690663556e+01
4.901349999999999909e+02 2.367456511570521371e+01
4.909100000000000250e+02 2.386486993687598002e+01
4.916840000000000259e+02 2.333803536819911884e+01
4.924590000000000032e+02 2.388290137554631798e+01
4.932339999999999804e+02 2.415183015140776135e+01
4.940090000000000146e+02 2.307477944471590803e+01
4.947830000000000155e+02 2.363441875078587628e+01
4.955579999999999927e+02 2.353047004519500263e+01
4.963319999999999936e+02 2.300016650272382179e+01
4.971059999999999945e+02 2.263709390165422874e+01
4.978809999999999718e+02 2.308693377777256828e+01
4.986549999999999727e+02 2.269479443266320828e+01
4.994289999999999736e+02 2.281229300212867628e+01
5.002029999999999745e+02 2.266010883651509644e+01
5.009769999999999754e+02 2.288037731017624665e+01
5.017509999999999764e+02 2.266624667544369487e+01
5.025240000000000009e+02 2.260648711377638875e+01
5.032980000000000018e+02 2.264271317117234972e+01
5.040720000000000027e+02 2.220497442414007594e+01
5.048450000000000273e+02 2.227842021291325736e+01
5.056190000000000282e+02 2.210614115534767521e+01
5.063919999999999959e+02 2.186871146082973638e+01
5.071650000000000205e+02 2.195201569002900399e+01
5.079390000000000214e+02 2.207311273521877482e+01
5.087119999999999891e+02 2.170294607693945110e+01
5.094850000000000136e+02 2.127346818383338345e+01
5.102579999999999814e+02 2.181929571007576030e+01
5.110310000000000059e+02 2.111718108362993007e+01
5.118039999999999736e+02 2.107562524016973171e+01
5.125769999999999982e+02 2.099880078245973181e+01
5.133490000000000464e+02 2.098438108041248640e+01
5.141219999999999573e+02 2.076555897400725570e+01
5.148940000000000055e+02 2.053601443748687316e+01
5.156670000000000300e+02 2.057327102865628632e+01
5.164389999999999645e+02 2.050937648344174846e+01
5.172119999999999891e+02 2.047340786371350774e+01
5.179840000000000373e+02 2.015484475638993089e+01
5.187559999999999718e+02 2.033303480534768681e+01
5.195280000000000200e+02 2.039015885911170045e+01
5.202999999999999545e+02 2.033050637025188578e+01
5.210720000000000027e+02 2.007334879258038285e+01
5.218440000000000509e+02 1.998306371694711103e+01
5.226159999999999854e+02 1.981361092875710028e+01
5.233869999999999436e+02 1.992122098753094050e+01
5.241589999999999918e+02 1.971228979110681934e+01
5.249310000000000400e+02 1.984165317084515578e+01
5.257019999999999982e+02 1.963282429022753206e+01
5.264729999999999563e+02 1.981087293170328678e+01
5.272450000000000045e+02 1.947083941681788133e+01
5.280159999999999627e+02 1.950667460115260710e+01
5.287870000000000346e+02 1.951280344855376470e+01
5.295579999999999927e+02 1.936671072890933942e+01
5.303289999999999509e+02 1.921400660246787950e+01
5.311000000000000227e+02 1.912499069147570196e+01
5.318709999999999809e+02 1.909930600571740911e+01
5.326420000000000528e+02 1.901982605581092400e+01
5.334120000000000346e+02 1.894510709553020433e+01
5.341829999999999927e+02 1.911115789818564892e+01
5.349539999999999509e+02 1.915826940172396320e+01
5.357240000000000464e+02 1.897306910208642350e+01
5.364940000000000282e+02 1.873554156779809077e+01
5.372649999999999864e+02 1.888871292599219132e+01
5.380349999999999682e+02 1.889031865615376660e+01
5.388049999999999500e+02 1.862195416873067444e+01
5.395750000000000455e+02 1.863837245386244845e+01
5.403450000000000273e+02 1.856507649683970129e+01
5.411150000000000091e+02 1.890033132690399142e+01
5.418849999999999909e+02 1.868136730346253671e+01
5.426549999999999727e+02 1.841696816279253923e+01
5.434239999999999782e+02 1.821326191053839594e+01
5.441939999999999600e+02 1.834866360058090962e+01
5.449640000000000555e+02 1.831369471987393993e+01
5.457329999999999472e+02 1.817736613164301218e+01
5.465019999999999527e+02 1.839096420284533906e+01
5.472720000000000482e+02 1.818988989641631449e+01
5.480410000000000537e+02 1.842802624372512810e+01
5.488099999999999454e+02 1.805136672262063868e+01
5.495789999999999509e+02 1.814064186807322798e+01
5.503479999999999563e+02 1.789901120480499941e+01
5.511169999999999618e+02 1.790706795018580522e+01
5.518859999999999673e+02 1.794582874647733561e+01
5.526549999999999727e+02 1.787727944260982937e+01
5.534230000000000018e+02 1.790790639260574935e+01
5.541920000000000073e+02 1.766509855358551206e+01
5.549600000000000364e+02 1.779553377707409823e+01
5.557290000000000418e+02 1.771822393487233782e+01
5.564969999999999573e+02 1.759158166909850252e+01
5.572659999999999627e+02 1.768746730840874193e+01
5.580339999999999918e+02 1.748772918634926654e+01
5.588020000000000209e+02 1.754348087300152770e+01
5.595700000000000500e+02 1.748577499258415102e+01
5.603379999999999654e+02 1.742398118491637504e+01
5.611059999999999945e+02 1.738125806891295255e+01
5.618740000000000236e+02 1.735698049413104016e+01
5.626409999999999627e+02 1.741527657299342735e+01
5.634089999999999918e+02 1.728233363480215701e+01
5.641770000000000209e+02 1.730086360645036336e+01
5.649439999999999600e+02 1.708532887828505764e+01
5.657119999999999891e+02 1.731393583338125453e+01
5.664790000000000418e+02 1.729023362256346985e+01
5.672459999999999809e+02 1.712991887210213449e+01
5.680140000000000100e+02 1.721967903874935502e+01
5.687809999999999491e+02 1.706642268437808951e+01
5.695480000000000018e+02 1.695394372652878445e+01
5.703150000000000546e+02 1.707968172046804511e+01
5.710819999999999936e+02 1.708479405847410248e+01
5.718479999999999563e+02 1.701929641232966262e+01
5.726150000000000091e+02 1.694142908720251128e+01
5.733819999999999482e+02 1.701353957097808944e+01
5.741480000000000246e+02 1.677121364298532669e+01
5.749149999999999636e+02 1.681836789197141968e+01
5.756810000000000400e+02 1.692200391114725733e+01
5.764479999999999791e+02 1.686002951708607256e+01
5.772140000000000555e+02 1.687991613194277818e+01
5.779800000000000182e+02 1.672939990163727231e+01
5.787459999999999809e+02 1.684935320567595340e+01
5.795119999999999436e+02 1.669850989920781004e+01
5.802780000000000200e+02 1.681558917091582117e+01
5.810439999999999827e+02 1.681123878477595213e+01
5.818099999999999454e+02 1.656853535556372847e+01
5.825760000000000218e+02 1.669530952457700224e+01
5.833410000000000082e+02 1.659986454392253208e+01
5.841069999999999709e+02 1.657138868570813273e+01
5.848730000000000473e+02 1.654874375411805332e+01
5.856380000000000337e+02 1.653567179446189428e+01
5.864030000000000200e+02 1.650959633731632081e+01
5.871689999999999827e+02 1.636694233725402015e+01
5.879339999999999691e+02 1.655420809640757085e+01
5.886989999999999554e+02 1.649862042817784413e+01
5.894640000000000555e+02 1.639156804381860155e+01
5.902290000000000418e+02 1.637647126225973082e+01
5.909940000000000282e+02 1.651265946403576024e+01
5.917590000000000146e+02 1.643360648323240625e+01
5.925230000000000246e+02 1.625589123841093198e+01
5.932880000000000109e+02 1.639373287423291714e+01
5.940529999999999973e+02 1.636565126687813532e+01
5.948170000000000073e+02 1.646353241728322203e+01
5.955819999999999936e+02 1.629246346537006929e+01
5.963460000000000036e+02 1.629569546050261408e+01
5.971100000000000136e+02 1.642088294700178608e+01
5.978740000000000236e+02 1.638369993679575032e+01
5.986380000000000337e+02 1.634230632752913337e+01
5.994030000000000200e+02 1.638715267010801568e+01
6.001660000000000537e+02 1.639824920606031711e+01
6.009299999999999500e+02 1.642243277202358698e+01
6.016939999999999600e+02 1.621287031082320240e+01
6.024579999999999700e+02 1.629951053491890534e+01
6.032219999999999800e+02 1.641776709830474346e+01
6.039850000000000136e+02 1.619765080414236991e+01
6.047490000000000236e+02 1.622058019119734595e+01
6.055119999999999436e+02 1.626699550021437446e+01
6.062749999999999773e+02 1.627143524702278654e+01
6.070389999999999873e+02 1.612141173253231230e+01
6.078020000000000209e+02 1.616377992117386597e+01
6.085650000000000546e+02 1.610953784143022460e+01
6.093279999999999745e+02 1.620179104137960380e+01
6.100910000000000082e+02 1.612810805230214584e+01
6.108540000000000418e+02 1.616534440110413939e+01
6.116169999999999618e+02 1.610668216993339996e+01
6.123790000000000191e+02 1.600775356967393037e+01
6.131420000000000528e+02 1.601714201063331799e+01
6.139039999999999964e+02 1.610504274447782791e+01
6.146670000000000300e+02 1.603449786441975178e+01
6.154289999999999736e+02 1.592920006363776331e+01
6.161920000000000073e+02 1.597739720856512946e+01
6.169539999999999509e+02 1.581279185940636545e+01
6.177160000000000082e+02 1.591341525791188261e+01
6.184779999999999518e+02 1.588547185436600984e+01
6.192400000000000091e+02 1.594655069901323685e+01
6.200019999999999527e+02 1.604684899272153231e+01
6.207640000000000100e+02 1.600607616485750739e+01
6.215259999999999536e+02 1.595490394653796251e+01
6.222870000000000346e+02 1.597326394223497914e+01
6.230489999999999782e+02 1.584391957129743211e+01
6.238110000000000355e+02 1.587780423573862620e+01
6.245720000000000027e+02 1.592692115089025151e+01
6.253339999999999463e+02 1.587161006505356653e+01
6.260950000000000273e+02 1.589234874225571659e+01
6.268559999999999945e+02 1.595127498815565659e+01
6.276169999999999618e+02 1.581096960418898689e+01
6.283780000000000427e+02 1.579386396488041022e+01
6.291390000000000100e+02 1.586000267249148088e+01
6.298999999999999773e+02 1.577846001975363599e+01
6.306609999999999445e+02 1.579843480201561512e+01
6.314220000000000255e+02 1.566558938058157047e+01
6.321829999999999927e+02 1.573074519477210487e+01
6.329429999999999836e+02 1.560721766811810696e+01
6.337039999999999509e+02 1.573255917662594960e+01
6.344640000000000555e+02 1.574543839075385598e+01
6.352250000000000227e+02 1.570720761848975400e+01
6.359850000000000136e+02 1.571453118571567842e+01
6.367450000000000045e+02 1.566427169388939333e+01
6.375049999999999955e+02 1.551330373324376843e+01
6.382649999999999864e+02 1.564711238125332748e+01
6.390249999999999773e+02 1.567939301897287585e+01
6.397849999999999682e+02 1.561693461221513779e+01
6.405449999999999591e+02 1.570242448176013461e+01
6.413049999999999500e+02 1.564167993421978231e+01
6.420650000000000546e+02 1.562344544800463986e+01
6.428239999999999554e+02 1.563324889981542931e+01
6.435839999999999463e+02 1.566507180879951733e+01
6.443429999999999609e+02 1.570427416970973056e+01
6.451029999999999518e+02 1.569568921103591030e+01
6.458619999999999663e+02 1.567770823373697375e+01
6.466209999999999809e+02 1.565643026921787850e+01
6.473799999999999955e+02 1.568287552858786960e+01
6.481390000000000100e+02 1.569989656443549286e+01
6.488980000000000246e+02 1.578893596661820453e+01
6.496570000000000391e+02 1.565691774997201691e+01
6.504160000000000537e+02 1.568335168456299478e+01
6.511749999999999545e+02 1.572943674886979970e+01
6.519339999999999691e+02 1.574800577404674407e+01
6.526920000000000073e+02 1.576548629928508305e+01
6.534510000000000218e+02 1.577790994560060511e+01
6.542089999999999463e+02 1.563839110318917136e+01
6.549679999999999609e+02 1.566613279913941525e+01
6.557259999999999991e+02 1.577078938856564427e+01
6.564840000000000373e+02 1.575339037215875670e+01
6.572419999999999618e+02 1.565259231422218633e+01
6.580000000000000000e+02 1.577608367201075978e+01
6.587580000000000382e+02 1.572577194617063157e+01
6.595159999999999627e+02 1.568003670316831411e+01
6.602740000000000009e+02 1.578568212288470463e+01
6.610320000000000391e+02 1.573091510111748725e+01
6.617889999999999873e+02 1.580188726300460722e+01
6.625470000000000255e+02 1.570395152317699683e+01
6.633039999999999736e+02 1.566055072378255630e+01
6.640620000000000118e+02 1.571640515650987346e+01
6.648189999999999600e+02 1.575342689452187983e+01
6.655769999999999982e+02 1.576854128883870487e+01
6.663339999999999463e+02 1.572828524400805961e+01
6.670910000000000082e+02 1.575494957205164326e+01
6.678479999999999563e+02 1.568134451948990638e+01
6.686050000000000182e+02 1.572478316372685292e+01
6.693619999999999663e+02 1.579599391121166185e+01
6.701190000000000282e+02 1.577553170437701624e+01
6.708750000000000000e+02 1.575600908478315709e+01
6.716319999999999482e+02 1.584306685210897570e+01
6.723890000000000100e+02 1.576780994719837636e+01
6.731449999999999818e+02 1.573589373256414881e+01
6.739020000000000437e+02 1.585652127937573574e+01
6.746580000000000155e+02 1.581146172512718096e+01
6.754139999999999873e+02 1.590865708464861861e+01
6.761699999999999591e+02 1.588714403036156320e+01
6.769260000000000446e+02 1.585536192832164559e+01
6.776829999999999927e+02 1.578149944689925732e+01
6.784379999999999882e+02 1.585358850506525741e+01
6.791939999999999600e+02 1.591177215222370656e+01
6.799500000000000455e+02 1.590391176194547640e+01
6.807060000000000173e+02 1.585157474435774994e+01
6.814619999999999891e+02 1.591485143754149689e+01
6.822169999999999845e+02 1.594167995315872588e+01
6.829729999999999563e+02 1.600756347159885351e+01
6.837279999999999518e+02 1.601059316702782453e+01
6.844829999999999472e+02 1.598771406378670612e+01
6.852390000000000327e+02 1.603656467756555060e+01
6.859940000000000282e+02 1.606236517501596595e+01
6.867490000000000236e+02 1.606443401778613733e+01
6.875040000000000191e+02 1.611356206085349285e+01
6.882590000000000146e+02 1.600651088928354682e+01
6.890140000000000100e+02 1.616077060345227423e+01
6.897690000000000055e+02 1.612476179474525750e+01
6.905230000000000246e+02 1.614014455399864190e+01
6.912780000000000200e+02 1.612478929908537850e+01
6.920320000000000391e+02 1.613830860830664804e+01
6.927870000000000346e+02 1.629563011828786756e+01
6.935410000000000537e+02 1.620779900001600637e+01
6.942960000000000491e+02 1.626904728520814913e+01
6.950499999999999545e+02 1.625513610610212467e+01
6.958039999999999736e+02 1.624892217043281661e+01
6.965579999999999927e+02 1.626568377835483403e+01
6.973120000000000118e+02 1.631855506281325674e+01
6.980660000000000309e+02 1.631806269192109937e+01
6.988200000000000500e+02 1.637647094929086578e+01
6.995739999999999554e+02 1.650712874687263820e+01
7.003279999999999745e+02 1.634736378539621882e+01
7.010810000000000173e+02 1.643319140435183456e+01
7.018350000000000364e+02 1.654859750715154476e+01
7.025879999999999654e+02 1.652464650276132119e+01
7.033419999999999845e+02 1.647346128232962670e+01
7.040950000000000273e+02 1.652276489678410343e+01
7.048479999999999563e+02 1.658553127932696825e+01
7.056009999999999991e+02 1.658681542891839200e+01
7.063540000000000418e+02 1.657080269913130977e+01
7.071069999999999709e+02 1.661119214362967256e+01
7.078600000000000136e+02 1.662107902475826648e+01
7.086130000000000564e+02 1.663839663102239186e+01
7.093659999999999854e+02 1.673033910308435424e+01
7.101190000000000282e+02 1.662127003605836961e+01
7.108709999999999809e+02 1.668448613584607187e+01
7.116240000000000236e+02 1.674001762122367154e+01
7.123759999999999764e+02 1.674907363216948397e+01
7.131290000000000191e+02 1.680991028693178180e+01
7.138809999999999718e+02 1.684020910599105036e+01
7.146330000000000382e+02 1.679216990307791946e+01
7.153849999999999909e+02 1.672625223037670850e+01
7.161369999999999436e+02 1.672028222594565605e+01
7.168890000000000100e+02 1.684524783000362547e+01
7.176409999999999627e+02 1.682261903019760396e+01
7.183930000000000291e+02 1.695038623128708721e+01
7.191449999999999818e+02 1.688728078111896025e+01
7.198970000000000482e+02 1.686068119838227375e+01
7.206480000000000246e+02 1.708139737694414961e+01
7.213999999999999773e+02 1.697966945778766856e+01
7.221509999999999536e+02 1.702743758033210497e+01
7.229030000000000200e+02 1.709192085848826181e+01
7.236539999999999964e+02 1.698830878334824135e+01
7.244049999999999727e+02 1.689997960630424956e+01
7.251559999999999491e+02 1.710704362144996438e+01
7.259070000000000391e+02 1.699728585968391670e+01
7.266580000000000155e+02 1.709136109581382001e+01
7.274089999999999918e+02 1.712662647501243995e+01
7.281599999999999682e+02 1.696042800057051636e+01
7.289109999999999445e+02 1.707097425484957398e+01
7.296609999999999445e+02 1.707358577695808322e+01
7.304120000000000346e+02 1.694517223722295540e+01
7.311620000000000346e+02 1.697907429199934271e+01
7.319130000000000109e+02 1.701848772812090616e+01
7.326630000000000109e+02 1.696908330007135390e+01
7.334139999999999873e+02 1.694067862785422562e+01
7.341639999999999873e+02 1.691042648892404543e+01
7.349139999999999873e+02 1.689184604546021617e+01
7.356639999999999873e+02 1.688073750309819587e+01
7.364139999999999873e+02 1.693113353872632842e+01
7.371639999999999873e+02 1.704357609177580457e+01
7.379139999999999873e+02 1.699140197585645140e+01
7.386630000000000109e+02 1.696571411668698204e+01
7.394130000000000109e+02 1.701219308933950103e+01
7.401630000000000109e+02 1.702445083600686004e+01
7.409120000000000346e+02 1.689957898234789013e+01
7.416609999999999445e+02 1.711528913479693159e+01
7.424109999999999445e+02 1.696114586069821684e+01
7.431599999999999682e+02 1.696834638923767358e+01
7.439089999999999918e+02 1.704705145380074072e+01
7.446580000000000155e+02 1.711397850348745209e+01
7.454070000000000391e+02 1.696179906533714288e+01
7.461559999999999491e+02 1.696265966823316873e+01
7.469049999999999727e+02 1.700030643607700043e+01
7.476539999999999964e+02 1.703257963584514556e+01
7.484030000000000200e+02 1.695612189246593715e+01
7.491509999999999536e+02 1.696409929306289399e+01
7.498999999999999773e+02 1.699373772475560784e+01
7.506480000000000246e+02 1.682334035823328122e+01
7.513970000000000482e+02 1.697369755594562690e+01
7.521449999999999818e+02 1.683178904681251353e+01
7.528930000000000291e+02 1.692555013146388632e+01
7.536420000000000528e+02 1.681971901680601533e+01
7.543899999999999864e+02 1.681009229428585883e+01
7.551380000000000337e+02 1.676356656069433271e+01
7.558859999999999673e+02 1.676673993597137979e+01
7.566340000000000146e+02 1.675756244685259944e+01
7.573809999999999718e+02 1.676524096341019998e+01
7.581290000000000191e+02 1.678373071470441147e+01
7.588769999999999527e+02 1.674273039117685258e+01
7.596240000000000236e+02 1.681459316903887569e+01
7.603719999999999573e+02 1.677388553800875215e+01
7.611190000000000282e+02 1.676391956111736192e+01
7.618659999999999854e+02 1.670441737135578109e+01
7.626140000000000327e+02 1.664377502293609723e+01
7.633609999999999900e+02 1.673359087541233947e+01
7.641079999999999472e+02 1.675350570289997876e+01
7.648550000000000182e+02 1.671530338620369704e+01
7.656019999999999754e+02 1.673012560908212620e+01
7.663490000000000464e+02 1.681031349001390041e+01
7.670950000000000273e+02 1.676387218523737133e+01
7.678419999999999845e+02 1.680580728835399995e+01
7.685890000000000555e+02 1.670574019353572837e+01
7.693350000000000364e+02 1.671906757640499563e+01
7.700819999999999936e+02 1.682565355836059595e+01
7.708279999999999745e+02 1.676497680415475955e+01
7.715739999999999554e+02 1.672736489566273832e+01
7.723210000000000264e+02 1.679445872271565321e+01
7.730670000000000073e+02 1.676347435243630102e+01
7.738129999999999882e+02 1.681041916327865593e+01
7.745589999999999691e+02 1.692728977134816404e+01
7.753049999999999500e+02 1.689530683768245467e+01
7.760510000000000446e+02 1.689418718090290739e+01
7.767960000000000491e+02 1.683684332453563570e+01
7.775420000000000300e+02 1.688397412000560038e+01
7.782880000000000109e+02 1.698510371074336689e+01
7.790330000000000155e+02 1.702927840778452051e+01
7.797789999999999964e+02 1.697130750617683148e+01
7.805240000000000009e+02 1.699115807598703043e+01
7.812690000000000055e+02 1.705736774377400522e+01
7.820149999999999864e+02 1.712665213864055502e+01
7.827599999999999909e+02 1.717832140541505836e+01
7.835049999999999955e+02 1.708337268631336769e+01
7.842500000000000000e+02 1.713205276841145519e+01
7.849950000000000045e+02 1.713977858001709009e+01
7.857390000000000327e+02 1.715893967557246924e+01
7.864840000000000373e+02 1.733147573958722987e+01
7.872290000000000418e+02 1.733909725134467905e+01
7.879729999999999563e+02 1.735005755119396298e+01
7.887179999999999609e+02 1.741134102403393413e+01
7.894619999999999891e+02 1.734967016567718190e+01
7.902069999999999936e+02 1.742823622461763833e+01
7.909510000000000218e+02 1.752317431168510709e+01
7.916950000000000500e+02 1.754697349571096865e+01
7.924389999999999645e+02 1.767626748649799140e+01
7.931829999999999927e+02 1.765434325729916409e+01
7.939270000000000209e+02 1.761677329871399067e+01
7.946710000000000491e+02 1.774395367528146039e+01
7.954149999999999636e+02 1.778039778876953747e+01
7.961589999999999918e+02 1.783445730305463783e+01
7.969020000000000437e+02 1.789521247967541484e+01
7.976459999999999582e+02 1.786009989621088323e+01
7.983890000000000100e+02 1.782872585086309414e+01
7.991330000000000382e+02 1.787469257762221986e+01
7.998759999999999764e+02 1.799311067029061562e+01
8.006190000000000282e+02 1.817331940892990616e+01
8.013630000000000564e+02 1.804851125034588932e+01
8.021059999999999945e+02 1.806203704000431998e+01
8.028490000000000464e+02 1.803097382422470218e+01
8.035919999999999845e+02 1.812396770472007290e+01
8.043350000000000364e+02 1.833788130378534120e+01
8.050769999999999982e+02 1.841565608175792690e+01
8.058200000000000500e+02 1.850470229473872052e+01
8.065629999999999882e+02 1.843274422463662532e+01
8.073049999999999500e+02 1.835263449338780006e+01
8.080480000000000018e+02 1.849470416423796237e+01
8.087899999999999636e+02 1.856343854026600937e+01
8.095330000000000155e+02 1.860400466625801386e+01
8.102749999999999773e+02 1.865681241459715167e+01
8.110170000000000528e+02 1.862490096281959140e+01
8.117590000000000146e+02 1.859060797583624236e+01
8.125009999999999764e+02 1.873349420243662422e+01
8.132430000000000518e+02 1.885308060596003443e+01
8.139850000000000136e+02 1.901770873354602287e+01
8.147269999999999754e+02 1.905070775981693387e+01
8.154679999999999609e+02 1.887308575264131250e+01
8.162100000000000364e+02 1.890703604950166294e+01
8.169510000000000218e+02 1.901355420074028757e+01
8.176929999999999836e+02 1.909493085621246422e+01
8.184339999999999691e+02 1.912781289131451601e+01
8.191760000000000446e+02 1.923266232929719166e+01
8.199170000000000300e+02 1.913225113065172067e+01
8.206580000000000155e+02 1.909070242898457437e+01
8.213990000000000009e+02 1.908183602537001278e+01
8.221399999999999864e+02 1.926873427135165429e+01
8.228809999999999718e+02 1.939054537477164430e+01
8.236219999999999573e+02 1.946968224602213837e+01
8.243630000000000564e+02 1.939421330283619938e+01
8.251029999999999518e+02 1.929079961323495951e+01
8.258440000000000509e+02 1.930337466716915173e+01
8.265839999999999463e+02 1.941007693622471209e+01
8.273250000000000455e+02 1.958616642638626004e+01
8.280650000000000546e+02 1.967117155702160858e+01
8.288049999999999500e+02 1.968116721467125529e+01
8.295460000000000491e+02 1.963830039888379630e+01
8.302859999999999445e+02 1.952716368536408353e+01
8.310259999999999536e+02 1.956882848878576198e+01
8.317659999999999627e+02 1.969071416996581547e+01
8.325059999999999718e+02 1.987234673866172230e+01
8.332459999999999809e+02 1.982109321775079991e+01
8.339850000000000136e+02 1.980698585675997592e+01
8.347250000000000227e+02 1.980559176324689119e+01
8.354650000000000318e+02 1.965808723356830257e+01
8.362039999999999509e+02 1.980677197460325445e+01
8.369439999999999600e+02 1.997349334580736624e+01
8.376829999999999927e+02 1.997603522307230861e+01
8.384220000000000255e+02 2.007810333968652472e+01
8.391609999999999445e+02 2.000678779423877529e+01
8.398999999999999773e+02 1.995720772973957935e+01
8.406390000000000100e+02 1.998210656894378090e+01
8.413780000000000427e+02 2.013273431367708000e+01
8.421169999999999618e+02 2.018979905352521342e+01
8.428559999999999945e+02 2.029758395209331212e+01
8.435950000000000273e+02 2.029657491200044817e+01
8.443339999999999463e+02 2.010648872905358076e+01
8.450720000000000027e+02 2.007656079598119092e+01
8.458110000000000355e+02 2.012870776951691454e+01
8.465489999999999782e+02 2.020415906463253819e+01
8.472870000000000346e+02 2.043641650709545132e+01
8.480259999999999536e+02 2.058081289896387034e+01
8.487640000000000100e+02 2.050527770293192376e+01
8.495019999999999527e+02 2.037019363657190496e+01
8.502400000000000091e+02 2.038293252560380608e+01
8.509779999999999518e+02 2.044245207858873670e+01
8.517160000000000082e+02 2.049888091525445333e+01
8.524529999999999745e+02 2.071110938160304116e+01
8.531910000000000309e+02 2.085033993740043812e+01
8.539289999999999736e+02 2.066548404908228775e+01
8.546660000000000537e+02 2.062121267013677084e+01
8.554039999999999964e+02 2.054940947790730021e+01
8.561409999999999627e+02 2.055152771898118047e+01
8.568790000000000191e+02 2.072607929380681213e+01
8.576159999999999854e+02 2.097075690703905337e+01
8.583529999999999518e+02 2.101012065937722184e+01
8.590900000000000318e+02 2.106804583003028952e+01
8.598269999999999982e+02 2.091213219221734221e+01
8.605639999999999645e+02 2.080131010839164318e+01
8.613010000000000446e+02 2.077209647816264493e+01
8.620380000000000109e+02 2.097358942739749921e+01
8.627740000000000009e+02 2.115562890334139468e+01
8.635109999999999673e+02 2.121036345790902544e+01
8.642469999999999573e+02 2.137782565501510845e+01
8.649840000000000373e+02 2.108966807749141736e+01
8.657200000000000273e+02 2.098254573331865558e+01
8.664569999999999936e+02 2.104856876172430091e+01
8.671929999999999836e+02 2.134039998498837321e+01
8.679289999999999736e+02 2.137034540220171763e+01
8.686649999999999636e+02 2.151890144758394285e+01
8.694009999999999536e+02 2.154994049094738529e+01
8.701369999999999436e+02 2.141755774667193535e+01
8.708730000000000473e+02 2.142887752851116900e+01
8.716079999999999472e+02 2.138543704712672877e+01
8.723440000000000509e+02 2.149214248514654102e+01
8.730800000000000409e+02 2.180820280971370906e+01
8.738150000000000546e+02 2.198131942100745917e+01
8.745510000000000446e+02 2.217839700669137315e+01
8.752859999999999445e+02 2.209515425391177246e+01
8.760209999999999582e+02 2.195519327710320923e+01
8.767569999999999482e+02 2.189501985122207017e+01
8.774919999999999618e+02 2.186315406780887116e+01
8.782269999999999754e+02 2.211470947373980778e+01
8.789619999999999891e+02 2.226849223807557365e+01
8.796970000000000027e+02 2.262048866448887097e+01
8.804310000000000400e+02 2.242728579148244350e+01
8.811660000000000537e+02 2.231831617951065283e+01
8.819009999999999536e+02 2.222696090064140506e+01
8.826349999999999909e+02 2.222025426932164649e+01
8.833700000000000045e+02 2.224490726376933480e+01
8.841040000000000418e+02 2.249277315736513572e+01
8.848390000000000555e+02 2.263940424593785394e+01
8.855729999999999791e+02 2.287585526230380140e+01
8.863070000000000164e+02 2.266575626709943236e+01
8.870410000000000537e+02 2.253829164773517491e+01
8.877749999999999773e+02 2.243650612166191038e+01
8.885090000000000146e+02 2.252543791096510262e+01
8.892430000000000518e+02 2.259999523448489001e+01
8.899769999999999754e+02 2.277149027531893921e+01
8.907110000000000127e+02 2.305255386777258764e+01
8.914439999999999600e+02 2.317733293222705981e+01
8.921779999999999973e+02 2.305128472244689775e+01
8.929109999999999445e+02 2.300369644707426886e+01
8.936449999999999818e+02 2.292033298943736597e+01
8.943780000000000427e+02 2.293239090098672861e+01
8.951109999999999900e+02 2.315405385835025953e+01
8.958440000000000509e+02 2.339938316297503107e+01
8.965769999999999982e+02 2.362815008633333846e+01
8.973099999999999454e+02 2.361434904771692445e+01
8.980430000000000064e+02 2.356357780844125571e+01
8.987759999999999536e+02 2.346759585474357834e+01
8.995090000000000146e+02 2.347522261927570852e+01
9.002419999999999618e+02 2.348597141968197732e+01
9.009740000000000464e+02 2.362178996297460642e+01
9.017069999999999936e+02 2.392320519659505962e+01
9.024389999999999645e+02 2.413710110722361435e+01
9.031720000000000255e+02 2.421051191825251436e+01
9.039039999999999964e+02 2.414750966902629870e+01
9.046359999999999673e+02 2.416945783026974937e+01
9.053680000000000518e+02 2.396874253301204050e+01
9.061000000000000227e+02 2.401375988420208785e+01
9.068319999999999936e+02 2.414583545933167130e+01
9.075639999999999645e+02 2.438874319897749032e+01
9.082960000000000491e+02 2.464425821283887785e+01
9.090280000000000200e+02 2.480572253715432396e+01
9.097599999999999909e+02 2.473168006044241096e+01
9.104909999999999854e+02 2.470695233633343690e+01
9.112229999999999563e+02 2.466324299060396896e+01
9.119539999999999509e+02 2.462314568531817827e+01
9.126860000000000355e+02 2.485151717350155920e+01
9.134170000000000300e+02 2.503237663315182715e+01
9.141480000000000246e+02 2.516391541659614361e+01
9.148790000000000191e+02 2.527457182513710521e+01
9.156100000000000136e+02 2.539479359410371373e+01
9.163410000000000082e+02 2.538342865005851934e+01
9.170720000000000027e+02 2.542914015560567620e+01
9.178029999999999973e+02 2.552125780114096898e+01
9.185339999999999918e+02 2.552483655618897629e+01
9.192640000000000100e+02 2.566375159880283263e+01
9.199950000000000045e+02 2.582689284553132936e+01
9.207250000000000227e+02 2.603848087962952107e+01
9.214560000000000173e+02 2.632384228213856048e+01
9.221860000000000355e+02 2.645897404299753219e+01
9.229160000000000537e+02 2.644879459592154802e+01
9.236470000000000482e+02 2.653367474891423328e+01
9.243769999999999527e+02 2.664801425036033677e+01
9.251069999999999709e+02 2.691267957001939948e+01
9.258369999999999891e+02 2.706223826120830367e+01
9.265670000000000073e+02 2.738162776694298017e+01
9.272960000000000491e+02 2.775054135163415125e+01
9.280259999999999536e+02 2.789310993036713882e+01
9.287559999999999718e+02 2.803119269570849426e+01
9.294850000000000136e+02 2.822529016137207947e+01
9.302150000000000318e+02 2.843459122143328344e+01
9.309439999999999600e+02 2.861049634856831503e+01
9.316730000000000018e+02 2.885210653080087440e+01
9.324030000000000200e+02 2.908664927635504682e+01
9.331319999999999482e+02 2.964487880353917149e+01
9.338609999999999900e+02 3.005249036880713831e+01
9.345900000000000318e+02 3.043745881595785363e+01
9.353189999999999600e+02 3.100843207444422234e+01
9.360480000000000018e+02 3.143506710021578954e+01
9.367770000000000437e+02 3.200604924688446573e+01
9.375049999999999955e+02 3.277183729139829893e+01
9.382340000000000373e+02 3.363882329272840366e+01
9.389619999999999891e+02 3.452579435146289200e+01
9.396910000000000309e+02 3.509306516717865065e+01
9.404189999999999827e+02 3.585745787782183669e+01
9.411480000000000246e+02 3.666391368414796403e+01
9.418759999999999764e+02 3.697699846373504329e+01
9.426040000000000418e+02 3.717326275733957885e+01
9.433319999999999936e+02 3.763283300828901901e+01
9.440599999999999454e+02 3.795349393686601047e+01
9.447880000000000109e+02 3.787566824407008426e+01
9.455159999999999627e+02 3.767846408760968302e+01
9.462430000000000518e+02 3.789203911698780303e+01
9.469710000000000036e+02 3.766340857773809603e+01
9.476989999999999554e+02 3.764652723317225735e+01
9.484260000000000446e+02 3.744910106824542595e+01
9.491539999999999964e+02 3.700256791303106496e+01
9.498809999999999718e+02 3.682200766472411857e+01
9.506079999999999472e+02 3.661050692526424655e+01
9.513360000000000127e+02 3.641753306355364117e+01
9.520629999999999882e+02 3.613534328697585352e+01
9.527899999999999636e+02 3.602712626541475061e+01
9.535170000000000528e+02 3.573893184072667140e+01
9.542440000000000282e+02 3.571096032527142228e+01
9.549700000000000273e+02 3.554564691204258509e+01
9.556970000000000027e+02 3.548407338620149432e+01
9.564239999999999782e+02 3.547444210303725498e+01
9.571499999999999773e+02 3.524659718740973346e+01
9.578769999999999527e+02 3.537454144049085158e+01
9.586029999999999518e+02 3.515329237431402021e+01
9.593300000000000409e+02 3.501505812118392669e+01
9.600560000000000400e+02 3.528137037869671389e+01
9.607820000000000391e+02 3.509178473228606521e+01
9.615080000000000382e+02 3.511971568475552630e+01
9.622340000000000373e+02 3.508330086104772505e+01
9.629600000000000364e+02 3.521905533216511230e+01
9.636860000000000355e+02 3.517116582938808023e+01
9.644120000000000346e+02 3.540476457784384223e+01
9.651369999999999436e+02 3.554944058308076649e+01
9.658630000000000564e+02 3.563229727787167889e+01
9.665890000000000555e+02 3.586994332015411402e+01
9.673139999999999645e+02 3.596135715251529064e+01
9.680399999999999636e+02 3.606595757309067807e+01
9.687649999999999864e+02 3.614607455331309893e+01
9.694900000000000091e+02 3.630682186651797139e+01
9.702150000000000318e+02 3.637389703104226868e+01
9.709400000000000546e+02 3.685658704265024710e+01
9.716649999999999636e+02 3.683458515913536502e+01
9.723899999999999864e+02 3.698705114157859697e+01
9.731150000000000091e+02 3.734014444881701422e+01
9.738400000000000318e+02 3.718557548236596233e+01
9.745650000000000546e+02 3.750424505456972213e+01
9.752889999999999873e+02 3.782020403446198031e+01
9.760140000000000100e+02 3.795443606823531013e+01
9.767380000000000564e+02 3.824367451236766868e+01
9.774629999999999654e+02 3.874818007877114212e+01
9.781870000000000118e+02 3.867734939818129192e+01
9.789109999999999445e+02 3.889483243252490752e+01
9.796349999999999909e+02 3.931418743267863647e+01
9.803590000000000373e+02 3.976849827641058965e+01
9.810829999999999700e+02 3.981990052422258231e+01
9.818070000000000164e+02 3.996857418964114572e+01
9.825309999999999491e+02 4.037902872327433101e+01
9.832549999999999955e+02 4.068935552203222983e+01
9.839779999999999518e+02 4.125074827344412398e+01
9.847019999999999982e+02 4.166501525615522894e+01
9.854249999999999545e+02 4.195324253569221185e+01
9.861490000000000009e+02 4.255673687413111850e+01
9.868719999999999573e+02 4.295779625314447969e+01
9.875960000000000036e+02 4.383264575258068163e+01
9.883189999999999600e+02 4.399595926617883634e+01
9.890420000000000300e+02 4.437768094836869182e+01
9.897649999999999864e+02 4.459863498997536624e+01
9.904880000000000564e+02 4.486705539436476187e+01
9.912110000000000127e+02 4.527559217055660667e+01
9.919339999999999691e+02 4.563521838331094926e+01
9.926559999999999491e+02 4.623694023780549145e+01
9.933790000000000191e+02 4.651839725812623527e+01
9.941009999999999991e+02 4.652052355923054705e+01
9.948239999999999554e+02 4.723252651279980796e+01
9.955460000000000491e+02 4.714810522829965578e+01
9.962690000000000055e+02 4.703752660851433376e+01
9.969909999999999854e+02 4.739157522866135963e+01
9.977129999999999654e+02 4.775803591489083288e+01
9.984349999999999454e+02 4.794232215879161885e+01
9.991570000000000391e+02 4.843211755747651637e+01
9.998790000000000191e+02 4.855817427891911819e+01
1.000600999999999999e+03 4.925603350586931839e+01
1.001322999999999979e+03 4.947719447206362275e+01
1.002043999999999983e+03 4.958857663887539502e+01
1.002765999999999963e+03 4.982288017159704197e+01
1.003488000000000056e+03 5.000823353210000732e+01
1.004208999999999946e+03 5.077439479199551897e+01
1.004929999999999950e+03 5.027590476558231103e+01
1.005652000000000044e+03 5.115823918487460276e+01
1.006373000000000047e+03 5.158307207549953688e+01
1.007094000000000051e+03 5.206129840907731676e+01
1.007815000000000055e+03 5.288617513934931935e+01
1.008535999999999945e+03 5.337538876957523115e+01
1.009256999999999948e+03 5.428326535078105053e+01
1.009977999999999952e+03 5.442846874132339252e+01
1.010698999999999955e+03 5.492397162568117608e+01
1.011418999999999983e+03 5.498884173505683037e+01
1.012139999999999986e+03 5.571905171626439568e+01
1.012860999999999990e+03 5.651508676598975711e+01
1.013581000000000017e+03 5.669550352242297464e+01
1.014301000000000045e+03 5.801292116992192405e+01
1.015022000000000048e+03 5.876055703885618442e+01
1.015741999999999962e+03 5.927111620433132799e+01
1.016461999999999989e+03 6.051990108016435244e+01
1.017182000000000016e+03 6.110478596054665701e+01
1.017902000000000044e+03 6.176535359864091390e+01
1.018621999999999957e+03 6.268757177294704519e+01
1.019341999999999985e+03 6.349476078641210819e+01
1.020061000000000035e+03 6.400143094865823912e+01
1.020780999999999949e+03 6.472192563920354758e+01
1.021500999999999976e+03 6.566004666825860170e+01
1.022220000000000027e+03 6.710302101512996842e+01
1.022940000000000055e+03 6.751191916909023405e+01
1.023658999999999992e+03 6.835212323334346252e+01
1.024377999999999929e+03 7.015659011140232337e+01
1.025096999999999980e+03 7.123325610207085390e+01
1.025816000000000031e+03 7.141290574557696402e+01
1.026535000000000082e+03 7.197702132063346880e+01
1.027253999999999905e+03 7.309663539066215776e+01
1.027972999999999956e+03 7.457960989823676812e+01
1.028692000000000007e+03 7.631423823275332552e+01
1.029411000000000058e+03 7.775120390664187653e+01
1.030128999999999905e+03 7.851860275903968045e+01
1.030847999999999956e+03 8.011510982579584095e+01
1.031566000000000031e+03 8.133957810664904287e+01
1.032285000000000082e+03 8.250527879237039031e+01
1.033002999999999929e+03 8.452091022200488624e+01
1.033721000000000004e+03 8.579046931321711611e+01
1.034439000000000078e+03 8.657726813339195360e+01
1.035157999999999902e+03 8.824142603313268296e+01
1.035875999999999976e+03 8.987483265157693779e+01
1.036593000000000075e+03 9.156642466402237801e+01
1.037310999999999922e+03 9.342949250470326206e+01
1.038028999999999996e+03 9.583753230007741308e+01
1.038747000000000071e+03 9.777488268387783421e+01
1.039463999999999942e+03 9.977728605115146365e+01
1.040182000000000016e+03 1.004775792119604745e+02
1.040898999999999887e+03 1.024905860208089337e+02
1.041616999999999962e+03 1.054539020113456047e+02
1.042334000000000060e+03 1.052531891384762162e+02
1.043050999999999931e+03 1.081595308713798289e+02
1.043768000000000029e+03 1.103564251098272138e+02
1.044484999999999900e+03 1.141885074890675895e+02
1.045201999999999998e+03 1.152322978984745561e+02
1.045919000000000096e+03 1.191992984602941874e+02
1.046635999999999967e+03 1.213856360380924997e+02
1.047353000000000065e+03 1.226419352607783821e+02
1.048068999999999960e+03 1.253643988843385273e+02
1.048786000000000058e+03 1.293884280808953804e+02
1.049502999999999929e+03 1.312404812212551519e+02
1.050219000000000051e+03 1.365477018935794433e+02
1.050934999999999945e+03 1.405777873237884137e+02
1.051652000000000044e+03 1.424785799282967957e+02
1.052367999999999938e+03 1.456388997982269586e+02
1.053084000000000060e+03 1.498666527846162069e+02
1.053799999999999955e+03 1.531217185973382868e+02
1.054516000000000076e+03 1.578309283949176915e+02
1.055231999999999971e+03 1.613850905978775359e+02
1.055946999999999889e+03 1.694654677818559207e+02
1.056663000000000011e+03 1.725698987578448680e+02
1.057378999999999905e+03 1.739503559422324770e+02
1.058094000000000051e+03 1.783186635001503078e+02
1.058809999999999945e+03 1.815672493974977897e+02
1.059525000000000091e+03 1.866181738515572022e+02
1.060240999999999985e+03 1.980997058199826029e+02
1.060955999999999904e+03 2.013740087456366155e+02
1.061671000000000049e+03 2.038366301854422034e+02
1.062385999999999967e+03 2.117018682411303701e+02
1.063101000000000113e+03 2.130978833961451357e+02
1.063816000000000031e+03 2.262958152603427493e+02
